step	level	max error	mean error	time
0	0	0.00274344	0.00048879	0.058029	2
0	0	0.00343467	0.000454405	0.116988	4
0	0	0.00173599	0.000216288	0.184003	6
0	0	0.00266026	0.000449262	0.259989	8
0	0	0.00172838	0.000301289	0.344998	10
0	0	0.00423485	0.000537701	0.437999	12
0	0	0.00243159	0.000237567	0.54699	14
0	0	0.000987921	0.000162944	0.654999	16
0	0	0.00088053	0.000132181	0.759989	18
0	0	0.000868672	0.000142411	0.872988	20
0	0	0.000865303	0.000115414	0.992988	22
0	0	0.000766688	0.000111509	1.11399	24
0	0	0.000803702	0.000101944	1.24103	26
0	0	0.000536024	7.35889e-005	1.37099	28
0	0	0.00080759	7.79209e-005	1.50999	30
0	0	0.000332282	6.07599e-005	1.66102	32
0	0	0.000401173	6.1865e-005	1.81499	34
0	0	0.000325693	5.8157e-005	1.97199	36
0	0	0.000302604	4.70678e-005	2.13199	38
0	0	0.000329632	3.98447e-005	2.30299	40
0	0	0.000199402	3.19227e-005	2.49299	42
0	0	0.000197066	2.72734e-005	2.688	44
0	0	0.000150743	2.34422e-005	2.88499	46
0	0	0.000156702	2.08796e-005	3.08599	48
0	0	0.000130859	2.12893e-005	3.28803	50
0	0	0.000124892	1.87102e-005	3.48599	52
0	0	0.000174525	1.69882e-005	3.69999	54
0	0	0.000110574	1.52855e-005	3.92999	56
0	0	9.19113e-005	1.39112e-005	4.15603	58
0	0	9.18042e-005	1.28626e-005	4.40199	60
0	0	8.46281e-005	1.02661e-005	4.64102	62
0	0	8.85411e-005	9.73526e-006	4.87499	64
0	0	9.13679e-005	9.1795e-006	5.12099	66
0	0	7.29655e-005	8.08049e-006	5.37599	68
0	0	6.33339e-005	7.22075e-006	5.64899	70
0	0	5.88458e-005	6.77082e-006	5.91603	72
0	0	4.32492e-005	5.9298e-006	6.19399	74
0	0	3.4642e-005	5.46191e-006	6.47803	76
0	0	4.76168e-005	5.22807e-006	6.75899	78
0	0	3.33446e-005	5.01455e-006	7.05999	80
0	0	3.17555e-005	4.78483e-006	7.36499	82
0	0	3.1665e-005	4.21382e-006	7.67298	84
0	0	2.82498e-005	3.84076e-006	7.99004	86
0	0	2.50733e-005	3.39472e-006	8.31303	88
0	0	2.54578e-005	3.24997e-006	8.63502	90
0	0	2.47849e-005	2.94597e-006	8.96698	92
0	0	2.41731e-005	2.73801e-006	9.30703	94
0	0	2.17297e-005	2.41246e-006	9.64702	96
0	0	2.05346e-005	2.26182e-006	10.007	98
0	0	1.67457e-005	2.04846e-006	10.37	100
0	0	1.76462e-005	1.875e-006	10.74	102
0	0	1.58454e-005	1.7057e-006	11.118	104
0	0	1.40804e-005	1.58787e-006	11.503	106
0	0	1.26062e-005	1.49174e-006	11.895	108
0	0	1.12848e-005	1.46129e-006	12.292	110
0	0	9.63923e-006	1.34591e-006	12.709	112
0	0	9.45265e-006	1.30311e-006	13.114	114
0	0	8.98862e-006	1.26603e-006	13.529	116
0	0	8.97542e-006	1.21528e-006	13.964	118
0	0	8.70193e-006	1.07242e-006	14.409	120
0	0	8.29082e-006	1.0142e-006	14.856	122
0	0	7.43004e-006	9.42586e-007	15.33	124
0	0	1.05295e-005	8.9324e-007	15.781	126
0	0	6.43419e-006	8.47417e-007	16.243	128
0	0	6.36031e-006	7.74493e-007	16.721	130
0	0	6.61568e-006	7.48673e-007	17.199	132
0	0	9.62595e-006	7.36132e-007	17.686	134
0	0	9.79081e-006	6.79244e-007	18.184	136
0	0	8.11275e-006	6.66623e-007	18.722	138
0	0	5.68921e-006	6.19299e-007	19.27	140
0	0	5.51349e-006	5.97832e-007	19.847	142
0	0	4.96428e-006	5.76733e-007	20.402	144
0	0	4.4069e-006	5.58209e-007	20.966	146
0	0	4.64036e-006	5.18282e-007	21.55	148
0	0	4.12543e-006	4.98095e-007	22.132	150
0	0	4.03239e-006	4.83521e-007	22.732	152
0	0	3.83697e-006	4.74069e-007	23.335	154
0	0	3.76066e-006	4.51422e-007	23.959	156
0	0	3.3553e-006	4.43961e-007	24.596	158
0	0	3.34062e-006	4.19789e-007	25.242	160
0	0	3.7883e-006	3.66964e-007	25.886	162
0	0	2.97889e-006	3.49857e-007	26.538	164
0	0	3.59559e-006	3.33318e-007	27.187	166
0	0	2.57514e-006	2.97613e-007	28.1804	168
0	0	2.55123e-006	2.92857e-007	28.8564	170
0	0	2.39644e-006	2.81337e-007	29.5574	172
0	0	2.96117e-006	2.74761e-007	30.2754	174
0	0	2.80213e-006	2.72665e-007	30.9724	176
0	0	2.12866e-006	2.66148e-007	31.7024	178
0	0	2.19792e-006	2.61258e-007	32.4204	180
0	0	1.95349e-006	2.52236e-007	33.1494	182
0	0	1.909e-006	2.37039e-007	33.8914	184
0	0	1.88337e-006	2.26281e-007	34.6574	186
0	0	1.87423e-006	2.15344e-007	35.4064	188
0	0	2.06868e-006	2.08854e-007	36.1934	190
0	0	1.81503e-006	1.99475e-007	36.9975	192
0	0	1.66389e-006	1.92394e-007	37.8154	194
0	0	1.59032e-006	1.86336e-007	38.6224	196
0	0	1.55111e-006	1.8493e-007	39.4544	198
0	0	1.42954e-006	1.78418e-007	40.2924	200
0	0	1.33288e-006	1.61162e-007	41.1564	202
0	0	1.30683e-006	1.58215e-007	42.0334	204
0	0	1.27914e-006	1.48259e-007	42.9154	206
0	0	1.18284e-006	1.47116e-007	43.7904	208
0	0	1.17412e-006	1.43948e-007	44.6684	210
0	0	1.1624e-006	1.39475e-007	46.6348	212
0	0	1.10379e-006	1.34828e-007	47.5248	214
0	0	1.10003e-006	1.2651e-007	48.4798	216
0	0	1.07114e-006	1.18397e-007	49.4108	218
0	0	1.23949e-006	1.16256e-007	50.3388	220
0	0	1.03391e-006	1.11988e-007	51.3168	222
0	0	1.02215e-006	1.09761e-007	52.3084	224
0	0	1.00984e-006	1.08105e-007	53.3184	226
0	0	9.98408e-007	1.02869e-007	54.3054	228
0	0	9.3731e-007	9.65256e-008	55.2974	230
0	0	9.2807e-007	9.30152e-008	56.3173	232
0	0	9.2244e-007	9.15306e-008	57.3883	234
0	0	8.69008e-007	8.79817e-008	58.4818	236
0	0	8.19531e-007	8.51469e-008	59.5158	238
0	0	7.9433e-007	8.27807e-008	60.5679	240
0	0	7.54697e-007	8.04709e-008	61.6089	242
0	0	7.21279e-007	7.87617e-008	62.6419	244
0	0	7.05779e-007	7.376e-008	63.8928	246
0	0	7.22413e-007	7.09313e-008	64.9679	248
0	0	7.10393e-007	6.99038e-008	66.1328	250
0	0	6.65193e-007	6.92308e-008	67.4338	252
0	0	6.45206e-007	6.32877e-008	68.7359	254
0	0	7.07205e-007	6.20665e-008	69.9678	256
0	0	6.44508e-007	5.98637e-008	71.2659	258
0	0	6.05486e-007	5.85218e-008	72.5714	260
0	0	5.68931e-007	5.67599e-008	73.8304	262
0	0	5.48406e-007	5.58047e-008	75.0614	264
0	0	5.37904e-007	5.43225e-008	76.3114	266
0	0	5.33607e-007	5.09676e-008	77.5324	268
0	0	5.28288e-007	4.81912e-008	78.8434	270
0	0	4.60617e-007	4.56219e-008	80.3124	272
0	0	4.57309e-007	4.23875e-008	81.7814	274
0	0	4.38746e-007	4.19943e-008	83.2374	276
0	0	4.24023e-007	4.06702e-008	84.6434	278
0	0	4.09559e-007	3.92753e-008	86.0514	280
0	0	4.054e-007	3.77843e-008	87.5374	282
0	0	3.90195e-007	3.65546e-008	89.0544	284
0	0	3.45264e-007	3.60228e-008	90.6014	286
0	0	3.85946e-007	3.54113e-008	92.1344	288
0	0	4.11229e-007	3.51361e-008	93.6744	290
0	0	3.30345e-007	3.39871e-008	95.2614	292
0	0	3.75742e-007	3.31346e-008	96.9129	294
0	0	3.14052e-007	3.22011e-008	98.5889	296
0	0	3.1052e-007	3.17779e-008	100.175	298
0	0	3.0017e-007	3.16926e-008	101.794	300
0	0	2.92179e-007	2.96353e-008	103.353	302
0	0	2.71829e-007	2.88246e-008	104.878	304
0	0	2.70374e-007	2.8056e-008	106.421	306
0	0	3.20355e-007	2.74599e-008	107.958	308
0	0	2.525e-007	2.70241e-008	109.518	310
0	0	2.80776e-007	2.6832e-008	111.022	312
0	0	2.48231e-007	2.6262e-008	112.576	314
0	0	2.38601e-007	2.59456e-008	114.13	316
0	0	2.38293e-007	2.54643e-008	115.693	318
0	0	2.30066e-007	2.49365e-008	117.245	320
0	0	2.21911e-007	2.46611e-008	118.775	322
0	0	2.31886e-007	2.43348e-008	120.356	324
0	0	2.02207e-007	2.36164e-008	121.984	326
0	0	2.00402e-007	2.34595e-008	123.539	328
0	0	2.34687e-007	2.31455e-008	125.184	330
0	0	1.98278e-007	2.22955e-008	126.806	332
0	0	1.96813e-007	2.1303e-008	128.33	334
0	0	1.90154e-007	2.05613e-008	129.866	336
0	0	1.90256e-007	1.99915e-008	131.396	338
0	0	1.85772e-007	1.91311e-008	132.924	340
0	0	1.73536e-007	1.85061e-008	134.456	342
0	0	2.10104e-007	1.7767e-008	136.064	344
0	0	1.9698e-007	1.76794e-008	137.647	346
0	0	1.58592e-007	1.68596e-008	139.238	348
0	0	1.56703e-007	1.62911e-008	140.871	350
0	0	1.51618e-007	1.57059e-008	142.484	352
0	0	1.51507e-007	1.5579e-008	144.168	354
0	0	1.49581e-007	1.52799e-008	145.863	356
0	0	1.47024e-007	1.46939e-008	147.534	358
0	0	1.46835e-007	1.44759e-008	149.257	360
0	0	1.44699e-007	1.42359e-008	151.008	362
0	0	1.3655e-007	1.39179e-008	152.779	364
0	0	1.30035e-007	1.36087e-008	154.535	366
0	0	1.31306e-007	1.3192e-008	156.282	368
0	0	1.23667e-007	1.27209e-008	158.121	370
0	0	1.12834e-007	1.24121e-008	159.953	372
0	0	1.36914e-007	1.19855e-008	161.8	374
0	0	1.09385e-007	1.16463e-008	163.638	376
0	0	1.08604e-007	1.13412e-008	165.488	378
0	0	1.00061e-007	1.10766e-008	167.395	380
0	0	1.20366e-007	1.08635e-008	169.297	382
0	0	9.34361e-008	1.07462e-008	171.238	384
