step	level	max error	mean error	time
0	0	0.00343945	0.000725533	0.054967	2
0	0	0.004443	0.00113554	0.116971	4
0	0	0.00540996	0.00104537	0.185979	6
0	0	0.00391885	0.00102072	0.276001	8
0	0	0.00204013	0.000463157	0.372975	10
0	0	0.00329837	0.000410786	0.470974	12
0	0	0.00274613	0.000445802	0.573974	14
0	0	0.00152066	0.000265103	0.684987	16
0	0	0.00165331	0.000176335	0.803971	18
0	0	0.0020138	0.000288947	0.931973	20
0	0	0.000893091	0.000147205	1.06697	22
0	0	0.00129185	0.00017107	1.21297	24
0	0	0.000925848	0.000129462	1.34302	26
0	0	0.000899343	0.000125263	1.47401	28
0	0	0.000501137	8.76478e-005	1.616	30
0	0	0.000536064	7.3698e-005	1.75601	32
0	0	0.000403249	5.29595e-005	1.89701	34
0	0	0.000312881	4.4846e-005	2.04801	36
0	0	0.000289338	4.3622e-005	2.21797	38
0	0	0.000242836	4.03248e-005	2.387	40
0	0	0.000314996	3.7688e-005	2.56497	42
0	0	0.000284068	3.68496e-005	2.749	44
0	0	0.000212826	3.20452e-005	2.935	46
0	0	0.000197832	2.77131e-005	3.13697	48
0	0	0.000149076	2.45945e-005	3.36698	50
0	0	0.000143926	2.16238e-005	3.60597	52
0	0	0.000128225	1.97924e-005	3.82797	54
0	0	0.000106347	1.85743e-005	4.08697	56
0	0	0.000102659	1.59487e-005	4.33197	58
0	0	9.86018e-005	1.35769e-005	4.57301	60
0	0	8.47445e-005	1.17115e-005	4.818	62
0	0	8.71694e-005	1.02413e-005	5.06201	64
0	0	7.77307e-005	9.18996e-006	5.32497	66
0	0	7.22175e-005	8.35648e-006	5.63271	68
0	0	7.8719e-005	7.79721e-006	5.90171	70
0	0	6.37182e-005	7.2991e-006	6.20976	72
0	0	6.24002e-005	6.91537e-006	6.52771	74
0	0	6.18556e-005	6.88574e-006	6.82475	76
0	0	6.03344e-005	6.35783e-006	7.11574	78
0	0	3.58508e-005	5.08937e-006	7.41476	80
0	0	3.41626e-005	4.62592e-006	7.74674	82
0	0	3.30441e-005	4.31711e-006	8.03875	84
0	0	4.20826e-005	4.02061e-006	8.34775	86
0	0	2.76393e-005	3.55426e-006	8.65875	88
0	0	2.7005e-005	3.28097e-006	8.98475	90
0	0	2.6421e-005	3.11282e-006	9.32475	92
0	0	2.36276e-005	2.6656e-006	9.65374	94
0	0	1.85907e-005	2.33717e-006	10.0027	96
0	0	1.85291e-005	2.16484e-006	10.3567	98
0	0	1.77931e-005	2.06423e-006	10.7677	100
0	0	1.6846e-005	1.97773e-006	11.2017	102
0	0	1.62786e-005	1.83236e-006	11.5957	104
0	0	1.5721e-005	1.69129e-006	11.9877	106
0	0	1.51282e-005	1.59755e-006	12.3977	108
0	0	1.64653e-005	1.54018e-006	12.8127	110
0	0	1.4951e-005	1.39256e-006	13.2277	112
0	0	9.48958e-006	1.34712e-006	13.6437	114
0	0	9.41157e-006	1.16915e-006	14.0867	116
0	0	9.16117e-006	1.08948e-006	14.5657	118
0	0	8.98256e-006	1.05859e-006	15.0807	120
0	0	8.95275e-006	1.05114e-006	15.5367	122
0	0	8.57178e-006	1.00629e-006	16.0037	124
0	0	1.02286e-005	9.86702e-007	16.5127	126
0	0	7.73052e-006	8.97397e-007	16.9817	128
0	0	1.08044e-005	9.03227e-007	17.4617	130
0	0	9.2546e-006	8.65102e-007	17.9507	132
0	0	7.26748e-006	8.46568e-007	18.4617	134
0	0	7.00284e-006	8.12179e-007	18.9977	136
0	0	7.57333e-006	7.57746e-007	19.5708	138
0	0	6.9223e-006	7.18398e-007	20.1158	140
0	0	6.45035e-006	6.82981e-007	20.6659	142
0	0	6.37584e-006	5.9998e-007	21.1699	144
0	0	5.33983e-006	5.3195e-007	21.6818	146
0	0	5.33867e-006	5.14345e-007	22.2079	148
0	0	5.02616e-006	4.68947e-007	22.7559	150
0	0	4.8625e-006	4.46587e-007	23.3299	152
0	0	4.39108e-006	4.18049e-007	23.8989	154
0	0	4.08847e-006	4.1344e-007	24.4949	156
0	0	3.82812e-006	3.87548e-007	25.0759	158
0	0	3.54785e-006	3.64163e-007	25.6619	160
0	0	4.05182e-006	3.52729e-007	26.2519	162
0	0	3.14743e-006	3.36192e-007	26.8378	164
0	0	3.82949e-006	3.30695e-007	27.4888	166
0	0	2.98332e-006	3.2365e-007	28.1498	168
0	0	2.82437e-006	3.08908e-007	28.8678	170
0	0	2.79464e-006	2.97275e-007	29.4979	172
0	0	2.78832e-006	2.93828e-007	30.1659	174
0	0	2.77852e-006	2.89621e-007	30.9409	176
0	0	2.64325e-006	2.79296e-007	31.7129	178
0	0	2.39352e-006	2.75679e-007	32.4299	180
0	0	2.43066e-006	2.55317e-007	33.1379	182
0	0	2.50913e-006	2.28767e-007	33.9249	184
0	0	2.21482e-006	2.1312e-007	34.7258	186
0	0	1.98149e-006	2.08428e-007	35.5038	188
0	0	1.78434e-006	2.02143e-007	36.3119	190
0	0	1.72715e-006	1.99725e-007	37.1129	192
0	0	1.54511e-006	1.9297e-007	37.8579	194
0	0	1.42382e-006	1.85739e-007	38.6228	196
0	0	1.40449e-006	1.68577e-007	39.3999	198
0	0	1.4028e-006	1.61747e-007	40.1659	200
0	0	1.38842e-006	1.57281e-007	40.9728	202
0	0	1.63177e-006	1.52002e-007	41.7818	204
0	0	1.2761e-006	1.43658e-007	42.6169	206
0	0	1.25932e-006	1.34812e-007	43.4478	208
0	0	1.24058e-006	1.32731e-007	44.3824	210
0	0	1.15829e-006	1.29995e-007	45.2924	212
0	0	1.15389e-006	1.21336e-007	46.0834	214
0	0	1.03642e-006	1.13165e-007	46.9024	216
0	0	1.00313e-006	1.03867e-007	47.7926	218
0	0	1.22817e-006	1.01578e-007	48.7677	220
0	0	8.54851e-007	9.80468e-008	49.7018	222
0	0	8.38823e-007	9.46311e-008	50.5458	224
0	0	8.08624e-007	9.06568e-008	51.4218	226
0	0	7.95978e-007	8.7592e-008	52.2968	228
0	0	7.80897e-007	8.47373e-008	53.1707	230
0	0	7.77456e-007	8.1963e-008	54.0598	232
0	0	9.16874e-007	7.93071e-008	54.9858	234
0	0	7.01125e-007	7.90547e-008	55.8998	236
0	0	6.8145e-007	7.68e-008	56.8588	238
0	0	6.53353e-007	7.50792e-008	57.7958	240
0	0	6.50925e-007	7.05339e-008	58.7738	242
0	0	6.5566e-007	6.80695e-008	59.7228	244
0	0	6.18685e-007	6.51888e-008	60.7057	246
0	0	7.00326e-007	6.36126e-008	61.6628	248
0	0	5.32038e-007	6.18404e-008	62.6668	250
0	0	5.26407e-007	5.8778e-008	63.6728	252
0	0	5.20589e-007	5.74993e-008	64.6968	254
0	0	4.40311e-007	5.59838e-008	65.7088	256
0	0	4.33204e-007	5.34524e-008	66.7418	258
0	0	5.66748e-007	5.30769e-008	67.7798	260
0	0	4.27274e-007	5.22798e-008	68.8528	262
0	0	4.17272e-007	5.02493e-008	69.9098	264
0	0	4.16202e-007	4.85225e-008	70.9857	266
0	0	4.14393e-007	4.63374e-008	72.0747	268
0	0	5.15427e-007	4.56789e-008	73.1858	270
0	0	4.1066e-007	4.48494e-008	74.3098	272
0	0	3.73993e-007	4.38165e-008	75.4228	274
0	0	3.70004e-007	4.26875e-008	76.5608	276
0	0	3.65002e-007	4.16828e-008	77.7058	278
0	0	3.55004e-007	3.93415e-008	78.8657	280
0	0	3.22557e-007	3.79106e-008	80.0288	282
0	0	3.18032e-007	3.59493e-008	81.2198	284
0	0	3.1774e-007	3.54725e-008	82.4228	286
0	0	3.1723e-007	3.50886e-008	83.6307	288
0	0	3.0779e-007	3.43278e-008	84.8388	290
0	0	3.05252e-007	3.3229e-008	86.0768	292
0	0	2.9807e-007	3.26264e-008	87.3037	294
0	0	2.88205e-007	3.12346e-008	88.5698	296
0	0	3.1064e-007	3.04605e-008	89.8528	298
0	0	2.62204e-007	2.92029e-008	91.1468	300
0	0	2.58908e-007	2.90244e-008	92.4578	302
0	0	2.53181e-007	2.84427e-008	93.8008	304
0	0	2.49197e-007	2.69969e-008	95.1378	306
0	0	2.74129e-007	2.67071e-008	96.4788	308
0	0	2.43997e-007	2.58527e-008	97.8408	310
0	0	2.26607e-007	2.53149e-008	99.2138	312
0	0	2.98997e-007	2.48628e-008	100.582	314
0	0	2.94496e-007	2.44477e-008	101.98	316
0	0	2.15802e-007	2.37729e-008	103.396	318
0	0	2.15549e-007	2.30579e-008	104.788	320
0	0	2.15795e-007	2.22699e-008	106.224	322
0	0	2.09626e-007	2.10715e-008	107.691	324
0	0	2.45974e-007	2.06909e-008	109.145	326
0	0	2.07125e-007	2.02873e-008	110.723	328
0	0	1.99864e-007	1.96088e-008	112.484	330
0	0	1.91642e-007	1.93357e-008	113.999	332
0	0	1.83423e-007	1.85847e-008	115.583	334
0	0	2.69307e-007	1.79958e-008	117.4	336
0	0	1.66806e-007	1.73286e-008	118.976	338
0	0	1.62579e-007	1.68278e-008	120.55	340
0	0	1.74629e-007	1.66788e-008	122.143	342
0	0	2.01905e-007	1.65452e-008	123.751	344
0	0	1.57789e-007	1.63341e-008	125.376	346
0	0	1.85369e-007	1.62643e-008	127.008	348
0	0	1.56844e-007	1.55141e-008	128.665	350
0	0	1.53305e-007	1.52887e-008	130.332	352
0	0	1.48898e-007	1.49456e-008	132.014	354
0	0	1.47309e-007	1.45708e-008	133.721	356
0	0	1.50832e-007	1.41912e-008	135.433	358
0	0	1.70932e-007	1.40106e-008	137.16	360
0	0	1.45055e-007	1.33708e-008	138.919	362
0	0	1.48702e-007	1.32874e-008	140.674	364
0	0	1.45687e-007	1.3037e-008	142.461	366
0	0	1.368e-007	1.29033e-008	144.258	368
0	0	1.36707e-007	1.24073e-008	146.068	370
0	0	1.32422e-007	1.2217e-008	147.895	372
0	0	1.29809e-007	1.21479e-008	149.745	374
0	0	1.28358e-007	1.19042e-008	151.616	376
0	0	1.18615e-007	1.16732e-008	153.501	378
0	0	1.54383e-007	1.14196e-008	155.449	380
0	0	1.12991e-007	1.0968e-008	157.37	382
0	0	1.11578e-007	1.05363e-008	159.299	384
0	0	1.09991e-007	1.02633e-008	161.242	386
0	0	1.04513e-007	1.01018e-008	163.205	388
0	0	1.05892e-007	9.97892e-009	165.174	390
0	0	9.91676e-008	9.69505e-009	167.184	392
