step	level	max error	time	nr. of control nodes
0	0	0.351469	5	1
0	0	0.489155	10	2
0	0	0.282204	15	3
0	0	0.402445	21	4
0	0	0.172208	26	5
0	0	0.124242	31	6
0	0	0.158498	36	7
0	0	0.141168	40	8
0	0	0.168358	46	9
0	0	0.0612545	52	10
0	0	0.045997	59	11
0	0	0.0374113	65	12
0	0	0.0353677	71	13
0	0	0.0347272	77	14
0	0	0.0303963	84	15
0	0	0.0255904	91	16
0	0	0.0144992	98	17
0	0	0.0209804	107	18
0	0	0.0102759	115	19
0	0	0.00861283	123	20
0	0	0.00742215	133	21
0	0	0.00644061	141	22
0	0	0.00490147	150	23
0	0	0.00448898	161	24
0	0	0.00353458	172	25
0	0	0.00320367	183	26
0	0	0.00333519	192	27
0	0	0.00305998	203	28
0	0	0.00301567	213	29
0	0	0.00283785	228	30
0	0	0.00311644	239	31
0	0	0.00280042	254	32
0	0	0.0027789	266	33
0	0	0.00259607	281	34
0	0	0.00229216	295	35
0	0	0.00168393	312	36
0	0	0.00159417	328	37
0	0	0.00153177	345	38
0	0	0.00124747	361	39
0	0	0.0011324	378	40
0	0	0.00105468	397	41
0	0	0.00101909	417	42
0	0	0.00101434	436	43
0	0	0.00104707	456	44
0	0	0.000899621	482	45
0	0	0.000856379	504	46
0	0	0.000656116	525	47
0	0	0.000635556	546	48
0	0	0.000542602	566	49
0	0	0.000509351	587	50
0	0	0.000357763	608	51
0	0	0.000330538	631	52
0	0	0.000237099	655	53
0	0	0.000230885	680	54
0	0	0.000220439	705	55
0	0	0.000213166	731	56
0	0	0.00024031	760	57
0	0	0.000208889	789	58
0	0	0.000196045	818	59
0	0	0.000184162	846	60
0	0	0.000177235	875	61
0	0	0.000161896	905	62
0	0	0.000160406	939	63
0	0	0.000157131	977	64
0	0	0.000152103	1011	65
0	0	0.000147497	1048	66
0	0	0.000140755	1092	67
0	0	0.000140511	1126	68
0	0	0.000139789	1168	69
0	0	0.00013622	1209	70
0	0	0.000138418	1245	71
0	0	0.000134729	1285	72
0	0	0.000118778	1325	73
0	0	0.000118696	1364	74
0	0	0.000108254	1406	75
0	0	0.000108	1447	76
0	0	0.000104754	1494	77
0	0	0.000103687	1542	78
0	0	9.78578e-005	1598	79
0	0	8.70622e-005	1649	80
0	0	8.62317e-005	1697	81
0	0	8.30951e-005	1747	82
0	0	7.7383e-005	1794	83
0	0	6.92347e-005	1844	84
0	0	5.91864e-005	1897	85
0	0	5.85905e-005	1957	86
0	0	5.36245e-005	2016	87
0	0	5.21835e-005	2083	88
0	0	4.64502e-005	2148	89
0	0	4.28507e-005	2210	90
0	0	4.06185e-005	2292	91
0	0	3.83924e-005	2358	92
0	0	3.46097e-005	2423	93
0	0	3.41766e-005	2511	94
0	0	2.89514e-005	2585	95
0	0	2.80377e-005	2666	96
0	0	2.78145e-005	2734	97
0	0	2.60699e-005	2806	98
0	0	2.12235e-005	2881	99
0	0	1.81076e-005	2962	100
0	0	1.97028e-005	3046	101
0	0	1.6571e-005	3137	102
0	0	1.57745e-005	3225	103
0	0	1.57326e-005	3309	104
0	0	1.52602e-005	3394	105
0	0	1.36617e-005	3484	106
0	0	1.28147e-005	3577	107
0	0	1.22466e-005	3676	108
0	0	1.19857e-005	3773	109
0	0	1.14862e-005	3869	110
0	0	1.50372e-005	3973	111
0	0	1.51943e-005	4076	112
0	0	1.23105e-005	4193	113
0	0	1.10064e-005	4311	114
0	0	1.11201e-005	4415	115
0	0	1.08868e-005	4534	116
0	0	1.04279e-005	4650	117
0	0	9.66146e-006	4754	118
0	0	9.13823e-006	4869	119
0	0	8.74623e-006	4991	120
0	0	9.72633e-006	5120	121
0	0	9.30822e-006	5254	122
0	0	8.37745e-006	5387	123
0	0	8.35797e-006	5506	124
0	0	8.35727e-006	5645	125
0	0	9.94249e-006	5776	126
0	0	8.3496e-006	5935	127
0	0	7.79925e-006	6088	128
0	1	1.22517e-005	6092	1
0	1	1.51832e-005	6096	2
0	1	3.32425e-005	6098	3
0	1	2.8098e-005	6101	4
0	1	1.84118e-005	6105	5
0	1	1.4884e-005	6108	6
0	1	1.90993e-005	6113	7
0	1	1.50421e-005	6118	8
0	1	1.50523e-005	6123	9
0	1	1.25559e-005	6128	10
0	1	1.72784e-005	6133	11
0	1	1.16968e-005	6139	12
0	1	1.8475e-005	6145	13
0	1	1.66472e-005	6151	14
0	1	1.00121e-005	6157	15
0	1	1.59408e-005	6163	16
0	1	1.28487e-005	6168	17
0	1	1.24263e-005	6174	18
0	1	1.09862e-005	6181	19
0	1	9.14004e-006	6188	20
0	1	1.17866e-005	6195	21
0	1	1.38665e-005	6202	22
0	1	1.06529e-005	6210	23
0	1	9.15644e-006	6218	24
0	1	1.10017e-005	6225	25
0	1	9.14892e-006	6235	26
0	1	1.25786e-005	6244	27
0	1	9.50875e-006	6252	28
0	1	1.10458e-005	6268	29
0	1	9.09772e-006	6278	30
0	1	1.51072e-005	6288	31
0	1	1.1039e-005	6300	32
0	1	1.40214e-005	6311	33
0	1	1.38318e-005	6322	34
0	1	8.12908e-006	6335	35
0	1	7.64126e-006	6350	36
0	1	1.06031e-005	6364	37
0	1	1.04349e-005	6380	38
0	1	8.4659e-006	6395	39
0	1	7.52061e-006	6409	40
0	1	2.99074e-005	6424	41
0	1	1.4089e-005	6440	42
0	1	1.02211e-005	6457	43
0	1	4.01896e-005	6474	44
0	1	1.62177e-005	6492	45
0	1	8.09942e-006	6509	46
0	1	7.52075e-006	6529	47
0	1	1.46585e-005	6546	48
0	1	1.39666e-005	6565	49
0	1	1.65227e-005	6585	50
0	1	9.01405e-006	6604	51
0	1	8.09239e-006	6626	52
0	1	7.13146e-006	6654	53
0	1	1.47596e-005	6678	54
0	1	7.28449e-006	6707	55
0	1	1.18207e-005	6733	56
0	1	9.42157e-006	6760	57
0	1	7.08088e-006	6787	58
0	1	6.8803e-006	6813	59
0	1	6.88006e-006	6842	60
0	1	9.56959e-006	6869	61
0	1	9.07424e-006	6902	62
0	1	6.69156e-006	6936	63
0	1	6.9721e-006	6975	64
0	1	9.37338e-006	7010	65
0	1	6.41923e-006	7041	66
0	1	7.77907e-006	7074	67
0	1	6.07068e-006	7109	68
0	1	6.06403e-006	7146	69
0	1	6.03138e-006	7187	70
0	1	8.33092e-006	7225	71
0	1	6.62712e-006	7265	72
0	1	5.68331e-006	7304	73
0	1	5.56339e-006	7345	74
0	1	5.54793e-006	7385	75
0	1	5.5453e-006	7431	76
0	1	6.14244e-006	7475	77
0	1	5.62633e-006	7521	78
0	1	7.72241e-006	7567	79
0	1	6.28194e-006	7616	80
0	1	6.9444e-006	7669	81
0	1	7.91398e-006	7724	82
0	1	5.78142e-006	7782	83
0	1	5.44496e-006	7837	84
0	1	6.60035e-006	7891	85
0	1	5.4093e-006	7951	86
0	1	5.40359e-006	8015	87
0	1	8.78602e-006	8075	88
0	1	5.76893e-006	8132	89
0	1	4.87584e-006	8198	90
0	1	4.48033e-006	8257	91
0	1	4.40977e-006	8317	92
0	1	4.54697e-006	8381	93
0	1	5.07919e-006	8449	94
0	1	4.34029e-006	8521	95
0	1	4.24638e-006	8586	96
0	1	4.16048e-006	8656	97
0	1	4.11398e-006	8735	98
0	1	4.11582e-006	8814	99
0	1	3.96703e-006	8896	100
0	1	3.77005e-006	9019	101
0	1	3.84962e-006	9122	102
0	1	3.7289e-006	9250	103
0	1	3.71447e-006	9376	104
0	1	3.71133e-006	9469	105
0	1	3.56212e-006	9563	106
0	1	5.41383e-006	9663	107
0	1	3.37302e-006	9765	108
0	1	3.45526e-006	9858	109
0	1	3.36161e-006	9962	110
0	1	3.28665e-006	10065	111
0	1	3.27683e-006	10167	112
0	1	3.13895e-006	10288	113
0	1	3.1185e-006	10414	114
0	1	3.09563e-006	10531	115
0	1	3.12233e-006	10657	116
0	1	3.07449e-006	10782	117
0	1	2.99566e-006	10902	118
0	1	2.97934e-006	11018	119
0	1	3.67671e-006	11134	120
0	1	2.93989e-006	11255	121
0	1	3.05855e-006	11384	122
0	1	2.97076e-006	11508	123
0	1	2.92054e-006	11652	124
0	1	2.90628e-006	11791	125
0	1	2.83128e-006	11931	126
0	1	2.81378e-006	12062	127
0	1	2.7858e-006	12199	128
0	2	4.8579e-006	12206	1
0	2	3.19059e-005	12209	2
0	2	2.66098e-005	12215	3
0	2	1.22017e-005	12223	4
0	2	8.62556e-006	12227	5
0	2	8.42892e-006	12231	6
0	2	5.72747e-006	12234	7
0	2	5.5068e-006	12238	8
0	2	5.03212e-006	12243	9
0	2	4.48739e-006	12248	10
0	2	4.16687e-006	12254	11
0	2	4.02306e-006	12261	12
0	2	4.30687e-006	12266	13
0	2	1.1221e-005	12270	14
0	2	4.43287e-006	12276	15
0	2	4.18769e-006	12283	16
0	2	4.37893e-006	12289	17
0	2	4.03106e-006	12295	18
0	2	3.6144e-005	12302	19
0	2	2.85236e-005	12310	20
0	2	1.48416e-005	12320	21
0	2	1.6099e-005	12330	22
0	2	6.53511e-006	12339	23
0	2	1.0358e-005	12350	24
0	2	4.99806e-006	12362	25
0	2	4.68186e-006	12370	26
0	2	4.511e-006	12379	27
0	2	4.0025e-006	12388	28
0	2	3.89237e-006	12398	29
0	2	5.84456e-006	12409	30
0	2	4.51775e-006	12418	31
0	2	4.27938e-006	12429	32
0	2	5.23455e-006	12439	33
0	2	4.22608e-006	12451	34
0	2	3.8493e-006	12463	35
0	2	5.13426e-006	12475	36
0	2	3.75557e-006	12488	37
0	2	9.16355e-006	12501	38
0	2	5.82166e-006	12516	39
0	2	5.66434e-006	12530	40
0	2	4.89631e-006	12545	41
0	2	4.12008e-006	12560	42
0	2	3.82584e-006	12577	43
0	2	3.88566e-006	12594	44
0	2	4.90132e-006	12612	45
0	2	3.83533e-006	12631	46
0	2	3.43527e-006	12649	47
0	2	7.84235e-006	12668	48
0	2	5.73241e-006	12687	49
0	2	3.74642e-006	12708	50
0	2	3.19689e-006	12728	51
0	2	3.15926e-006	12749	52
0	2	4.04638e-006	12775	53
0	2	3.14664e-006	12797	54
0	2	3.07428e-006	12820	55
0	2	5.13818e-006	12852	56
0	2	4.13503e-006	12877	57
0	2	3.42259e-006	12904	58
0	2	5.45413e-006	12931	59
0	2	5.37127e-006	12961	60
0	2	4.67239e-006	12991	61
0	2	3.33662e-006	13021	62
0	2	2.92661e-006	13052	63
0	2	2.74131e-006	13080	64
0	2	2.59411e-006	13110	65
0	2	2.52727e-006	13140	66
0	2	3.45749e-006	13173	67
0	2	2.72012e-006	13207	68
0	2	2.40207e-006	13242	69
0	2	3.94793e-006	13280	70
0	2	4.5419e-006	13327	71
0	2	2.34683e-006	13365	72
0	2	2.34498e-006	13403	73
0	2	6.44061e-006	13443	74
0	2	4.16334e-006	13482	75
0	2	5.7261e-006	13522	76
0	2	2.79846e-006	13564	77
0	2	2.64572e-006	13606	78
0	2	3.0406e-006	13651	79
0	2	2.35683e-006	13695	80
0	2	2.31118e-006	13741	81
0	2	2.30537e-006	13789	82
0	2	2.21002e-006	13840	83
0	2	2.19709e-006	13902	84
0	2	2.19289e-006	13953	85
0	2	2.24995e-006	14020	86
0	2	4.05314e-006	14074	87
0	2	3.38001e-006	14128	88
0	2	2.23058e-006	14182	89
0	2	2.38688e-006	14242	90
0	2	2.14721e-006	14301	91
0	2	2.69538e-006	14367	92
0	2	2.25998e-006	14425	93
0	2	2.12663e-006	14485	94
0	2	2.10943e-006	14546	95
0	2	2.31538e-006	14611	96
0	2	2.08974e-006	14676	97
0	2	2.07891e-006	14744	98
0	2	2.07505e-006	14816	99
0	2	2.06788e-006	14897	100
0	2	2.20445e-006	14973	101
0	2	2.04209e-006	15050	102
0	2	2.01581e-006	15129	103
0	2	2.01244e-006	15209	104
0	2	1.81707e-006	15289	105
0	2	2.12263e-006	15384	106
0	2	1.81362e-006	15469	107
0	2	1.76111e-006	15554	108
0	2	1.75451e-006	15641	109
0	2	1.76023e-006	15729	110
0	2	1.75848e-006	15823	111
0	2	1.69691e-006	15924	112
0	2	1.69226e-006	16020	113
0	2	1.69176e-006	16117	114
0	2	1.68778e-006	16215	115
0	2	1.67899e-006	16313	116
0	2	1.65611e-006	16428	117
0	2	2.15939e-006	16529	118
0	2	2.5778e-006	16633	119
0	2	1.61731e-006	16737	120
0	2	2.08833e-006	16848	121
0	2	1.58698e-006	16973	122
0	2	1.5615e-006	17092	123
0	2	1.62786e-006	17211	124
0	2	1.53215e-006	17333	125
0	2	1.52478e-006	17465	126
0	2	1.52443e-006	17589	127
0	2	1.46975e-006	17717	128
0	3	2.52286e-006	17721	1
0	3	4.82627e-006	17724	2
0	3	5.26301e-006	17727	3
0	3	2.69058e-006	17730	4
0	3	1.94466e-005	17733	5
0	3	1.72826e-005	17736	6
0	3	4.62e-006	17739	7
0	3	5.77327e-006	17743	8
0	3	4.54085e-006	17747	9
0	3	2.50316e-006	17751	10
0	3	4.72974e-006	17755	11
0	3	2.32704e-006	17759	12
0	3	3.18362e-006	17764	13
0	3	7.67807e-006	17768	14
0	3	4.46746e-006	17774	15
0	3	2.99498e-006	17779	16
0	3	2.85494e-006	17785	17
0	3	2.45699e-006	17791	18
0	3	4.76575e-006	17797	19
0	3	3.76949e-006	17803	20
0	3	2.42761e-006	17810	21
0	3	2.32967e-006	17820	22
0	3	2.49094e-006	17832	23
0	3	2.24673e-006	17842	24
0	3	2.27314e-006	17849	25
0	3	2.21243e-006	17860	26
0	3	4.40219e-006	17872	27
0	3	4.70614e-006	17882	28
0	3	3.348e-006	17893	29
0	3	2.17512e-006	17902	30
0	3	2.23586e-006	17912	31
0	3	2.7925e-006	17922	32
0	3	2.28991e-006	17932	33
0	3	2.16965e-006	17943	34
0	3	5.25094e-006	17956	35
0	3	3.05973e-006	17968	36
0	3	2.43986e-006	17980	37
0	3	2.40525e-006	17993	38
0	3	2.09188e-006	18007	39
0	3	2.05875e-006	18021	40
0	3	2.19957e-006	18034	41
0	3	2.38917e-006	18048	42
0	3	2.10813e-006	18063	43
0	3	2.06194e-006	18078	44
0	3	4.62613e-006	18094	45
0	3	2.19566e-006	18110	46
0	3	3.94113e-006	18127	47
0	3	2.72331e-006	18145	48
0	3	2.84187e-006	18163	49
0	3	1.98518e-006	18181	50
0	3	1.8767e-006	18200	51
0	3	2.33339e-006	18221	52
0	3	1.9784e-006	18242	53
0	3	1.70899e-006	18264	54
0	3	1.65514e-006	18286	55
0	3	3.74873e-006	18309	56
0	3	2.34914e-006	18332	57
0	3	2.59908e-006	18357	58
0	3	1.92854e-006	18382	59
0	3	1.63849e-006	18415	60
0	3	5.09779e-006	18442	61
0	3	2.6023e-006	18471	62
0	3	1.57586e-006	18501	63
0	3	1.83737e-006	18531	64
0	3	1.45924e-006	18562	65
0	3	1.42206e-006	18593	66
0	3	1.42178e-006	18625	67
0	3	1.70616e-006	18660	68
0	3	1.41993e-006	18693	69
0	3	1.4049e-006	18727	70
0	3	1.51621e-006	18761	71
0	3	1.35308e-006	18797	72
0	3	2.04295e-006	18834	73
0	3	1.9181e-006	18875	74
0	3	1.77788e-006	18923	75
0	3	1.44598e-006	18964	76
0	3	1.44204e-006	19007	77
0	3	1.4272e-006	19050	78
0	3	1.31019e-006	19093	79
0	3	1.28862e-006	19140	80
0	3	2.56606e-006	19185	81
0	3	1.57176e-006	19230	82
0	3	1.49721e-006	19277	83
0	3	1.54911e-006	19326	84
0	3	1.25484e-006	19377	85
0	3	1.23319e-006	19439	86
0	3	1.87879e-006	19494	87
0	3	1.20351e-006	19547	88
0	3	1.18732e-006	19600	89
0	3	1.2044e-006	19655	90
0	3	1.2234e-006	19711	91
0	3	1.77648e-006	19768	92
0	3	1.87566e-006	19825	93
0	3	1.32823e-006	19888	94
0	3	1.61741e-006	19961	95
0	3	1.16581e-006	20027	96
0	3	1.283e-006	20093	97
0	3	1.13709e-006	20164	98
0	3	1.83718e-006	20235	99
0	3	1.10916e-006	20305	100
0	3	1.17617e-006	20379	101
0	3	1.2659e-006	20469	102
0	3	1.10836e-006	20548	103
0	3	1.18608e-006	20627	104
0	3	1.10095e-006	20706	105
0	3	1.15778e-006	20789	106
0	3	1.08386e-006	20872	107
0	3	1.06103e-006	20966	108
0	3	1.08372e-006	21061	109
0	3	1.05759e-006	21153	110
0	3	1.09804e-006	21244	111
0	3	1.04596e-006	21337	112
0	3	1.06116e-006	21435	113
0	3	1.37009e-006	21543	114
0	3	1.35581e-006	21644	115
0	3	1.70381e-006	21748	116
0	3	1.09824e-006	21853	117
0	3	1.30027e-006	21963	118
0	3	1.0429e-006	22083	119
0	3	1.04289e-006	22192	120
0	3	1.02201e-006	22301	121
0	3	1.61314e-006	22458	122
0	3	1.16581e-006	22598	123
0	3	9.95767e-007	22727	124
0	3	1.36092e-006	22859	125
0	3	9.78006e-007	23005	126
0	3	1.39615e-006	23145	127
0	3	1.01502e-006	23301	128
0	4	1.76883e-006	23306	1
0	4	2.35005e-005	23310	2
0	4	2.36984e-005	23314	3
0	4	7.37673e-006	23317	4
0	4	7.54432e-006	23320	5
0	4	2.76395e-006	23324	6
0	4	3.99373e-006	23328	7
0	4	4.77261e-006	23331	8
0	4	5.3717e-006	23335	9
0	4	2.42626e-006	23340	10
0	4	2.92216e-006	23344	11
0	4	2.46627e-006	23348	12
0	4	2.0764e-006	23353	13
0	4	1.58886e-005	23358	14
0	4	6.36384e-006	23363	15
0	4	2.0534e-006	23369	16
0	4	3.9087e-006	23375	17
0	4	3.08043e-006	23380	18
0	4	1.85665e-006	23387	19
0	4	1.80037e-006	23394	20
0	4	2.17829e-006	23401	21
0	4	3.29449e-006	23408	22
0	4	2.62448e-006	23416	23
0	4	2.40648e-006	23430	24
0	4	1.79393e-006	23438	25
0	4	1.63279e-006	23449	26
0	4	1.69528e-006	23458	27
0	4	1.64225e-006	23468	28
0	4	1.86925e-006	23478	29
0	4	1.52613e-006	23493	30
0	4	1.70541e-006	23506	31
0	4	1.81957e-006	23519	32
0	4	1.63605e-006	23529	33
0	4	1.42418e-006	23542	34
0	4	2.34868e-006	23553	35
0	4	1.78137e-006	23565	36
0	4	1.57607e-006	23578	37
0	4	2.13685e-006	23592	38
0	4	1.85852e-006	23605	39
0	4	1.4851e-006	23618	40
0	4	1.37032e-006	23633	41
0	4	1.26143e-006	23648	42
0	4	1.79845e-006	23663	43
0	4	1.84863e-006	23679	44
0	4	1.56815e-006	23695	45
0	4	1.34184e-006	23711	46
0	4	1.20908e-006	23729	47
0	4	1.701e-006	23747	48
0	4	1.2084e-006	23766	49
0	4	1.50988e-006	23788	50
0	4	1.18866e-006	23809	51
0	4	1.31536e-006	23831	52
0	4	1.37903e-006	23853	53
0	4	1.28551e-006	23876	54
0	4	1.17419e-006	23899	55
0	4	1.15224e-006	23921	56
0	4	1.389e-006	23946	57
0	4	1.14747e-006	23978	58
0	4	1.40415e-006	24012	59
0	4	1.70089e-006	24046	60
0	4	1.70979e-006	24079	61
0	4	1.4989e-006	24111	62
0	4	1.38519e-006	24141	63
0	4	2.54199e-006	24171	64
0	4	1.87942e-006	24202	65
0	4	1.84237e-006	24234	66
0	4	1.4289e-006	24265	67
0	4	1.13309e-006	24302	68
0	4	2.25573e-006	24340	69
0	4	1.99799e-006	24375	70
0	4	3.55886e-006	24412	71
0	4	1.65856e-006	24450	72
0	4	1.13416e-006	24490	73
0	4	1.12988e-006	24531	74
0	4	1.12474e-006	24579	75
0	4	1.17767e-006	24621	76
0	4	1.11121e-006	24666	77
0	4	1.06097e-006	24717	78
0	4	1.04274e-006	24770	79
0	4	1.21925e-006	24825	80
0	4	1.11606e-006	24874	81
0	4	1.11061e-006	24924	82
0	4	1.09691e-006	24976	83
0	4	1.37283e-006	25040	84
0	4	1.04429e-006	25101	85
0	4	1.14376e-006	25158	86
0	4	9.88843e-007	25215	87
0	4	1.4465e-006	25274	88
0	4	9.80012e-007	25331	89
0	4	1.121e-006	25392	90
0	4	9.68253e-007	25451	91
0	4	1.01932e-006	25518	92
0	4	9.64628e-007	25592	93
0	4	9.77298e-007	25659	94
0	4	9.59305e-007	25726	95
0	4	1.96545e-006	25798	96
0	4	1.3511e-006	25883	97
0	4	9.75764e-007	25970	98
0	4	9.57097e-007	26063	99
0	4	9.37778e-007	26146	100
0	4	8.91449e-007	26225	101
0	4	9.99389e-007	26307	102
0	4	8.8729e-007	26410	103
0	4	8.76589e-007	26499	104
0	4	8.6164e-007	26591	105
0	4	1.0823e-006	26680	106
0	4	1.80815e-006	26766	107
0	4	1.22253e-006	26848	108
0	4	8.57733e-007	26933	109
0	4	8.53902e-007	27019	110
0	4	8.94599e-007	27125	111
0	4	8.44246e-007	27228	112
0	4	9.54575e-007	27326	113
0	4	8.4556e-007	27425	114
0	4	1.04409e-006	27523	115
0	4	8.27607e-007	27636	116
0	4	8.1248e-007	27768	117
0	4	9.48022e-007	27957	118
0	4	8.07528e-007	28090	119
0	4	1.40183e-006	28244	120
0	4	8.05327e-007	28395	121
0	4	8.04355e-007	28539	122
0	4	9.64357e-007	28688	123
0	4	9.70308e-007	28832	124
0	4	7.90358e-007	28976	125
0	4	8.60343e-007	29133	126
0	4	8.16374e-007	29281	127
0	4	7.80574e-007	29435	128
0	5	1.3199e-006	29440	1
0	5	4.10269e-006	29444	2
0	5	4.1677e-006	29447	3
0	5	1.79744e-006	29451	4
0	5	1.40617e-006	29456	5
0	5	1.67716e-006	29459	6
0	5	1.4484e-006	29463	7
0	5	1.36422e-006	29467	8
0	5	4.77214e-006	29471	9
0	5	1.42981e-006	29476	10
0	5	2.29721e-006	29482	11
0	5	1.84558e-006	29488	12
0	5	1.34207e-006	29494	13
0	5	1.52063e-006	29500	14
0	5	1.34128e-006	29509	15
0	5	3.9442e-006	29517	16
0	5	1.38505e-006	29524	17
0	5	1.56687e-006	29530	18
0	5	1.61936e-006	29537	19
0	5	1.46127e-006	29544	20
0	5	1.35032e-006	29551	21
0	5	1.56136e-006	29561	22
0	5	1.21001e-006	29572	23
0	5	1.7106e-006	29581	24
0	5	1.20915e-006	29594	25
0	5	1.66081e-006	29602	26
0	5	1.20018e-006	29612	27
0	5	1.57579e-006	29622	28
0	5	1.65798e-006	29632	29
0	5	1.19106e-006	29643	30
0	5	1.19358e-006	29657	31
0	5	1.96057e-006	29672	32
0	5	1.44645e-006	29686	33
0	5	1.21188e-006	29698	34
0	5	1.11606e-006	29711	35
0	5	4.47135e-006	29723	36
0	5	1.77927e-006	29737	37
0	5	1.66885e-006	29753	38
0	5	1.41125e-006	29768	39
0	5	1.26069e-006	29784	40
0	5	1.11649e-006	29799	41
0	5	1.34364e-006	29817	42
0	5	1.42621e-006	29834	43
0	5	1.93426e-006	29852	44
0	5	1.32473e-006	29870	45
0	5	1.60942e-006	29890	46
0	5	1.09211e-006	29909	47
0	5	1.95817e-006	29929	48
0	5	2.56208e-006	29951	49
0	5	1.55099e-006	29973	50
0	5	1.18869e-006	29997	51
0	5	1.30279e-006	30019	52
0	5	1.33284e-006	30044	53
0	5	1.4926e-006	30068	54
0	5	1.12916e-006	30095	55
0	5	1.38572e-006	30124	56
0	5	1.07101e-006	30150	57
0	5	1.06651e-006	30182	58
0	5	1.43005e-006	30213	59
0	5	1.16895e-006	30244	60
0	5	1.16896e-006	30278	61
0	5	1.03221e-006	30314	62
0	5	1.22478e-006	30346	63
0	5	1.0991e-006	30377	64
0	5	1.01417e-006	30410	65
0	5	1.20767e-006	30443	66
0	5	1.01382e-006	30480	67
0	5	1.53376e-006	30519	68
0	5	1.14346e-006	30565	69
0	5	1.10487e-006	30607	70
0	5	1.01144e-006	30652	71
0	5	9.81926e-007	30704	72
0	5	9.15453e-007	30752	73
0	5	1.01673e-006	30800	74
0	5	1.08689e-006	30852	75
0	5	9.40461e-007	30904	76
0	5	9.31819e-007	30953	77
0	5	9.05303e-007	31006	78
0	5	1.11546e-006	31065	79
0	5	9.27257e-007	31120	80
0	5	9.41288e-007	31179	81
0	5	8.78131e-007	31240	82
0	5	8.55522e-007	31295	83
0	5	8.28829e-007	31352	84
0	5	9.02991e-007	31412	85
0	5	8.1576e-007	31476	86
0	5	7.85821e-007	31543	87
0	5	1.62617e-006	31610	88
0	5	1.20246e-006	31676	89
0	5	1.08404e-006	31749	90
0	5	8.61952e-007	31820	91
0	5	7.83938e-007	31895	92
0	5	7.82106e-007	31975	93
0	5	1.25054e-006	32051	94
0	5	1.17508e-006	32124	95
0	5	9.5164e-007	32204	96
0	5	7.74736e-007	32285	97
0	5	8.15771e-007	32367	98
0	5	8.46086e-007	32448	99
0	5	9.07247e-007	32531	100
0	5	9.17948e-007	32624	101
0	5	7.71692e-007	32725	102
0	5	7.47857e-007	32821	103
0	5	1.28063e-006	32916	104
0	5	7.24528e-007	33014	105
0	5	7.00517e-007	33110	106
0	5	7.0208e-007	33212	107
0	5	6.78856e-007	33317	108
0	5	6.68348e-007	33426	109
0	5	6.60984e-007	33525	110
0	5	7.6136e-007	33629	111
0	5	1.22752e-006	33745	112
0	5	2.2878e-006	33860	113
0	5	1.17524e-006	33967	114
0	5	1.07105e-006	34080	115
0	5	7.11802e-007	34204	116
0	5	8.56828e-007	34335	117
0	5	6.51674e-007	34468	118
0	5	7.856e-007	34590	119
0	5	6.45455e-007	34736	120
0	5	1.07603e-006	34857	121
0	5	6.4391e-007	34977	122
0	5	1.71622e-006	35095	123
0	5	7.53129e-007	35215	124
0	5	8.69925e-007	35336	125
0	5	6.32823e-007	35466	126
0	5	6.20471e-007	35596	127
0	5	6.2473e-007	35736	128
0	6	1.18136e-006	35742	1
0	6	1.08987e-005	35746	2
0	6	4.70537e-006	35750	3
0	6	2.69244e-006	35755	4
0	6	2.73768e-006	35759	5
0	6	1.83554e-006	35762	6
0	6	2.1295e-006	35766	7
0	6	3.33956e-006	35771	8
0	6	1.63064e-006	35774	9
0	6	4.88745e-006	35778	10
0	6	2.32507e-006	35783	11
0	6	1.34403e-006	35787	12
0	6	1.84952e-006	35792	13
0	6	1.49386e-006	35797	14
0	6	1.35e-006	35802	15
0	6	1.32775e-006	35808	16
0	6	1.30063e-006	35814	17
0	6	2.59761e-006	35820	18
0	6	1.86487e-006	35826	19
0	6	2.44553e-006	35833	20
0	6	1.87514e-006	35839	21
0	6	1.62447e-006	35846	22
0	6	1.44098e-006	35856	23
0	6	1.2995e-006	35863	24
0	6	2.41863e-006	35871	25
0	6	1.51292e-006	35880	26
0	6	1.21819e-006	35888	27
0	6	1.19178e-006	35896	28
0	6	1.19084e-006	35906	29
0	6	1.5026e-006	35919	30
0	6	1.21279e-006	35931	31
0	6	1.22148e-006	35944	32
0	6	1.18217e-006	35955	33
0	6	1.23968e-006	35965	34
0	6	1.2773e-006	35975	35
0	6	1.37471e-006	35986	36
0	6	1.17399e-006	35998	37
0	6	1.15511e-006	36013	38
0	6	1.12697e-006	36027	39
0	6	1.65559e-006	36041	40
0	6	1.38262e-006	36055	41
0	6	1.147e-006	36071	42
0	6	1.08308e-006	36087	43
0	6	1.06104e-006	36103	44
0	6	1.02374e-006	36122	45
0	6	9.24729e-007	36139	46
0	6	9.09488e-007	36161	47
0	6	8.3391e-007	36182	48
0	6	7.91574e-007	36207	49
0	6	7.72056e-007	36229	50
0	6	7.62712e-007	36261	51
0	6	1.2093e-006	36290	52
0	6	1.21178e-006	36314	53
0	6	1.18124e-006	36357	54
0	6	9.62261e-007	36385	55
0	6	7.67486e-007	36411	56
0	6	7.26534e-007	36442	57
0	6	8.32763e-007	36469	58
0	6	8.54132e-007	36494	59
0	6	7.79906e-007	36520	60
0	6	7.86663e-007	36548	61
0	6	7.66286e-007	36578	62
0	6	1.44827e-006	36607	63
0	6	7.17004e-007	36640	64
0	6	7.15366e-007	36673	65
0	6	9.89265e-007	36704	66
0	6	1.05407e-006	36739	67
0	6	9.24823e-007	36773	68
0	6	7.14583e-007	36808	69
0	6	2.17087e-006	36845	70
0	6	2.584e-006	36885	71
0	6	1.08319e-006	36930	72
0	6	1.28252e-006	36975	73
0	6	7.09325e-007	37021	74
0	6	6.99927e-007	37063	75
0	6	1.29013e-006	37110	76
0	6	6.97245e-007	37154	77
0	6	9.15157e-007	37198	78
0	6	7.67491e-007	37254	79
0	6	6.86289e-007	37321	80
0	6	7.15893e-007	37375	81
0	6	7.09182e-007	37433	82
0	6	7.54342e-007	37485	83
0	6	6.75578e-007	37539	84
0	6	1.16944e-006	37595	85
0	6	6.73735e-007	37652	86
0	6	1.37909e-006	37708	87
0	6	7.89016e-007	37765	88
0	6	9.70102e-007	37823	89
0	6	6.64972e-007	37887	90
0	6	6.82571e-007	37960	91
0	6	6.50841e-007	38030	92
0	6	6.40109e-007	38097	93
0	6	6.30582e-007	38167	94
0	6	6.89698e-007	38234	95
0	6	6.20001e-007	38310	96
0	6	6.589e-007	38383	97
0	6	6.45267e-007	38461	98
0	6	8.2582e-007	38538	99
0	6	6.07498e-007	38615	100
0	6	6.70057e-007	38696	101
0	6	5.90335e-007	38798	102
0	6	5.84458e-007	38883	103
0	6	6.61513e-007	38976	104
0	6	5.83855e-007	39067	105
0	6	5.63346e-007	39159	106
0	6	6.67038e-007	39251	107
0	6	5.50727e-007	39353	108
