step	level	max error	time	nr. of control nodes
0	0	0.513086	6	2
0	0	0.277331	13	4
0	0	0.210561	19	6
0	0	0.161213	27	8
0	0	0.122667	34	10
0	0	0.0395895	42	12
0	0	0.0343822	50	14
0	0	0.0284775	59	16
0	0	0.0141567	70	18
0	0	0.00874385	81	20
0	0	0.00714954	104	22
0	0	0.0059239	120	24
0	0	0.00568224	135	26
0	0	0.00510157	151	28
0	0	0.00494704	168	30
0	0	0.00271781	184	32
0	0	0.00240541	199	34
0	0	0.00208086	216	36
0	0	0.0018738	232	38
0	0	0.00157278	252	40
0	0	0.00157098	273	42
0	0	0.00144856	294	44
0	0	0.00110477	315	46
0	0	0.00101697	338	48
0	0	0.000857846	364	50
0	0	0.000810968	390	52
0	0	0.000767921	420	54
0	0	0.000447958	448	56
0	0	0.000427656	479	58
0	0	0.000313495	510	60
0	0	0.000270999	546	62
0	0	0.000253892	585	64
0	0	0.000310135	623	66
0	0	0.00025332	671	68
0	0	0.000229515	715	70
0	0	0.000193057	756	72
0	0	0.000182858	807	74
0	0	0.000168981	856	76
0	0	0.000166206	908	78
0	0	0.000156529	963	80
0	0	0.000128964	1023	82
0	0	0.000141045	1098	84
0	0	0.000120979	1161	86
0	0	0.000119116	1249	88
0	0	0.000100356	1333	90
0	0	7.82719e-005	1403	92
0	0	7.5923e-005	1475	94
0	0	9.33217e-005	1565	96
0	0	6.54043e-005	1647	98
0	0	5.93258e-005	1753	100
0	0	5.74129e-005	1852	102
0	0	4.77452e-005	1943	104
0	0	4.6349e-005	2036	106
0	0	4.57785e-005	2142	108
0	0	2.86826e-005	2259	110
0	0	2.64114e-005	2395	112
0	0	2.17937e-005	2527	114
0	0	2.05508e-005	2669	116
0	0	1.91327e-005	2809	118
0	0	1.80157e-005	2943	120
0	0	1.64239e-005	3096	122
0	0	1.6063e-005	3235	124
0	0	1.50681e-005	3376	126
0	0	1.48703e-005	3533	128
0	0	1.15307e-005	3717	130
0	0	1.14291e-005	3901	132
0	0	1.05285e-005	4065	134
0	0	9.34761e-006	4236	136
0	0	8.72587e-006	4410	138
0	0	7.7523e-006	4625	140
0	0	7.448e-006	4842	142
0	0	9.29666e-006	5065	144
0	0	7.95523e-006	5283	146
0	0	6.68533e-006	5478	148
0	0	6.06099e-006	5721	150
0	0	5.67985e-006	5949	152
0	0	5.46456e-006	6179	154
0	0	5.19981e-006	6431	156
0	0	5.01963e-006	6688	158
0	0	4.81271e-006	6928	160
0	0	3.8115e-006	7179	162
0	0	3.5273e-006	7440	164
0	0	3.05437e-006	7767	166
0	0	2.97064e-006	8046	168
0	0	2.50566e-006	8343	170
0	0	2.59957e-006	8638	172
0	0	2.62715e-006	8947	174
0	0	2.24696e-006	9272	176
0	0	1.94596e-006	9631	178
0	0	1.94937e-006	10052	180
0	0	1.63216e-006	10407	182
0	0	1.41282e-006	10782	184
0	0	1.32467e-006	11152	186
0	0	1.2949e-006	11527	188
0	0	1.27665e-006	11914	190
0	0	1.07205e-006	12343	192
0	0	1.04672e-006	12766	194
0	0	1.2493e-006	13205	196
0	0	1.03071e-006	13673	198
0	0	9.26626e-007	14109	200
0	0	1.07395e-006	14569	202
0	0	9.21228e-007	15032	204
0	0	8.88193e-007	15483	206
0	0	9.47589e-007	15991	208
0	0	8.46408e-007	16479	210
0	0	8.41458e-007	16983	212
0	0	8.2211e-007	17504	214
0	0	8.57997e-007	18012	216
0	0	8.05297e-007	18528	218
0	0	7.82231e-007	19135	220
0	0	6.87726e-007	19755	222
0	0	7.16621e-007	20331	224
0	0	6.42351e-007	20941	226
0	0	6.37198e-007	21523	228
0	0	7.06473e-007	22107	230
0	0	6.21211e-007	22728	232
0	0	5.8506e-007	23396	234
0	0	5.53759e-007	24151	236
0	0	4.84825e-007	24859	238
0	0	4.81849e-007	25556	240
0	0	4.77886e-007	26304	242
0	0	4.56008e-007	27054	244
0	0	4.13013e-007	27999	246
0	0	3.86457e-007	28783	248
0	0	4.7415e-007	29565	250
0	0	3.86009e-007	30299	252
0	0	3.13541e-007	31057	254
0	0	3.09394e-007	31934	256
0	0	3.11972e-007	32886	258
0	0	3.36688e-007	33870	260
0	0	3.48781e-007	34875	262
0	0	3.57072e-007	35918	264
0	0	3.47504e-007	36851	266
0	0	3.89744e-007	37784	268
0	0	2.96252e-007	38806	270
0	0	2.64974e-007	39876	272
0	0	2.60961e-007	40883	274
0	0	2.36563e-007	42087	276
0	0	2.07888e-007	43118	278
0	0	2.01753e-007	44147	280
0	0	1.88984e-007	45172	282
0	0	1.62827e-007	46259	284
0	0	1.58593e-007	47324	286
0	0	1.57917e-007	48505	288
0	0	1.48287e-007	49675	290
0	0	1.58533e-007	50766	292
0	0	1.44483e-007	51992	294
0	0	1.39959e-007	53151	296
0	0	1.37669e-007	54325	298
0	0	1.49592e-007	55505	300
0	0	1.25964e-007	56721	302
0	0	1.517e-007	58024	304
0	0	1.21235e-007	59430	306
0	0	1.18963e-007	60818	308
0	0	1.15466e-007	62261	310
0	0	1.13353e-007	63749	312
0	0	1.16112e-007	65264	314
0	0	1.08679e-007	66746	316
0	0	9.98385e-008	68253	318
0	0	9.72182e-008	69756	320
0	0	9.4547e-008	71204	322
0	0	8.82823e-008	72663	324
0	0	8.47872e-008	74164	326
0	0	8.41282e-008	75680	328
0	0	8.39243e-008	77220	330
0	0	8.22902e-008	78802	332
0	0	9.2587e-008	80395	334
0	0	7.86e-008	82007	336
0	0	7.56612e-008	83667	338
0	0	6.93441e-008	85352	340
0	0	6.78001e-008	87154	342
0	0	8.46443e-008	89052	344
0	0	6.30716e-008	90883	346
0	0	6.84555e-008	92756	348
0	0	6.22932e-008	94681	350
0	0	6.13892e-008	96775	352
0	0	5.93648e-008	98800	354
0	0	5.71059e-008	100823	356
0	0	4.88695e-008	102898	358
0	0	5.36424e-008	105027	360
0	0	5.02592e-008	107311	362
0	0	5.12095e-008	109637	364
0	0	4.98327e-008	112014	366
0	0	4.67254e-008	114264	368
0	0	4.63194e-008	116598	370
0	0	4.38767e-008	118984	372
0	0	4.2675e-008	121543	374
0	0	4.20457e-008	123928	376
0	0	4.187e-008	126261	378
0	0	3.95217e-008	128547	380
0	0	4.21708e-008	130859	382
0	0	3.90316e-008	133185	384
0	0	3.65161e-008	135591	386
0	0	3.60798e-008	138050	388
0	0	3.40983e-008	140527	390
0	0	3.49839e-008	143041	392
0	0	3.96325e-008	145598	394
0	0	3.31315e-008	148357	396
0	0	3.20783e-008	150995	398
0	0	3.0665e-008	153609	400
0	0	3.0585e-008	156288	402
0	0	2.97901e-008	159018	404
0	0	2.92642e-008	161784	406
0	0	2.89626e-008	164600	408
0	0	2.8824e-008	167543	410
0	0	2.82e-008	170446	412
0	0	2.63866e-008	173390	414
0	0	2.56162e-008	176360	416
0	0	2.50595e-008	179392	418
0	0	2.42272e-008	182460	420
0	0	2.31199e-008	185551	422
0	0	2.6575e-008	188694	424
0	0	2.38375e-008	191870	426
0	0	2.22795e-008	195088	428
0	0	2.16614e-008	198338	430
0	0	2.16108e-008	201758	432
0	0	2.10278e-008	205108	434
