step	level	max error	time	nr. of control nodes
0	0	0.513086	7	2
0	0	0.277331	13	4
0	1	0.35169	18	2
0	1	0.118805	23	4
0	2	0.177886	28	2
0	2	0.168751	32	4
0	2	0.0747114	38	6
0	3	0.106865	43	2
0	3	0.105659	48	4
0	3	0.108928	52	6
0	3	0.0635133	58	8
0	3	0.0653131	64	10
0	3	0.0577832	70	12
0	3	0.0235071	77	14
0	4	0.0395028	82	2
0	4	0.0704107	86	4
0	4	0.125674	92	6
0	4	0.0442634	97	8
0	4	0.0484214	103	10
0	4	0.0228958	110	12
0	4	0.0137616	117	14
0	5	0.0255771	122	2
0	5	0.0231758	127	4
0	5	0.0740682	132	6
0	5	0.0331843	137	8
0	5	0.0221686	143	10
0	5	0.0241692	149	12
0	5	0.0159211	155	14
0	5	0.00824938	165	16
0	6	0.0117026	169	2
0	6	0.0258526	173	4
0	6	0.0201269	179	6
0	6	0.0116162	184	8
0	6	0.0102683	190	10
0	6	0.0121515	196	12
0	6	0.00938649	204	14
0	6	0.00723414	212	16
0	6	0.00421765	219	18
0	7	0.00936491	224	2
0	7	0.00801962	228	4
0	7	0.00409402	233	6
0	7	0.00570861	240	8
0	7	0.0300333	245	10
0	7	0.00809251	252	12
0	7	0.00769767	259	14
0	7	0.00589379	266	16
0	7	0.00331898	274	18
0	7	0.00594264	283	20
0	7	0.00270368	292	22
0	8	0.00345578	297	2
0	8	0.00377502	302	4
0	8	0.00497878	307	6
0	8	0.00376562	312	8
0	8	0.00301049	319	10
0	8	0.00478642	325	12
0	8	0.00345657	332	14
0	8	0.00354181	340	16
0	8	0.00290834	348	18
0	8	0.00272429	358	20
0	8	0.00207164	366	22
0	8	0.0030536	376	24
0	8	0.00378342	386	26
0	8	0.00192996	400	28
0	9	0.00800752	406	2
0	9	0.00358829	409	4
0	9	0.0169194	414	6
0	9	0.00717506	419	8
0	9	0.00423518	426	10
0	9	0.00413659	432	12
0	9	0.00223957	440	14
0	9	0.00183472	448	16
0	9	0.00205352	454	18
0	9	0.00165996	463	20
0	9	0.00147661	472	22
0	9	0.00158226	482	24
0	9	0.00190865	492	26
0	9	0.0013011	502	28
0	10	0.00243012	508	2
0	10	0.0025799	512	4
0	10	0.00287583	517	6
0	10	0.00201203	524	8
0	10	0.00417115	530	10
0	10	0.00228866	536	12
0	10	0.00171203	544	14
0	10	0.00537633	551	16
0	10	0.00206434	559	18
0	10	0.00183385	568	20
0	10	0.0013242	576	22
0	10	0.00173194	586	24
0	10	0.00236158	596	26
0	10	0.00101713	609	28
0	10	0.0020842	622	30
0	10	0.000936836	635	32
0	11	0.00140093	640	2
0	11	0.00200592	646	4
0	11	0.00200502	650	6
0	11	0.00193518	656	8
0	11	0.00184378	661	10
0	11	0.00271376	668	12
0	11	0.00163311	674	14
0	11	0.00145613	682	16
0	11	0.00147355	692	18
0	11	0.00121693	700	20
0	11	0.00110733	709	22
0	11	0.00123752	719	24
0	11	0.00109048	730	26
0	11	0.00104818	742	28
0	11	0.00121077	755	30
0	11	0.000988296	769	32
0	11	0.00122557	783	34
0	11	0.000862471	797	36
0	11	0.000783548	812	38
0	11	0.000640052	827	40
0	12	0.000964562	832	2
0	12	0.00202982	837	4
0	12	0.00183771	842	6
0	12	0.000989369	848	8
0	12	0.00141072	853	10
0	12	0.00181361	860	12
0	12	0.00122718	866	14
0	12	0.000902631	874	16
0	12	0.000943095	881	18
0	12	0.00118361	890	20
0	12	0.000848782	899	22
0	12	0.000631853	908	24
0	12	0.000770313	918	26
0	12	0.000502083	930	28
0	12	0.000533095	942	30
0	12	0.000528663	955	32
0	12	0.000469565	969	34
0	13	0.000722875	974	2
0	13	0.00192507	979	4
0	13	0.00103896	984	6
0	13	0.000830868	989	8
0	13	0.00116399	995	10
0	13	0.000931555	1002	12
0	13	0.000660859	1009	14
0	13	0.000468372	1018	16
0	13	0.000556885	1026	18
0	13	0.000569481	1034	20
0	13	0.000444146	1044	22
0	13	0.000621779	1055	24
0	13	0.000662757	1067	26
0	13	0.0005208	1083	28
0	13	0.000448353	1098	30
0	13	0.00074751	1110	32
0	13	0.000425787	1122	34
0	13	0.000425427	1137	36
0	13	0.000316223	1152	38
0	14	0.000489653	1158	2
0	14	0.000860422	1162	4
0	14	0.000818964	1166	6
0	14	0.000533065	1173	8
0	14	0.000663345	1178	10
0	14	0.000937564	1184	12
0	14	0.000859799	1192	14
0	14	0.000477479	1199	16
0	14	0.000600421	1208	18
0	14	0.0005821	1217	20
0	14	0.000444958	1226	22
0	14	0.000934559	1236	24
0	14	0.000458576	1246	26
0	14	0.000528769	1259	28
0	14	0.000379888	1270	30
0	14	0.000425054	1283	32
0	14	0.000632155	1297	34
0	14	0.000340394	1311	36
0	14	0.000291922	1325	38
0	14	0.000591858	1342	40
0	14	0.000301397	1359	42
0	14	0.000331206	1377	44
0	14	0.000237416	1397	46
0	14	0.000424354	1418	48
0	14	0.000311121	1440	50
0	14	0.000224685	1465	52
0	15	0.000331306	1470	2
0	15	0.000446337	1475	4
0	15	0.000377983	1480	6
0	15	0.00033618	1485	8
0	15	0.000852854	1491	10
0	15	0.000404437	1498	12
0	15	0.000427456	1504	14
0	15	0.000279558	1511	16
0	15	0.00125123	1519	18
0	15	0.000442884	1529	20
0	15	0.000420133	1538	22
0	15	0.000262164	1548	24
0	15	0.000319362	1558	26
0	15	0.00030747	1573	28
0	15	0.000257694	1589	30
0	15	0.000397246	1602	32
0	15	0.000205802	1617	34
0	15	0.000183849	1633	36
0	15	0.000258909	1649	38
0	15	0.000254456	1667	40
0	15	0.000385397	1684	42
0	15	0.000407701	1702	44
0	15	0.000317089	1722	46
0	15	0.000181935	1743	48
0	15	0.000152365	1764	50
0	16	0.0002931	1769	2
0	16	0.00050502	1774	4
0	16	0.00038883	1779	6
0	16	0.000308141	1786	8
0	16	0.000432541	1792	10
0	16	0.000365746	1798	12
0	16	0.000330333	1804	14
0	16	0.000276424	1812	16
0	16	0.000365812	1822	18
0	16	0.00025037	1831	20
0	16	0.000269217	1840	22
0	16	0.000408346	1850	24
0	16	0.000272501	1861	26
0	16	0.000217081	1871	28
0	16	0.000302504	1883	30
0	16	0.000201287	1896	32
0	16	0.000198483	1911	34
0	16	0.0002407	1926	36
0	16	0.000176547	1940	38
0	16	0.000246012	1956	40
0	16	0.000182142	1973	42
0	16	0.000160303	1993	44
0	16	0.000147324	2014	46
0	16	0.000173316	2035	48
0	16	0.000146681	2058	50
0	16	0.000136362	2090	52
0	16	0.000166949	2114	54
0	16	0.000150968	2140	56
0	16	0.000159668	2168	58
0	16	0.000126721	2196	60
0	16	0.000145431	2228	62
0	16	0.000120831	2262	64
0	16	0.000255744	2298	66
0	16	0.000123594	2340	68
0	16	0.000146091	2378	70
0	16	0.000118978	2417	72
0	16	0.000241226	2462	74
0	16	0.000116282	2506	76
0	16	9.35532e-005	2555	78
0	17	0.000159857	2560	2
0	17	0.000348254	2565	4
0	17	0.000289138	2570	6
0	17	0.0002494	2576	8
0	17	0.0002832	2581	10
0	17	0.000157051	2589	12
0	17	0.000152316	2601	14
0	17	0.000118399	2610	16
0	17	0.000245841	2620	18
0	17	0.00021456	2630	20
0	17	0.000195452	2639	22
0	17	0.000254307	2648	24
0	17	0.000133761	2658	26
0	17	0.000142796	2668	28
0	17	0.000124307	2681	30
0	17	0.000112905	2693	32
0	17	0.000158196	2707	34
0	17	0.000181813	2721	36
0	17	0.00010796	2742	38
0	17	0.000186671	2758	40
0	17	0.000110049	2775	42
0	17	0.000136254	2793	44
0	17	0.000110995	2814	46
0	17	0.000117253	2837	48
0	17	7.95063e-005	2859	50
0	17	0.000114663	2885	52
0	17	7.14479e-005	2911	54
0	17	0.000111411	2938	56
0	17	9.82486e-005	2966	58
0	17	0.000133909	2995	60
0	17	0.000122567	3027	62
0	17	0.000106795	3061	64
0	17	6.62326e-005	3095	66
0	18	0.000238336	3101	2
0	18	0.000157023	3106	4
0	18	0.000167278	3112	6
0	18	0.000110302	3120	8
0	18	0.000132563	3129	10
0	18	0.000125039	3137	12
0	18	9.60245e-005	3144	14
0	18	0.000155795	3152	16
0	18	0.00012701	3160	18
0	18	0.000112092	3171	20
0	18	9.15596e-005	3180	22
0	18	0.000176076	3190	24
0	18	9.47466e-005	3200	26
0	18	0.000159669	3213	28
0	18	0.000108707	3225	30
0	18	8.40558e-005	3237	32
0	18	0.000117812	3252	34
0	18	0.000144397	3266	36
0	18	8.04379e-005	3281	38
0	18	0.000100808	3298	40
0	18	8.81529e-005	3314	42
0	18	9.62251e-005	3333	44
0	18	8.64683e-005	3352	46
0	18	7.37788e-005	3376	48
0	18	6.89652e-005	3400	50
0	18	6.52617e-005	3424	52
0	18	6.07642e-005	3448	54
0	18	7.54165e-005	3475	56
0	18	8.41335e-005	3504	58
0	18	8.28239e-005	3543	60
0	18	5.52446e-005	3575	62
0	18	5.41839e-005	3617	64
0	18	5.22763e-005	3653	66
0	18	5.27341e-005	3692	68
0	18	9.89261e-005	3731	70
0	18	6.86392e-005	3771	72
0	18	5.67963e-005	3813	74
0	18	5.64848e-005	3856	76
0	18	4.83245e-005	3902	78
0	19	0.000465961	3908	2
0	19	0.000311159	3912	4
0	19	0.000260003	3917	6
0	19	0.000172563	3922	8
0	19	0.000161425	3928	10
0	19	7.6402e-005	3935	12
0	19	0.000162028	3942	14
0	19	0.000104996	3950	16
0	19	8.79371e-005	3958	18
0	19	0.000134112	3966	20
0	19	9.90861e-005	3976	22
0	19	0.000108511	3985	24
0	19	7.38953e-005	3996	26
0	19	5.7781e-005	4006	28
0	19	9.65457e-005	4019	30
0	19	5.85506e-005	4032	32
0	19	5.24591e-005	4045	34
0	19	9.57497e-005	4060	36
0	19	8.74993e-005	4078	38
0	19	5.97843e-005	4097	40
0	19	6.327e-005	4118	42
0	19	5.34232e-005	4137	44
0	19	4.96313e-005	4157	46
0	19	4.95217e-005	4179	48
0	19	5.98995e-005	4201	50
0	19	6.3248e-005	4225	52
0	19	5.35039e-005	4249	54
0	19	4.82314e-005	4276	56
0	19	5.60567e-005	4304	58
0	19	9.90442e-005	4330	60
0	19	7.76976e-005	4361	62
0	19	5.16781e-005	4394	64
0	19	4.80035e-005	4430	66
0	19	5.14275e-005	4465	68
0	19	4.12702e-005	4502	70
0	19	6.89586e-005	4541	72
0	19	4.75625e-005	4588	74
0	19	3.75031e-005	4640	76
0	19	4.80398e-005	4689	78
0	19	3.73082e-005	4739	80
0	19	3.72601e-005	4796	82
0	19	3.37115e-005	4849	84
0	20	5.90523e-005	4855	2
0	20	0.000139039	4860	4
0	20	0.000110284	4865	6
0	20	8.13449e-005	4873	8
0	20	6.64325e-005	4878	10
0	20	8.10157e-005	4884	12
0	20	5.63833e-005	4891	14
0	20	0.000127731	4898	16
0	20	0.00020433	4907	18
0	20	7.94827e-005	4916	20
0	20	8.43338e-005	4925	22
0	20	5.68021e-005	4934	24
0	20	0.00017363	4944	26
0	20	0.000101715	4955	28
0	20	6.37373e-005	4966	30
0	20	6.56087e-005	4978	32
0	20	5.32503e-005	4992	34
0	20	5.2458e-005	5006	36
0	20	7.31186e-005	5021	38
0	20	4.27785e-005	5038	40
0	20	5.72486e-005	5056	42
0	20	5.29299e-005	5077	44
0	20	4.57488e-005	5098	46
0	20	3.84723e-005	5120	48
0	20	7.28728e-005	5148	50
0	20	4.15019e-005	5173	52
0	20	3.86893e-005	5199	54
0	20	9.04583e-005	5224	56
0	20	5.93814e-005	5253	58
0	20	3.23165e-005	5281	60
0	20	3.32462e-005	5312	62
0	20	4.03289e-005	5344	64
0	20	4.03361e-005	5377	66
0	20	4.60178e-005	5414	68
0	20	3.25439e-005	5456	70
0	20	4.93516e-005	5495	72
0	20	3.46823e-005	5537	74
0	20	4.70265e-005	5580	76
0	20	3.42569e-005	5632	78
0	20	2.84763e-005	5692	80
0	20	2.67707e-005	5746	82
0	20	4.42817e-005	5800	84
0	20	2.61498e-005	5854	86
0	20	5.57967e-005	5911	88
0	20	2.28695e-005	5969	90
0	21	4.37149e-005	5975	2
0	21	0.000326645	5979	4
0	21	0.000454047	5984	6
0	21	0.000151475	5990	8
0	21	0.000117063	5995	10
0	21	6.48718e-005	6002	12
0	21	5.78884e-005	6008	14
0	21	5.48639e-005	6016	16
0	21	5.23694e-005	6024	18
0	21	3.91866e-005	6033	20
0	21	0.000124867	6041	22
0	21	3.64719e-005	6052	24
0	21	4.72933e-005	6062	26
0	21	4.33167e-005	6073	28
0	21	3.39909e-005	6091	30
0	21	3.3106e-005	6105	32
0	21	0.000152143	6118	34
0	21	6.42971e-005	6133	36
0	21	4.90798e-005	6151	38
0	21	3.54202e-005	6173	40
0	21	0.000105148	6192	42
0	21	5.264e-005	6213	44
0	21	3.89444e-005	6231	46
0	21	3.00876e-005	6256	48
0	21	4.26545e-005	6278	50
0	21	3.68659e-005	6304	52
0	21	6.88184e-005	6329	54
0	21	4.54295e-005	6352	56
0	21	2.94637e-005	6381	58
0	21	2.857e-005	6409	60
0	21	2.78916e-005	6439	62
0	21	3.60007e-005	6473	64
0	21	2.82144e-005	6507	66
0	21	4.36556e-005	6547	68
0	21	3.04985e-005	6585	70
0	21	3.05266e-005	6636	72
0	21	4.45609e-005	6679	74
0	21	3.8824e-005	6726	76
0	21	9.13917e-005	6775	78
0	21	3.64913e-005	6824	80
0	21	2.65202e-005	6879	82
0	21	2.57412e-005	6933	84
0	21	2.74785e-005	6992	86
0	21	2.32813e-005	7051	88
0	21	2.03728e-005	7142	90
0	21	1.8214e-005	7239	92
0	21	2.29873e-005	7309	94
0	21	1.61274e-005	7376	96
0	22	3.30157e-005	7384	2
0	22	0.000241548	7388	4
0	22	0.000125267	7393	6
0	22	0.000109355	7398	8
0	22	4.70708e-005	7404	10
0	22	4.10452e-005	7410	12
0	22	6.60606e-005	7417	14
0	22	4.76512e-005	7424	16
0	22	2.92388e-005	7433	18
0	22	0.000142939	7441	20
0	22	5.48948e-005	7451	22
0	22	4.8975e-005	7461	24
0	22	0.00017991	7473	26
0	22	3.80462e-005	7483	28
0	22	3.41303e-005	7496	30
0	22	7.69744e-005	7509	32
0	22	4.98999e-005	7523	34
0	22	3.33293e-005	7538	36
0	22	3.21376e-005	7552	38
0	22	3.23474e-005	7567	40
0	22	2.57041e-005	7586	42
0	22	4.28189e-005	7605	44
0	22	2.66023e-005	7626	46
0	22	2.31729e-005	7652	48
0	22	3.34776e-005	7682	50
0	22	2.30739e-005	7706	52
0	22	2.12607e-005	7732	54
0	22	2.61751e-005	7762	56
0	22	1.97138e-005	7791	58
0	22	2.10458e-005	7823	60
0	22	1.87646e-005	7855	62
0	22	2.15361e-005	7900	64
0	22	2.39588e-005	7951	66
0	22	1.88963e-005	7990	68
0	22	3.4453e-005	8035	70
0	22	2.335e-005	8078	72
0	22	2.70029e-005	8120	74
0	22	1.71772e-005	8171	76
0	22	1.94712e-005	8219	78
0	22	2.11171e-005	8266	80
0	22	1.71778e-005	8315	82
0	22	1.692e-005	8367	84
0	22	1.57539e-005	8424	86
0	22	1.55423e-005	8485	88
0	22	1.63947e-005	8558	90
0	22	1.62062e-005	8635	92
0	22	1.53766e-005	8714	94
0	22	3.60323e-005	8784	96
0	22	1.86086e-005	8859	98
0	22	1.85694e-005	8940	100
0	22	1.4554e-005	9022	102
0	22	1.26861e-005	9110	104
0	22	1.23926e-005	9207	106
0	22	1.41965e-005	9294	108
0	22	1.27561e-005	9384	110
0	22	1.2064e-005	9479	112
0	23	8.67784e-005	9486	2
0	23	5.16483e-005	9491	4
0	23	4.01417e-005	9495	6
0	23	3.71329e-005	9501	8
0	23	0.000100134	9507	10
0	23	5.99074e-005	9513	12
0	23	7.05995e-005	9520	14
0	23	3.54044e-005	9526	16
0	23	3.15029e-005	9534	18
0	23	2.68156e-005	9544	20
0	23	2.60898e-005	9554	22
0	23	3.11559e-005	9563	24
0	23	1.77181e-005	9574	26
0	23	8.10253e-005	9584	28
0	23	3.28846e-005	9598	30
0	23	2.53323e-005	9610	32
0	23	2.09142e-005	9624	34
0	23	2.07395e-005	9638	36
0	23	1.8029e-005	9653	38
0	23	2.92368e-005	9674	40
0	23	1.92809e-005	9695	42
0	23	2.45273e-005	9713	44
0	23	1.451e-005	9733	46
0	23	1.50802e-005	9756	48
0	23	2.92258e-005	9778	50
0	23	1.7139e-005	9801	52
0	23	2.16232e-005	9825	54
0	23	1.43878e-005	9850	56
0	23	1.78623e-005	9877	58
0	23	1.26782e-005	9903	60
0	23	2.61442e-005	9933	62
0	23	2.39945e-005	9963	64
0	23	2.74889e-005	9995	66
0	23	1.3234e-005	10029	68
0	23	1.52587e-005	10067	70
0	23	1.53152e-005	10107	72
0	23	1.23953e-005	10154	74
0	23	2.02156e-005	10209	76
0	23	1.23926e-005	10257	78
0	23	2.30089e-005	10308	80
0	23	2.69039e-005	10364	82
0	23	1.35799e-005	10433	84
0	23	1.1838e-005	10530	86
0	23	1.71849e-005	10590	88
0	23	1.45387e-005	10651	90
0	23	1.49007e-005	10726	92
0	23	1.09738e-005	10792	94
0	23	1.07016e-005	10868	96
0	23	1.03379e-005	10962	98
0	23	1.77398e-005	11043	100
0	23	1.4121e-005	11125	102
0	23	1.55592e-005	11219	104
0	23	1.12211e-005	11305	106
0	23	8.36567e-006	11395	108
0	24	1.64703e-005	11402	2
0	24	6.80261e-005	11406	4
0	24	3.10035e-005	11411	6
0	24	2.64811e-005	11416	8
0	24	1.77944e-005	11422	10
0	24	1.49992e-005	11428	12
0	24	1.33484e-005	11435	14
0	24	5.02548e-005	11442	16
0	24	3.66874e-005	11451	18
0	24	4.65162e-005	11461	20
0	24	2.3674e-005	11470	22
0	24	2.48003e-005	11479	24
0	24	1.56556e-005	11490	26
0	24	2.01997e-005	11500	28
0	24	1.27198e-005	11511	30
0	24	1.7569e-005	11524	32
0	24	1.59138e-005	11537	34
0	24	1.65234e-005	11550	36
0	24	1.20243e-005	11564	38
0	24	1.2205e-005	11581	40
0	24	2.008e-005	11599	42
0	24	1.49793e-005	11620	44
0	24	1.24788e-005	11640	46
0	24	1.33674e-005	11663	48
0	24	1.9625e-005	11687	50
0	24	2.18683e-005	11715	52
0	24	1.00341e-005	11739	54
0	24	9.67416e-006	11768	56
0	24	1.09353e-005	11796	58
0	24	1.34564e-005	11826	60
0	24	9.62194e-006	11858	62
0	24	1.18715e-005	11887	64
0	24	1.21644e-005	11917	66
0	24	8.99089e-006	11951	68
0	24	1.10725e-005	11989	70
0	24	8.98585e-006	12027	72
0	24	1.16012e-005	12070	74
0	24	9.97549e-006	12116	76
0	24	8.64694e-006	12164	78
0	24	1.09009e-005	12211	80
0	24	7.84621e-006	12269	82
0	24	7.49142e-006	12326	84
0	24	7.64609e-006	12383	86
0	24	7.61122e-006	12438	88
0	24	7.29573e-006	12501	90
0	24	7.27473e-006	12564	92
0	24	7.09292e-006	12633	94
0	24	8.21798e-006	12705	96
0	24	7.11494e-006	12787	98
0	24	7.49413e-006	12867	100
0	24	6.42293e-006	12947	102
0	24	6.1228e-006	13033	104
0	25	1.07301e-005	13041	2
0	25	8.52208e-005	13045	4
0	25	4.53341e-005	13050	6
0	25	5.32288e-005	13057	8
0	25	1.76051e-005	13062	10
0	25	2.80098e-005	13068	12
0	25	1.14788e-005	13074	14
0	25	1.20098e-005	13082	16
0	25	1.01084e-005	13090	18
0	25	3.31256e-005	13099	20
0	25	3.59144e-005	13107	22
0	25	3.87964e-005	13118	24
0	25	1.42811e-005	13128	26
0	25	1.37029e-005	13139	28
0	25	9.5185e-006	13150	30
0	25	2.17737e-005	13163	32
0	25	6.29821e-005	13177	34
0	25	1.23257e-005	13193	36
0	25	1.11136e-005	13211	38
0	25	9.39466e-006	13232	40
0	25	1.28549e-005	13249	42
0	25	9.48685e-006	13266	44
0	25	8.34254e-006	13286	46
0	25	4.8161e-005	13306	48
0	25	2.43121e-005	13331	50
0	25	1.34292e-005	13356	52
0	25	9.36011e-006	13383	54
0	25	8.32518e-006	13411	56
0	25	8.82705e-006	13437	58
0	25	8.71472e-006	13465	60
0	25	7.90602e-006	13495	62
0	25	1.28068e-005	13526	64
0	25	8.52194e-006	13561	66
0	25	7.14178e-006	13598	68
0	25	8.4597e-006	13636	70
0	25	6.78316e-006	13674	72
0	25	1.44467e-005	13715	74
0	25	7.07312e-006	13766	76
0	25	1.12466e-005	13815	78
0	25	7.29026e-006	13863	80
0	25	7.47983e-006	13916	82
0	25	6.58924e-006	13970	84
0	25	6.61443e-006	14027	86
0	25	9.60487e-006	14090	88
0	25	6.32544e-006	14155	90
0	25	8.52797e-006	14219	92
0	25	7.85431e-006	14293	94
0	25	6.75094e-006	14363	96
0	25	5.68033e-006	14432	98
0	25	5.79335e-006	14508	100
0	25	6.10647e-006	14588	102
0	25	5.29634e-006	14679	104
0	25	5.2609e-006	14779	106
0	25	5.03385e-006	14869	108
0	25	4.87571e-006	14960	110
0	25	8.93813e-006	15053	112
0	25	6.68415e-006	15162	114
0	25	5.51171e-006	15268	116
0	25	5.2002e-006	15384	118
0	25	5.42676e-006	15492	120
0	25	4.52991e-006	15606	122
0	26	7.16256e-006	15612	2
0	26	5.54684e-005	15617	4
0	26	4.6929e-005	15621	6
0	26	2.45516e-005	15628	8
0	26	1.85797e-005	15634	10
0	26	2.07507e-005	15640	12
0	26	1.02589e-005	15647	14
0	26	1.41698e-005	15654	16
0	26	1.64192e-005	15661	18
0	26	8.73857e-006	15669	20
0	26	1.08575e-005	15678	22
0	26	1.06592e-005	15687	24
0	26	1.17776e-005	15698	26
0	26	7.8648e-006	15710	28
0	26	9.2252e-006	15722	30
0	26	8.47303e-006	15735	32
0	26	3.26768e-005	15749	34
0	26	1.6892e-005	15762	36
0	26	9.31926e-006	15777	38
0	26	8.31465e-006	15798	40
0	26	7.58144e-006	15818	42
0	26	6.60819e-006	15835	44
0	26	5.91933e-006	15855	46
0	26	7.54939e-006	15875	48
0	26	1.07532e-005	15898	50
0	26	8.79246e-006	15921	52
0	26	5.36515e-006	15945	54
0	26	6.45519e-006	15972	56
0	26	8.24149e-006	15998	58
0	26	6.09428e-006	16025	60
0	26	8.46903e-006	16054	62
0	26	7.45127e-006	16087	64
0	26	5.32436e-006	16121	66
0	26	5.16825e-006	16154	68
0	26	4.841e-006	16189	70
0	26	7.01492e-006	16231	72
0	26	4.7489e-006	16274	74
0	26	7.92571e-006	16331	76
0	26	1.11155e-005	16379	78
0	26	4.74988e-006	16430	80
0	26	4.49169e-006	16479	82
0	26	5.23463e-006	16535	84
0	26	6.06995e-006	16592	86
0	26	5.7655e-006	16654	88
0	26	4.08909e-006	16716	90
0	26	3.7318e-006	16790	92
0	26	3.70795e-006	16861	94
0	26	4.60759e-006	16931	96
0	26	4.26857e-006	17002	98
0	26	3.50377e-006	17078	100
0	26	3.75302e-006	17159	102
0	26	3.91841e-006	17240	104
0	26	4.36493e-006	17341	106
0	26	3.68191e-006	17430	108
0	26	3.3399e-006	17521	110
0	27	6.6308e-006	17527	2
0	27	7.71631e-006	17531	4
0	27	6.47122e-006	17537	6
0	27	6.00767e-005	17542	8
0	27	3.1743e-005	17548	10
0	27	1.38955e-005	17555	12
0	27	2.92288e-005	17561	14
0	27	9.92925e-006	17568	16
0	27	8.82922e-006	17575	18
0	27	1.15046e-005	17584	20
0	27	6.69384e-006	17593	22
0	27	6.49551e-006	17604	24
0	27	9.95072e-006	17615	26
0	27	5.58601e-006	17627	28
0	27	5.46773e-006	17639	30
0	27	1.29008e-005	17652	32
0	27	2.03842e-005	17663	34
0	27	7.62186e-006	17677	36
0	27	6.22269e-006	17691	38
0	27	7.03346e-006	17705	40
0	27	5.79418e-006	17730	42
0	27	6.34941e-006	17748	44
0	27	7.03071e-006	17768	46
0	27	5.1958e-006	17788	48
0	27	5.80353e-006	17817	50
0	27	6.13493e-006	17846	52
0	27	4.55263e-006	17871	54
0	27	7.07771e-006	17897	56
0	27	5.15443e-006	17925	58
0	27	4.23022e-006	17954	60
0	27	4.22014e-006	17983	62
0	27	6.68849e-006	18015	64
0	27	6.24751e-006	18050	66
0	27	4.64661e-006	18086	68
0	27	5.4854e-006	18123	70
0	27	6.24451e-006	18162	72
0	27	5.79471e-006	18201	74
0	27	3.9825e-006	18242	76
0	27	4.03521e-006	18288	78
0	27	5.05464e-006	18347	80
0	27	4.61212e-006	18401	82
0	27	4.10831e-006	18455	84
0	27	3.42581e-006	18509	86
0	27	3.87257e-006	18566	88
0	27	3.67638e-006	18627	90
0	27	7.59773e-006	18687	92
0	27	4.27431e-006	18750	94
0	27	4.03649e-006	18818	96
0	27	3.29368e-006	18900	98
0	27	3.97722e-006	18977	100
0	27	3.50168e-006	19063	102
0	27	3.99797e-006	19148	104
0	27	3.13135e-006	19234	106
0	27	3.66807e-006	19329	108
0	27	3.50948e-006	19435	110
0	27	3.3325e-006	19536	112
0	27	3.13627e-006	19640	114
0	27	2.96286e-006	19747	116
0	27	2.98701e-006	19865	118
0	27	2.82458e-006	19987	120
0	27	2.76739e-006	20107	122
0	27	2.79463e-006	20226	124
0	27	2.71402e-006	20356	126
0	27	5.34038e-006	20490	128
0	27	2.66205e-006	20623	130
0	27	2.95198e-006	20767	132
0	27	2.6208e-006	20932	134
0	27	2.60432e-006	21085	136
0	27	3.26963e-006	21240	138
0	27	4.15342e-006	21412	140
0	27	2.81402e-006	21589	142
0	27	2.50917e-006	21767	144
0	27	2.37716e-006	21961	146
0	28	4.46735e-006	21967	2
0	28	2.28445e-005	21971	4
0	28	1.08447e-005	21976	6
0	28	1.34413e-005	21981	8
0	28	4.38008e-006	21987	10
0	28	2.64733e-005	21993	12
0	28	1.04948e-005	22000	14
0	28	9.57978e-005	22008	16
0	28	3.20481e-005	22016	18
0	28	7.73566e-006	22024	20
0	28	6.98408e-006	22034	22
0	28	9.88059e-006	22044	24
0	28	9.74247e-006	22055	26
0	28	5.51802e-006	22068	28
0	28	1.21172e-005	22079	30
0	28	4.68309e-006	22091	32
0	28	5.5537e-006	22104	34
0	28	9.66981e-006	22117	36
0	28	6.75334e-006	22132	38
0	28	4.94979e-006	22147	40
0	28	9.70755e-006	22162	42
0	28	4.20205e-006	22179	44
0	28	4.15004e-006	22197	46
0	28	3.71156e-006	22217	48
0	28	1.23886e-005	22238	50
0	28	6.99843e-006	22260	52
0	28	5.2808e-006	22285	54
0	28	4.42748e-006	22309	56
0	28	4.16895e-006	22335	58
0	28	3.96217e-006	22364	60
0	28	3.93295e-006	22396	62
0	28	5.54689e-006	22433	64
0	28	3.39594e-006	22469	66
0	28	3.65264e-006	22507	68
0	28	3.08531e-006	22545	70
0	28	3.60976e-006	22585	72
0	28	3.10759e-006	22630	74
0	28	3.67942e-006	22676	76
0	28	2.82717e-006	22723	78
0	28	3.01378e-006	22773	80
0	28	6.00535e-006	22823	82
0	28	5.12725e-006	22877	84
0	28	3.32276e-006	22941	86
0	28	2.94953e-006	23000	88
0	28	2.75304e-006	23069	90
0	28	2.65684e-006	23136	92
0	28	2.55149e-006	23205	94
0	28	2.55201e-006	23276	96
0	28	2.65003e-006	23348	98
0	28	2.44081e-006	23434	100
0	28	3.42373e-006	23523	102
0	28	2.41819e-006	23605	104
0	28	2.34649e-006	23694	106
0	28	2.41132e-006	23784	108
0	28	2.26225e-006	23874	110
0	28	2.35255e-006	23975	112
0	28	3.39159e-006	24071	114
0	28	2.75541e-006	24172	116
0	28	2.54907e-006	24281	118
0	28	3.37176e-006	24391	120
0	28	3.35405e-006	24522	122
0	28	2.31383e-006	24646	124
0	28	2.12199e-006	24777	126
0	28	2.66491e-006	24905	128
0	28	2.13677e-006	25060	130
0	28	2.36266e-006	25207	132
0	28	3.33298e-006	25359	134
0	28	2.16605e-006	25525	136
0	28	2.10293e-006	25683	138
0	28	2.81984e-006	25843	140
0	28	2.51876e-006	26022	142
0	28	2.17846e-006	26201	144
0	28	2.01179e-006	26385	146
0	28	2.48808e-006	26579	148
0	28	2.37517e-006	26770	150
0	28	2.15267e-006	26970	152
0	28	2.90072e-006	27180	154
0	28	2.00269e-006	27382	156
0	28	2.0519e-006	27605	158
0	28	2.0494e-006	27828	160
0	28	2.02222e-006	28078	162
0	28	1.90866e-006	28319	164
0	28	2.31368e-006	28580	166
0	28	2.82534e-006	28832	168
0	28	2.59874e-006	29100	170
0	28	2.20908e-006	29361	172
0	28	1.8042e-006	29645	174
0	28	2.47415e-006	29927	176
0	28	2.02352e-006	30227	178
0	28	1.72739e-006	30526	180
0	29	3.78544e-006	30532	2
0	29	4.74415e-006	30537	4
0	29	6.86348e-006	30542	6
0	29	3.39956e-006	30547	8
0	29	1.18332e-005	30556	10
0	29	4.92703e-006	30566	12
0	29	3.82217e-006	30574	14
0	29	3.26978e-006	30584	16
0	29	2.82663e-006	30593	18
0	29	3.682e-006	30602	20
0	29	3.79319e-006	30611	22
0	29	7.90203e-006	30620	24
0	29	3.28287e-006	30633	26
0	29	6.42153e-006	30643	28
0	29	3.98246e-006	30655	30
0	29	2.6767e-006	30667	32
0	29	2.98775e-006	30681	34
0	29	3.58081e-006	30696	36
0	29	2.7735e-006	30710	38
0	29	3.05097e-006	30726	40
0	29	4.43955e-006	30744	42
0	29	2.94477e-006	30763	44
0	29	2.61522e-006	30782	46
0	29	2.31052e-006	30803	48
0	29	3.15087e-006	30827	50
0	29	2.23002e-006	30852	52
0	29	3.81947e-006	30874	54
0	29	2.90962e-006	30898	56
0	29	2.32712e-006	30924	58
0	29	3.82058e-006	30952	60
0	29	5.52511e-006	30981	62
0	29	2.51462e-006	31011	64
0	29	2.13687e-006	31045	66
0	29	2.17417e-006	31084	68
0	29	3.97815e-006	31127	70
0	29	2.07732e-006	31165	72
0	29	2.06964e-006	31205	74
0	29	2.04627e-006	31249	76
0	29	2.71205e-006	31294	78
0	29	2.00612e-006	31344	80
0	29	4.23009e-006	31394	82
0	29	3.17097e-006	31448	84
0	29	1.89701e-006	31505	86
0	29	2.04326e-006	31570	88
0	29	1.94909e-006	31641	90
0	29	1.88728e-006	31703	92
0	29	1.81175e-006	31769	94
0	29	5.17381e-006	31841	96
0	29	4.41402e-006	31915	98
0	29	2.28228e-006	31993	100
0	29	2.26246e-006	32075	102
0	29	1.83977e-006	32170	104
0	29	2.25344e-006	32254	106
0	29	1.93583e-006	32341	108
0	29	1.9525e-006	32436	110
0	29	1.68738e-006	32536	112
0	29	2.6286e-006	32651	114
0	29	1.91436e-006	32759	116
0	29	1.76954e-006	32884	118
0	29	2.7003e-006	32999	120
0	29	2.25992e-006	33129	122
0	29	1.62765e-006	33253	124
0	29	2.15515e-006	33380	126
0	29	1.77109e-006	33511	128
0	29	1.98434e-006	33659	130
0	29	1.99428e-006	33805	132
0	29	1.87115e-006	33948	134
0	29	1.61661e-006	34100	136
0	29	2.0716e-006	34270	138
0	29	1.59282e-006	34433	140
0	29	1.53297e-006	34600	142
0	29	1.63481e-006	34790	144
0	29	1.44502e-006	34973	146
0	29	1.87278e-006	35175	148
0	29	1.42685e-006	35367	150
0	29	1.39652e-006	35560	152
0	29	1.66118e-006	35776	154
0	29	1.47298e-006	35992	156
0	29	1.39128e-006	36222	158
0	29	1.77813e-006	36450	160
0	29	1.37615e-006	36690	162
0	29	1.2595e-006	36930	164
0	30	2.37718e-006	36938	2
0	30	1.54533e-005	36943	4
0	30	8.5132e-006	36948	6
0	30	6.39852e-006	36953	8
0	30	3.68028e-006	36959	10
0	30	3.39717e-006	36965	12
0	30	2.72971e-006	36972	14
0	30	2.67465e-006	36979	16
0	30	3.45484e-006	36987	18
0	30	2.31643e-006	36995	20
0	30	2.06324e-005	37004	22
0	30	1.12842e-005	37014	24
0	30	6.28198e-006	37024	26
0	30	3.69124e-006	37036	28
0	30	3.20722e-006	37049	30
0	30	2.0392e-006	37062	32
0	30	2.72148e-006	37075	34
0	30	3.29646e-006	37091	36
0	30	2.14328e-006	37108	38
0	30	6.12278e-006	37125	40
0	30	2.56964e-006	37143	42
0	30	2.61069e-006	37162	44
0	30	2.70667e-006	37182	46
0	30	2.50241e-006	37208	48
0	30	1.75199e-006	37232	50
0	30	2.2476e-006	37256	52
0	30	1.78542e-006	37283	54
0	30	2.69895e-006	37310	56
0	30	2.47488e-006	37339	58
0	30	1.77139e-006	37368	60
0	30	2.28198e-006	37400	62
0	30	2.00785e-006	37435	64
0	30	1.924e-006	37471	66
0	30	2.11266e-006	37507	68
0	30	2.68294e-006	37545	70
0	30	1.55838e-006	37584	72
0	30	2.28437e-006	37624	74
0	30	1.61056e-006	37670	76
0	30	1.5837e-006	37714	78
0	30	1.68444e-006	37771	80
0	30	3.80027e-006	37821	82
0	30	1.52493e-006	37870	84
0	30	1.6262e-006	37924	86
0	30	1.82522e-006	37978	88
0	30	2.23017e-006	38043	90
0	30	2.4642e-006	38108	92
0	30	1.94988e-006	38178	94
0	30	1.36074e-006	38258	96
0	30	1.89734e-006	38332	98
0	30	1.30787e-006	38407	100
0	30	1.7376e-006	38484	102
0	30	1.82598e-006	38566	104
0	30	1.3845e-006	38650	106
0	30	1.88064e-006	38742	108
0	30	1.32882e-006	38847	110
0	30	1.19269e-006	38942	112
0	30	1.18243e-006	39042	114
0	30	1.54382e-006	39150	116
0	30	1.50832e-006	39267	118
0	30	1.17541e-006	39383	120
0	30	1.10757e-006	39502	122
0	30	1.24212e-006	39629	124
0	30	1.09751e-006	39761	126
0	30	1.68264e-006	39898	128
0	30	1.66761e-006	40035	130
0	30	1.42061e-006	40180	132
0	30	1.19701e-006	40339	134
0	30	1.07282e-006	40494	136
0	30	1.07165e-006	40656	138
0	30	1.1465e-006	40927	140
0	30	1.06799e-006	41105	142
0	30	1.04041e-006	41284	144
0	30	1.2573e-006	41468	146
0	30	9.65769e-007	41656	148
0	30	9.58567e-007	41856	150
0	30	9.46783e-007	42054	152
0	30	1.03407e-006	42263	154
0	30	1.25396e-006	42486	156
0	30	9.88291e-007	42700	158
0	30	9.31186e-007	42944	160
0	31	1.71046e-006	42950	2
0	31	7.91512e-006	42955	4
0	31	1.34166e-005	42960	6
0	31	5.52562e-006	42965	8
0	31	3.91428e-006	42971	10
0	31	2.27425e-006	42978	12
0	31	2.36846e-006	42985	14
0	31	1.80128e-006	42993	16
0	31	2.2475e-006	43001	18
0	31	1.52827e-006	43011	20
0	31	2.00285e-006	43019	22
0	31	3.15996e-006	43029	24
0	31	2.5786e-006	43038	26
0	31	1.6677e-006	43049	28
0	31	2.72504e-006	43061	30
0	31	1.61179e-006	43073	32
0	31	1.5775e-006	43086	34
0	31	1.77352e-006	43101	36
0	31	1.55139e-006	43116	38
0	31	1.47321e-006	43134	40
0	31	2.41197e-006	43152	42
0	31	1.52377e-006	43171	44
0	31	1.58501e-006	43190	46
0	31	1.92243e-006	43211	48
0	31	1.39132e-006	43234	50
0	31	1.32795e-006	43258	52
0	31	1.8895e-006	43284	54
0	31	1.61613e-006	43312	56
0	31	1.45282e-006	43343	58
0	31	1.26146e-006	43374	60
0	31	1.97296e-006	43403	62
0	31	1.44339e-006	43435	64
0	31	1.36966e-006	43467	66
0	31	1.30118e-006	43502	68
0	31	1.19671e-006	43539	70
0	31	4.581e-006	43581	72
0	31	1.58146e-006	43624	74
0	31	1.15859e-006	43670	76
0	31	1.13952e-006	43716	78
0	31	1.5997e-006	43767	80
0	31	1.47884e-006	43818	82
0	31	1.85124e-006	43878	84
0	31	1.23761e-006	43934	86
0	31	1.18025e-006	43991	88
0	31	1.05426e-006	44051	90
0	31	1.75871e-006	44117	92
0	31	1.00341e-006	44186	94
0	31	1.52683e-006	44259	96
0	31	1.05153e-006	44338	98
0	31	1.01041e-006	44421	100
0	31	1.09521e-006	44502	102
0	31	1.28716e-006	44587	104
0	31	1.16842e-006	44676	106
0	31	1.07446e-006	44767	108
0	31	1.44256e-006	44865	110
0	31	1.4059e-006	44962	112
0	31	9.48778e-007	45063	114
0	31	9.43366e-007	45173	116
0	31	1.02127e-006	45285	118
0	31	9.23525e-007	45412	120
0	31	1.72557e-006	45529	122
0	31	1.14406e-006	45650	124
0	31	1.14353e-006	45778	126
0	31	1.20671e-006	45915	128
0	31	1.16765e-006	46054	130
0	31	1.15621e-006	46202	132
0	31	8.44582e-007	46357	134
0	31	1.44701e-006	46515	136
0	31	9.18809e-007	46673	138
0	31	8.70316e-007	46836	140
0	31	1.22599e-006	47013	142
0	31	7.74925e-007	47192	144
0	31	9.39488e-007	47375	146
0	31	8.57559e-007	47566	148
0	31	7.50119e-007	47758	150
0	31	1.15765e-006	47972	152
0	31	7.85784e-007	48182	154
0	31	7.89046e-007	48401	156
0	31	9.28136e-007	48632	158
0	31	7.73404e-007	48861	160
0	31	7.36662e-007	49112	162
0	31	7.26372e-007	49356	164
0	31	1.0201e-006	49613	166
0	31	7.04448e-007	49865	168
0	31	6.94756e-007	50140	170
0	32	1.29293e-006	50147	2
0	32	1.376e-005	50151	4
0	32	7.82972e-006	50156	6
0	32	6.46341e-006	50161	8
0	32	4.58427e-006	50167	10
0	32	2.79028e-006	50173	12
0	32	2.05591e-006	50180	14
0	32	2.4498e-006	50186	16
0	32	1.87785e-006	50195	18
0	32	1.58693e-006	50203	20
0	32	1.31898e-006	50212	22
0	32	2.01334e-006	50221	24
0	32	2.231e-006	50232	26
0	32	1.61707e-006	50243	28
0	32	2.18138e-006	50254	30
0	32	1.54672e-006	50267	32
0	32	5.6947e-006	50281	34
0	32	3.43936e-006	50295	36
0	32	1.70086e-006	50310	38
0	32	1.58336e-006	50327	40
0	32	1.33482e-006	50345	42
0	32	1.29278e-006	50365	44
0	32	1.30337e-006	50385	46
0	32	4.08103e-006	50405	48
0	32	1.6007e-006	50429	50
0	32	1.38311e-006	50456	52
0	32	2.03542e-006	50479	54
0	32	1.31407e-006	50504	56
0	32	1.33481e-006	50530	58
0	32	1.81249e-006	50559	60
0	32	1.57086e-006	50592	62
0	32	1.29752e-006	50625	64
0	32	1.15346e-006	50661	66
0	32	1.22783e-006	50697	68
0	32	1.15381e-006	50732	70
0	32	1.10991e-006	50771	72
0	32	1.35889e-006	50812	74
0	32	9.97662e-007	50854	76
0	32	9.49828e-007	50908	78
0	32	1.45085e-006	50968	80
0	32	1.26362e-006	51019	82
0	32	9.26734e-007	51074	84
0	32	1.4321e-006	51131	86
0	32	1.12304e-006	51190	88
0	32	2.04853e-006	51252	90
0	32	1.12166e-006	51320	92
0	32	1.45414e-006	51387	94
0	32	1.29934e-006	51469	96
0	32	9.98487e-007	51544	98
0	32	9.4276e-007	51621	100
0	32	9.41338e-007	51706	102
0	32	8.39436e-007	51789	104
0	32	1.32134e-006	51874	106
0	32	9.21764e-007	51967	108
0	32	1.31038e-006	52069	110
0	32	1.08735e-006	52166	112
0	32	8.16032e-007	52267	114
0	32	1.06192e-006	52371	116
0	32	1.04922e-006	52486	118
0	32	7.69983e-007	52596	120
0	32	7.32038e-007	52712	122
0	32	9.92821e-007	52833	124
0	32	1.03525e-006	52960	126
0	32	1.00194e-006	53105	128
0	32	7.24966e-007	53244	130
0	32	1.14687e-006	53393	132
0	32	1.05551e-006	53558	134
0	32	7.83265e-007	53714	136
0	32	7.09655e-007	53876	138
0	32	6.99701e-007	54052	140
0	32	1.15617e-006	54218	142
0	32	6.66844e-007	54392	144
0	32	8.39241e-007	54584	146
0	32	6.59344e-007	54767	148
0	32	6.55956e-007	54956	150
0	32	6.515e-007	55162	152
0	32	6.1186e-007	55371	154
0	32	6.86334e-007	55595	156
0	32	6.34111e-007	55823	158
0	32	5.83574e-007	56063	160
0	32	6.4707e-007	56293	162
0	32	6.57762e-007	56528	164
0	32	5.74569e-007	56784	166
0	32	5.68198e-007	57050	168
0	32	5.49044e-007	57321	170
0	32	5.4639e-007	57601	172
0	32	6.8522e-007	57883	174
0	32	5.8743e-007	58183	176
0	32	5.43615e-007	58474	178
0	32	5.74806e-007	58786	180
0	32	5.74061e-007	59087	182
0	32	6.85922e-007	59410	184
0	32	5.23598e-007	59779	186
0	32	5.4372e-007	60112	188
0	32	5.16774e-007	60462	190
0	33	9.72736e-007	60468	2
0	33	3.22247e-006	60473	4
0	33	2.05699e-006	60478	6
0	33	1.97085e-006	60483	8
0	33	1.74781e-006	60489	10
0	33	1.14916e-006	60495	12
0	33	1.18739e-006	60502	14
0	33	1.21175e-006	60509	16
0	33	8.44832e-006	60518	18
0	33	3.46331e-006	60527	20
0	33	1.24184e-006	60535	22
0	33	9.60596e-007	60545	24
0	33	1.34985e-006	60557	26
0	33	1.08088e-006	60568	28
0	33	1.03424e-006	60581	30
0	33	8.77618e-007	60595	32
0	33	2.21851e-006	60609	34
0	33	1.19244e-006	60624	36
0	33	8.24544e-007	60645	38
0	33	9.64404e-007	60665	40
0	33	7.7838e-007	60684	42
0	33	1.11644e-006	60702	44
0	33	9.94114e-007	60721	46
0	33	9.43036e-007	60741	48
0	33	2.7751e-006	60764	50
0	33	1.19726e-006	60788	52
0	33	1.20601e-006	60812	54
0	33	1.17931e-006	60839	56
0	33	8.97079e-007	60868	58
0	33	1.35409e-006	60898	60
0	33	7.36364e-007	60928	62
0	33	9.37695e-007	60960	64
0	33	7.12452e-007	60992	66
0	33	1.20299e-006	61028	68
0	33	8.34571e-007	61065	70
0	33	1.10392e-006	61105	72
0	33	7.39763e-007	61152	74
0	33	1.02071e-006	61194	76
0	33	1.12059e-006	61238	78
0	33	6.8975e-007	61286	80
0	33	6.75842e-007	61333	82
0	33	1.10163e-006	61392	84
0	33	6.81366e-007	61448	86
0	33	1.73548e-006	61508	88
0	33	1.13098e-006	61570	90
0	33	8.97102e-007	61641	92
0	33	6.99923e-007	61712	94
0	33	7.18055e-007	61778	96
0	33	8.83655e-007	61848	98
0	33	8.81372e-007	61920	100
0	33	8.02839e-007	61999	102
0	33	6.19166e-007	62086	104
0	33	6.14359e-007	62185	106
0	33	6.60249e-007	62277	108
0	33	8.01168e-007	62372	110
0	33	6.31107e-007	62472	112
0	33	1.01768e-006	62572	114
0	33	5.92471e-007	62688	116
0	33	5.91462e-007	62793	118
0	33	7.3794e-007	62906	120
0	33	6.10109e-007	63026	122
0	33	5.74385e-007	63165	124
0	33	8.88867e-007	63294	126
0	33	7.23691e-007	63424	128
0	33	7.0077e-007	63562	130
0	33	5.53325e-007	63714	132
0	33	8.48016e-007	63860	134
0	33	5.94489e-007	64011	136
0	33	6.54215e-007	64178	138
0	33	5.56607e-007	64340	140
0	33	5.29872e-007	64509	142
0	33	9.59109e-007	64694	144
0	33	8.09138e-007	64879	146
0	33	7.79278e-007	65062	148
0	33	7.0293e-007	65260	150
0	33	6.05921e-007	65459	152
0	33	9.31563e-007	65669	154
0	33	5.76423e-007	65880	156
0	33	5.08123e-007	66090	158
0	33	8.9529e-007	66327	160
0	33	7.37713e-007	66561	162
0	33	6.31842e-007	66810	164
0	33	5.1953e-007	67048	166
0	33	6.38388e-007	67311	168
0	33	4.95713e-007	67573	170
0	33	4.95651e-007	67853	172
0	33	4.88257e-007	68129	174
0	33	6.54601e-007	68428	176
0	33	4.70861e-007	68736	178
0	33	5.33502e-007	69038	180
0	33	4.65216e-007	69361	182
0	33	4.55882e-007	69691	184
0	33	5.70248e-007	70022	186
0	33	6.02352e-007	70379	188
0	33	5.25267e-007	70729	190
0	33	4.58486e-007	71087	192
0	33	6.08506e-007	71465	194
0	33	4.62969e-007	71863	196
0	33	6.15693e-007	72261	198
0	33	4.26078e-007	72660	200
0	33	4.54203e-007	73085	202
0	33	5.83259e-007	73518	204
0	33	4.23494e-007	73962	206
0	33	4.16934e-007	74415	208
0	33	5.13758e-007	74880	210
0	33	4.19189e-007	75351	212
0	33	5.92446e-007	75844	214
0	33	4.40599e-007	76348	216
0	33	4.02188e-007	76862	218
0	33	3.89319e-007	77385	220
0	33	4.92754e-007	77916	222
0	33	4.51021e-007	78469	224
0	33	3.88147e-007	79020	226
0	33	3.75016e-007	79599	228
0	34	8.84309e-007	79606	2
0	34	9.87668e-007	79610	4
0	34	9.43931e-007	79615	6
0	34	8.68671e-007	79620	8
0	34	4.86274e-006	79627	10
0	34	2.27194e-006	79634	12
0	34	9.21818e-007	79640	14
0	34	1.18424e-006	79647	16
0	34	1.63283e-006	79657	18
0	34	1.04088e-006	79668	20
0	34	8.54388e-007	79676	22
0	34	7.63045e-007	79685	24
0	34	7.75888e-007	79694	26
0	34	6.71967e-007	79705	28
0	34	8.29732e-007	79717	30
0	34	6.89118e-007	79729	32
0	34	7.33745e-007	79743	34
0	34	6.97689e-007	79758	36
0	34	1.64917e-006	79774	38
0	34	9.3819e-007	79791	40
0	34	6.46995e-007	79809	42
0	34	9.39047e-007	79828	44
0	34	6.44266e-007	79848	46
0	34	6.32649e-007	79870	48
0	34	6.28572e-007	79893	50
0	34	6.31115e-007	79917	52
0	34	1.04009e-006	79948	54
0	34	7.08027e-007	79975	56
0	34	7.7551e-007	80004	58
0	34	9.27467e-007	80035	60
0	34	7.41248e-007	80066	62
0	34	9.8392e-007	80099	64
0	34	7.09953e-007	80135	66
0	34	6.46854e-007	80172	68
0	34	1.37509e-006	80212	70
0	34	7.36696e-007	80252	72
0	34	6.29349e-007	80295	74
0	34	7.32187e-007	80339	76
0	34	7.32407e-007	80389	78
0	34	6.70379e-007	80451	80
0	34	6.22107e-007	80504	82
0	34	5.58881e-007	80557	84
0	34	5.19151e-007	80617	86
0	34	1.29125e-006	80677	88
0	34	6.47799e-007	80736	90
0	34	5.70369e-007	80795	92
0	34	6.67105e-007	80859	94
0	34	9.74306e-007	80932	96
0	34	5.96447e-007	81006	98
0	34	5.26527e-007	81080	100
0	34	8.15287e-007	81155	102
0	34	5.68339e-007	81236	104
0	34	5.56842e-007	81319	106
0	34	5.43165e-007	81408	108
0	34	4.74038e-007	81508	110
0	34	5.61037e-007	81602	112
0	34	4.6579e-007	81700	114
0	34	5.68981e-007	81802	116
0	34	4.51987e-007	81909	118
0	34	1.1859e-006	82037	120
0	34	6.32878e-007	82157	122
0	34	6.63268e-007	82281	124
0	34	6.51659e-007	82411	126
0	34	5.11831e-007	82554	128
0	34	5.24511e-007	82694	130
0	34	5.27502e-007	82833	132
0	34	4.47989e-007	82990	134
0	34	4.53888e-007	83136	136
0	34	6.56221e-007	83288	138
0	34	4.43557e-007	83457	140
0	34	4.32917e-007	83624	142
0	34	4.32165e-007	83797	144
0	34	4.75863e-007	83980	146
0	34	4.27543e-007	84167	148
0	34	4.33716e-007	84354	150
0	34	4.326e-007	84563	152
0	34	4.07879e-007	84769	154
0	34	4.06239e-007	84984	156
0	34	3.89613e-007	85207	158
0	34	3.79532e-007	85428	160
0	34	3.7689e-007	85675	162
0	34	4.25261e-007	85906	164
0	34	6.68546e-007	86154	166
0	34	3.64129e-007	86399	168
0	34	3.84185e-007	86672	170
0	34	3.60453e-007	86935	172
0	34	4.28635e-007	87224	174
0	34	3.59838e-007	87519	176
0	34	6.32137e-007	87819	178
0	34	3.70138e-007	88120	180
0	34	3.52492e-007	88425	182
0	34	3.36677e-007	88763	184
0	34	3.96788e-007	89094	186
0	34	3.38095e-007	89429	188
0	34	3.74488e-007	89785	190
0	34	3.39963e-007	90144	192
0	34	3.35542e-007	90514	194
0	34	5.52702e-007	90896	196
0	34	4.29906e-007	91292	198
0	34	3.91625e-007	91695	200
0	34	3.17136e-007	92094	202
0	34	3.64421e-007	92517	204
0	34	3.33842e-007	92953	206
0	34	3.37895e-007	93412	208
0	34	3.03001e-007	93884	210
0	34	2.99527e-007	94359	212
0	34	2.91666e-007	94846	214
0	34	2.99529e-007	95328	216
0	34	2.86591e-007	95836	218
0	34	2.85407e-007	96347	220
0	34	4.38508e-007	96885	222
0	34	2.84386e-007	97430	224
0	34	2.63132e-007	97991	226
0	35	5.03716e-007	97999	2
0	35	1.19528e-006	98003	4
0	35	6.82324e-007	98008	6
0	35	7.81022e-007	98014	8
0	35	6.5413e-007	98019	10
0	35	9.44251e-007	98025	12
0	35	2.79746e-006	98032	14
0	35	8.71656e-007	98039	16
0	35	4.83576e-007	98046	18
0	35	1.65126e-006	98055	20
0	35	3.19565e-006	98064	22
0	35	9.9538e-007	98074	24
0	35	9.32142e-007	98083	26
0	35	7.75998e-007	98094	28
0	35	7.16463e-007	98107	30
0	35	8.27847e-007	98119	32
0	35	5.68494e-007	98132	34
0	35	6.73719e-007	98146	36
0	35	5.44729e-007	98165	38
0	35	4.7365e-007	98184	40
0	35	4.36677e-007	98204	42
0	35	5.58442e-007	98226	44
0	35	8.31781e-007	98245	46
0	35	8.09436e-007	98264	48
0	35	5.08122e-007	98284	50
0	35	4.09689e-007	98306	52
0	35	6.25786e-007	98332	54
0	35	4.62144e-007	98360	56
0	35	6.62979e-007	98388	58
0	35	5.52625e-007	98418	60
0	35	1.0632e-006	98450	62
0	35	4.29485e-007	98483	64
0	35	4.63714e-007	98516	66
0	35	6.36499e-007	98551	68
0	35	4.52684e-007	98587	70
0	35	4.31546e-007	98627	72
0	35	8.3246e-007	98671	74
0	35	6.47716e-007	98718	76
0	35	5.94189e-007	98775	78
0	35	5.77717e-007	98829	80
0	35	1.10478e-006	98882	82
0	35	6.23087e-007	98934	84
0	35	8.15556e-007	98992	86
0	35	4.57843e-007	99050	88
0	35	4.78609e-007	99113	90
0	35	6.4677e-007	99177	92
0	35	4.26715e-007	99256	94
0	35	3.52667e-007	99324	96
0	35	4.14154e-007	99396	98
0	35	4.35174e-007	99469	100
0	35	4.84578e-007	99546	102
0	35	3.49219e-007	99628	104
0	35	7.23098e-007	99717	106
0	35	6.04609e-007	99817	108
0	35	5.70703e-007	99923	110
0	35	4.89949e-007	100019	112
0	35	3.48495e-007	100122	114
0	35	3.39466e-007	100227	116
0	35	3.23108e-007	100349	118
0	35	8.45633e-007	100461	120
0	35	3.36532e-007	100578	122
0	35	4.24707e-007	100701	124
0	35	3.47519e-007	100838	126
0	35	4.52959e-007	100970	128
0	35	3.11478e-007	101109	130
0	35	6.09798e-007	101254	132
0	35	3.32826e-007	101415	134
0	35	5.22477e-007	101571	136
0	35	3.51663e-007	101734	138
0	35	3.52242e-007	101914	140
0	35	3.16514e-007	102087	142
0	35	4.00544e-007	102269	144
0	35	3.67514e-007	102464	146
0	35	3.20575e-007	102652	148
0	35	2.9166e-007	102871	150
0	35	3.36651e-007	103067	152
0	35	3.07975e-007	103270	154
0	35	2.88252e-007	103490	156
0	35	3.53259e-007	103710	158
0	35	3.44937e-007	103941	160
0	35	2.72106e-007	104172	162
0	35	2.70823e-007	104478	164
0	35	2.76236e-007	104729	166
0	35	4.34551e-007	105018	168
0	35	4.04433e-007	105322	170
0	35	3.08098e-007	105655	172
0	35	2.66199e-007	106028	174
0	35	2.62618e-007	106350	176
0	35	5.13362e-007	106673	178
0	35	3.70532e-007	106987	180
0	35	3.05527e-007	107322	182
0	35	3.25882e-007	107655	184
0	35	4.5542e-007	107990	186
0	35	2.74451e-007	108326	188
0	35	4.00903e-007	108688	190
0	35	2.83325e-007	109058	192
0	35	3.16052e-007	109418	194
0	35	2.67027e-007	109806	196
0	35	2.48065e-007	110199	198
0	35	2.43192e-007	110612	200
0	35	2.41384e-007	111022	202
0	35	2.32226e-007	111439	204
0	35	2.31204e-007	111869	206
0	35	3.23021e-007	112315	208
0	35	2.46034e-007	112783	210
0	35	2.72099e-007	113250	212
0	35	2.2496e-007	113729	214
0	35	2.21251e-007	114208	216
0	35	2.34036e-007	114709	218
0	35	2.21155e-007	115220	220
0	35	2.20625e-007	115758	222
0	35	2.17286e-007	116298	224
0	35	2.13844e-007	116855	226
0	35	3.16403e-007	117423	228
0	35	2.13187e-007	118028	230
0	35	2.95371e-007	118625	232
0	35	3.38322e-007	119212	234
0	35	3.49024e-007	119827	236
0	35	2.23851e-007	120467	238
0	35	3.76772e-007	121103	240
0	35	2.08677e-007	121777	242
0	35	2.4937e-007	122432	244
0	35	2.31179e-007	123138	246
0	35	2.37909e-007	123859	248
0	35	2.03253e-007	124558	250
0	35	3.77709e-007	125295	252
0	35	2.18436e-007	126059	254
0	35	2.05959e-007	126831	256
0	35	1.97324e-007	127627	258
0	36	3.75128e-007	127634	2
0	36	7.12441e-007	127638	4
0	36	5.06209e-007	127643	6
0	36	5.43292e-007	127649	8
0	36	4.67707e-007	127655	10
0	36	3.64461e-007	127661	12
0	36	3.61102e-007	127668	14
0	36	4.53328e-007	127675	16
0	36	4.56566e-007	127683	18
0	36	6.89307e-007	127695	20
0	36	4.7199e-007	127703	22
0	36	5.61619e-007	127712	24
0	36	5.36988e-007	127721	26
0	36	5.58254e-007	127733	28
0	36	4.37316e-007	127744	30
0	36	4.2788e-007	127757	32
0	36	8.7725e-007	127773	34
0	36	4.19426e-007	127788	36
0	36	7.25182e-007	127804	38
0	36	3.64707e-007	127822	40
0	36	6.41812e-007	127839	42
0	36	3.49087e-007	127859	44
0	36	6.22877e-007	127878	46
0	36	4.83867e-007	127901	48
0	36	5.38765e-007	127922	50
0	36	3.21067e-007	127946	52
0	36	3.1601e-007	127969	54
0	36	1.48538e-006	127995	56
0	36	9.24525e-007	128021	58
0	36	6.47777e-007	128049	60
0	36	4.79715e-007	128086	62
0	36	4.54675e-007	128135	64
0	36	3.6837e-007	128181	66
0	36	3.65149e-007	128224	68
0	36	4.03833e-007	128273	70
0	36	5.00695e-007	128315	72
0	36	4.83407e-007	128356	74
0	36	3.76691e-007	128404	76
0	36	3.14019e-007	128454	78
0	36	2.96274e-007	128506	80
0	36	3.12292e-007	128556	82
0	36	2.8342e-007	128608	84
0	36	2.82804e-007	128666	86
0	36	4.83846e-007	128734	88
0	36	3.41722e-007	128824	90
0	36	3.88884e-007	128905	92
0	36	3.42247e-007	128991	94
0	36	3.22989e-007	129073	96
0	36	4.8539e-007	129164	98
0	36	3.2458e-007	129261	100
0	36	2.71108e-007	129342	102
0	36	4.02199e-007	129438	104
0	36	3.05947e-007	129539	106
0	36	3.86789e-007	129650	108
0	36	3.10517e-007	129767	110
0	36	2.96403e-007	129867	112
0	36	3.74028e-007	129966	114
0	36	2.58746e-007	130069	116
0	36	3.10035e-007	130178	118
0	36	3.38915e-007	130301	120
0	36	2.64358e-007	130423	122
0	36	2.53898e-007	130549	124
0	36	2.53059e-007	130684	126
0	36	2.43249e-007	130827	128
0	36	2.42235e-007	130965	130
0	36	2.80375e-007	131111	132
0	36	2.48024e-007	131275	134
0	36	2.32521e-007	131430	136
0	36	3.16178e-007	131589	138
0	36	3.42046e-007	131762	140
0	36	2.24569e-007	131933	142
0	36	2.74623e-007	132109	144
0	36	2.2075e-007	132304	146
0	36	3.29015e-007	132490	148
0	36	2.19077e-007	132673	150
0	36	2.9439e-007	132881	152
0	36	2.46847e-007	133085	154
0	36	2.2178e-007	133306	156
0	36	2.81717e-007	133523	158
0	36	2.66328e-007	133777	160
0	36	2.26181e-007	134009	162
0	36	2.35422e-007	134247	164
0	36	2.14652e-007	134502	166
0	36	3.09144e-007	134757	168
0	36	2.08092e-007	135026	170
0	36	2.60407e-007	135294	172
0	36	2.66196e-007	135568	174
0	36	3.06882e-007	135873	176
0	36	2.17059e-007	136170	178
0	36	4.48313e-007	136486	180
0	36	2.18005e-007	136789	182
0	36	2.0068e-007	137108	184
0	36	3.4684e-007	137445	186
0	36	2.78242e-007	137773	188
0	36	2.02161e-007	138130	190
0	36	2.00436e-007	138493	192
0	36	2.05077e-007	138855	194
0	36	2.1422e-007	139303	196
0	36	1.90071e-007	139711	198
0	36	2.30054e-007	140188	200
0	36	1.88049e-007	140643	202
0	36	2.27819e-007	141081	204
0	36	2.02598e-007	141527	206
0	36	2.23125e-007	141983	208
0	36	1.80686e-007	142437	210
0	36	2.14557e-007	142890	212
0	36	1.78814e-007	143365	214
0	36	2.35729e-007	143863	216
0	36	1.75058e-007	144367	218
0	36	1.90694e-007	144894	220
0	36	1.68489e-007	145429	222
0	36	1.7502e-007	145965	224
0	36	2.65693e-007	146508	226
0	36	1.99588e-007	147089	228
0	36	2.37651e-007	147676	230
0	36	2.54947e-007	148267	232
0	36	2.23106e-007	148870	234
0	36	1.76951e-007	149471	236
0	36	1.70121e-007	150089	238
0	36	1.72014e-007	150745	240
0	36	1.56167e-007	151417	242
0	36	1.86823e-007	152113	244
0	36	1.97896e-007	152798	246
0	36	1.55479e-007	153500	248
0	36	1.50685e-007	154218	250
0	36	1.49982e-007	154932	252
0	36	1.54727e-007	155670	254
0	36	1.85568e-007	156445	256
0	36	1.65278e-007	157228	258
0	36	1.55983e-007	158091	260
0	36	1.62158e-007	159049	262
0	36	1.71546e-007	159972	264
0	36	1.70118e-007	160823	266
0	36	1.50218e-007	161714	268
0	36	1.6952e-007	162598	270
0	36	1.48364e-007	163636	272
0	36	1.90757e-007	164616	274
0	36	1.39921e-007	165575	276
0	37	2.5144e-007	165582	2
0	37	6.83602e-007	165588	4
0	37	5.62255e-007	165593	6
0	37	3.16606e-007	165598	8
0	37	4.39958e-007	165604	10
0	37	2.97642e-007	165610	12
0	37	3.85482e-007	165616	14
0	37	3.29544e-007	165624	16
0	37	3.23598e-007	165631	18
0	37	2.72018e-007	165640	20
0	37	3.58035e-007	165649	22
0	37	3.15338e-007	165659	24
0	37	4.41567e-007	165669	26
0	37	2.59919e-007	165680	28
0	37	2.58138e-007	165692	30
0	37	6.05417e-007	165707	32
0	37	3.33045e-007	165721	34
0	37	4.65371e-007	165737	36
0	37	2.80684e-007	165756	38
0	37	3.12456e-007	165772	40
0	37	2.48262e-007	165789	42
0	37	3.87854e-007	165806	44
0	37	2.2535e-007	165824	46
0	37	2.66333e-007	165844	48
0	37	2.81649e-007	165866	50
0	37	2.20183e-007	165888	52
0	37	8.64845e-007	165913	54
0	37	3.24442e-007	165939	56
0	37	4.51638e-007	165968	58
0	37	2.59793e-007	165997	60
0	37	2.46122e-007	166029	62
0	37	2.38137e-007	166060	64
0	37	4.79049e-007	166094	66
0	37	2.62407e-007	166131	68
0	37	2.83982e-007	166169	70
0	37	2.77306e-007	166209	72
0	37	2.57923e-007	166251	74
0	37	3.96777e-007	166295	76
0	37	3.26849e-007	166344	78
0	37	2.1779e-007	166391	80
0	37	2.95239e-007	166439	82
0	37	2.99949e-007	166488	84
0	37	1.91719e-007	166538	86
0	37	3.93352e-007	166597	88
0	37	1.95945e-007	166667	90
0	37	2.19154e-007	166732	92
0	37	3.29264e-007	166798	94
0	37	2.17051e-007	166866	96
0	37	1.81132e-007	166935	98
0	37	5.38006e-007	167005	100
0	37	2.8117e-007	167080	102
0	37	2.92755e-007	167172	104
0	37	2.70312e-007	167253	106
0	37	2.28071e-007	167341	108
0	37	2.0044e-007	167430	110
0	37	3.06286e-007	167526	112
0	37	2.38535e-007	167628	114
0	37	2.07097e-007	167740	116
0	37	2.24116e-007	167851	118
0	37	1.98021e-007	167965	120
0	37	2.42395e-007	168088	122
0	37	1.76449e-007	168221	124
0	37	1.7154e-007	168344	126
0	37	3.75311e-007	168476	128
0	37	2.11545e-007	168614	130
0	37	2.30974e-007	168768	132
0	37	2.08787e-007	168913	134
0	37	2.309e-007	169064	136
0	37	2.01422e-007	169233	138
0	37	2.12152e-007	169392	140
0	37	1.68706e-007	169560	142
0	37	1.66193e-007	169750	144
0	37	2.79308e-007	169931	146
0	37	2.02814e-007	170118	148
0	37	2.00716e-007	170326	150
0	37	1.70073e-007	170527	152
0	37	1.6454e-007	170749	154
0	37	1.62842e-007	170962	156
0	37	1.64657e-007	171183	158
0	37	1.53729e-007	171419	160
0	37	1.59579e-007	171656	162
0	37	1.47731e-007	171906	164
0	37	1.77522e-007	172158	166
0	37	2.28922e-007	172426	168
0	37	1.43734e-007	172698	170
0	37	1.40598e-007	172986	172
0	37	2.31949e-007	173277	174
0	37	1.37531e-007	173566	176
0	37	1.3614e-007	173875	178
0	37	1.91421e-007	174183	180
0	37	1.33633e-007	174496	182
0	37	1.61083e-007	174821	184
0	37	1.47294e-007	175145	186
0	37	2.37143e-007	175492	188
0	37	1.3158e-007	175854	190
0	37	1.29374e-007	176209	192
0	37	1.27545e-007	176574	194
0	37	1.27245e-007	176955	196
0	37	1.77509e-007	177347	198
0	37	2.11456e-007	177735	200
0	37	1.68865e-007	178156	202
0	37	1.22634e-007	178584	204
0	37	1.22843e-007	179020	206
0	37	1.36071e-007	179465	208
0	37	1.79836e-007	179932	210
0	37	1.43362e-007	180403	212
0	37	1.21233e-007	180871	214
0	37	1.18694e-007	181365	216
0	37	1.43824e-007	181875	218
0	37	2.41055e-007	182398	220
0	37	1.15742e-007	182935	222
0	37	1.46919e-007	183483	224
0	37	1.14554e-007	184052	226
0	37	2.00322e-007	184622	228
0	37	1.2427e-007	185213	230
0	37	1.13711e-007	185805	232
0	37	1.15356e-007	186421	234
0	37	1.21686e-007	187038	236
0	37	1.45887e-007	187687	238
0	37	1.28521e-007	188345	240
0	37	1.13297e-007	189024	242
0	37	1.77649e-007	189706	244
0	37	1.35881e-007	190409	246
0	37	1.10185e-007	191108	248
0	37	1.36893e-007	191825	250
0	37	1.0606e-007	192573	252
0	37	1.52884e-007	193343	254
0	37	1.26962e-007	194102	256
0	37	1.30514e-007	194914	258
0	37	1.33416e-007	195719	260
0	37	1.89842e-007	196541	262
0	37	1.9727e-007	197365	264
0	37	1.55669e-007	198223	266
0	37	1.06359e-007	199077	268
0	37	1.13698e-007	199980	270
0	37	1.08492e-007	200881	272
0	37	1.07323e-007	201838	274
0	37	1.33407e-007	202799	276
0	37	1.0258e-007	203784	278
0	38	1.83902e-007	203792	2
0	38	1.10013e-006	203797	4
0	38	4.82599e-007	203802	6
0	38	6.49513e-007	203807	8
0	38	4.53914e-007	203813	10
0	38	2.86793e-007	203819	12
0	38	3.47434e-007	203826	14
0	38	8.57391e-007	203833	16
0	38	2.81771e-007	203842	18
0	38	6.81174e-007	203850	20
0	38	2.8662e-007	203860	22
0	38	4.60312e-007	203869	24
0	38	2.53873e-007	203880	26
0	38	2.29845e-007	203891	28
0	38	3.43164e-007	203902	30
0	38	2.07101e-007	203916	32
0	38	2.78634e-007	203929	34
0	38	1.99416e-007	203944	36
0	38	1.9195e-007	203959	38
0	38	2.26583e-007	203974	40
0	38	2.20652e-007	203990	42
0	38	4.41224e-007	204008	44
0	38	2.7754e-007	204029	46
0	38	2.65133e-007	204050	48
0	38	3.22434e-007	204071	50
0	38	2.04644e-007	204093	52
0	38	2.47493e-007	204115	54
0	38	1.84944e-007	204142	56
0	38	2.05561e-007	204168	58
0	38	1.82432e-007	204196	60
0	38	1.71936e-007	204225	62
0	38	1.82581e-007	204257	64
0	38	2.21049e-007	204292	66
0	38	1.72247e-007	204329	68
0	38	2.98941e-007	204369	70
0	38	2.31688e-007	204411	72
0	38	2.61423e-007	204454	74
0	38	2.36794e-007	204498	76
0	38	1.75706e-007	204545	78
0	38	2.1943e-007	204593	80
0	38	1.63548e-007	204645	82
0	38	1.80038e-007	204702	84
0	38	1.94003e-007	204761	86
0	38	1.57201e-007	204822	88
0	38	1.58545e-007	204895	90
0	38	1.4859e-007	204957	92
0	38	2.92841e-007	205025	94
0	38	1.81599e-007	205096	96
