step	level	max error	mean error	time
0	0	0.118681	0.0274039	5.25605	4
0	1	0.157518	0.0296362	5.48005	4
0	2	0.105954	0.0120097	5.70803	4
0	3	0.0794374	0.00688547	5.932	4
0	4	0.0644018	0.00584791	6.184	4
0	5	0.0378928	0.00846815	6.394	4
0	6	0.0471485	0.00545953	6.62303	4
0	7	0.0425708	0.00608464	6.85003	4
0	8	0.0364756	0.00886559	7.067	4
0	9	0.0357465	0.0042486	7.28305	4
0	10	0.0221356	0.00430357	7.50904	4
0	11	0.0516969	0.0080069	7.735	4
0	12	0.0340332	0.00571866	7.95304	4
0	13	0.0487951	0.00640535	8.167	4
0	14	0.0196823	0.00451682	8.38304	4
0	15	0.0262419	0.00458326	8.599	4
0	16	0.0222388	0.00397782	8.818	4
0	17	0.0337794	0.00714742	9.03	4
0	18	0.0201571	0.00394028	9.24701	4
0	19	0.0664145	0.00899882	9.46404	4
0	20	0.0421882	0.00781441	9.67804	4
0	21	0.029674	0.00502002	9.891	4
0	22	0.0208701	0.00418883	10.108	4
0	23	0.0280616	0.00434786	10.324	4
0	24	0.0334066	0.00699752	10.536	4
0	25	0.0212936	0.00343323	10.754	4
0	26	0.0335208	0.00609373	10.969	4
0	27	0.027312	0.00365827	11.19	4
0	28	0.0245933	0.00432887	11.405	4
0	29	0.0240475	0.0034635	11.626	4
0	30	0.0397728	0.0056531	11.849	4
0	31	0.0166305	0.00255148	12.073	4
0	32	0.0294303	0.00380185	12.294	4
0	33	0.0356773	0.00516734	12.509	4
0	34	0.111899	0.00511547	12.726	4
0	35	0.0302723	0.0050265	12.943	4
0	36	0.0328574	0.00546385	13.155	4
0	37	0.0301061	0.00608563	13.371	4
0	38	0.0213892	0.00246808	13.6	4
0	39	0.0170875	0.00318679	13.827	4
0	40	0.0457662	0.00339672	14.041	4
0	41	0.0151491	0.00337721	14.266	4
0	42	0.019843	0.00285923	14.491	4
0	43	0.0214668	0.00342792	14.7091	4
0	44	0.0220299	0.00357544	14.927	4
0	45	0.0169146	0.00252453	15.151	4
0	46	0.018211	0.00374022	15.367	4
0	47	0.0136398	0.00303848	15.603	4
0	48	0.015366	0.00218544	15.824	4
0	49	0.0105687	0.00177542	16.045	4
0	50	0.0208767	0.00258755	16.27	4
0	51	0.0197575	0.00376635	16.497	4
0	52	0.0455748	0.00375301	16.715	4
0	53	0.0156222	0.00225957	16.934	4
0	54	0.0150082	0.00241763	17.146	4
0	55	0.0149566	0.00248054	17.357	4
0	56	0.0129251	0.00184962	17.585	4
0	57	0.0131068	0.00232717	17.805	4
0	58	0.00982753	0.00182826	18.021	4
0	59	0.0116818	0.00195666	18.24	4
0	60	0.0210277	0.00248622	18.464	4
0	61	0.0152363	0.00242312	18.686	4
0	62	0.0188571	0.00341289	18.915	4
0	63	0.0299245	0.00184786	19.141	4
0	64	0.00882198	0.00166403	19.359	4
0	65	0.0164389	0.00284655	19.577	4
0	66	0.011518	0.00191445	19.803	4
0	67	0.0194357	0.00427462	20.027	4
0	68	0.0205669	0.00293507	20.2441	4
0	69	0.0224699	0.00225371	20.457	4
0	70	0.0125549	0.00263091	20.674	4
0	71	0.0112519	0.00215703	20.889	4
0	72	0.0137044	0.00144928	21.106	4
0	73	0.00992318	0.00200779	21.323	4
0	74	0.00959195	0.00197305	21.541	4
0	75	0.0233786	0.00389348	21.762	4
0	76	0.0115313	0.00162072	21.994	4
0	77	0.0175148	0.00231326	22.215	4
0	78	0.0110585	0.00126058	22.439	4
0	79	0.0114133	0.00203371	22.655	4
0	80	0.0107632	0.001987	22.886	4
0	81	0.0101	0.00173007	23.103	4
0	82	0.0110192	0.00150821	23.329	4
0	83	0.0101596	0.00165404	23.543	4
0	84	0.015965	0.00284226	23.767	4
0	85	0.010001	0.00203572	23.991	4
0	86	0.0112908	0.00165622	24.223	4
0	87	0.00747803	0.0015782	24.439	4
0	88	0.0194743	0.00248142	24.669	4
0	89	0.0119099	0.00252722	24.882	4
0	90	0.0140534	0.0017843	25.115	4
0	91	0.00844552	0.00204201	25.335	4
0	92	0.0102552	0.00167061	25.555	4
0	93	0.00609053	0.00106972	25.777	4
0	94	0.00817984	0.0012097	26.003	4
0	95	0.0146918	0.00246961	26.229	4
0	96	0.00923051	0.00121621	26.453	4
0	97	0.0108997	0.00251622	26.68	4
0	98	0.00813219	0.00155305	26.893	4
0	99	0.00988257	0.00216359	27.113	4
0	100	0.00875376	0.00154831	27.338	4
0	101	0.0172255	0.00177026	27.556	4
0	102	0.00662787	0.00138087	27.789	4
0	103	0.00996169	0.0022226	27.999	4
0	104	0.006879	0.000974728	28.222	4
0	105	0.0106653	0.00152636	28.441	4
0	106	0.0109281	0.00242016	28.658	4
0	107	0.0126495	0.00236919	28.867	4
0	108	0.00711065	0.00106828	29.09	4
0	109	0.00888829	0.00145599	29.2981	4
0	110	0.00767547	0.00144501	29.5141	4
0	111	0.00487256	0.00100096	29.737	4
0	112	0.00867003	0.00151587	29.961	4
0	113	0.0148666	0.00137054	30.183	4
0	114	0.018637	0.00278479	30.405	4
0	115	0.00903642	0.00143149	30.626	4
0	116	0.00878411	0.00215551	30.838	4
0	117	0.0104324	0.002113	31.054	4
0	118	0.00778252	0.00134109	31.2811	4
0	119	0.00917795	0.0012554	31.502	4
0	120	0.00794843	0.000993608	31.728	4
0	121	0.00603084	0.0010591	31.954	4
0	122	0.0051515	0.000891441	32.183	4
0	123	0.0056494	0.000823427	32.408	4
0	124	0.00854165	0.00113533	32.628	4
0	125	0.0184112	0.00117546	32.849	4
0	126	0.00970994	0.00221769	33.073	4
0	127	0.0118635	0.0021817	33.292	4
0	128	0.00725237	0.00118494	33.504	4
0	129	0.0064453	0.00093696	33.715	4
0	130	0.00861183	0.00134673	33.937	4
0	131	0.0164878	0.00147507	34.162	4
0	132	0.00690499	0.0013291	34.377	4
0	133	0.00818582	0.000749159	34.598	4
0	134	0.00665553	0.00148749	34.819	4
0	135	0.00697502	0.000730494	35.032	4
0	136	0.00808608	0.00177704	35.254	4
0	137	0.00561096	0.000986316	35.478	4
0	138	0.00714962	0.00090731	35.702	4
0	139	0.00793064	0.00129144	35.938	4
0	140	0.00721541	0.00119193	36.148	4
0	141	0.00576505	0.00113342	36.374	4
0	142	0.0119097	0.000879204	36.6021	4
0	143	0.00571831	0.00128238	36.82	4
0	144	0.00749222	0.00149949	37.031	4
0	145	0.00695304	0.00102819	37.261	4
0	146	0.00773263	0.00103232	37.475	4
0	147	0.0057036	0.00112879	37.695	4
0	148	0.0070253	0.00062823	37.922	4
0	149	0.0108544	0.00091089	38.142	4
0	150	0.0075018	0.000759024	38.366	4
0	151	0.00588307	0.0013409	38.578	4
0	152	0.00940052	0.000770189	38.789	4
0	153	0.00937791	0.00107739	39.016	4
0	154	0.00620364	0.000883109	39.243	4
0	155	0.00482246	0.000901243	39.467	4
0	156	0.00942755	0.00200139	39.683	4
0	157	0.00769153	0.000873729	39.9131	4
0	158	0.00523413	0.00108472	40.13	4
0	159	0.00769617	0.000970318	40.352	4
0	160	0.00641112	0.0010533	40.563	4
0	161	0.00663725	0.00137815	40.786	4
0	162	0.00842842	0.0013227	41.009	4
0	163	0.0132748	0.00167112	41.2321	4
0	164	0.00727294	0.0010755	41.455	4
0	165	0.00650107	0.000864306	41.674	4
0	166	0.00620868	0.00143648	41.889	4
0	167	0.00721642	0.000820707	42.127	4
0	168	0.00577637	0.000669071	42.347	4
0	169	0.0123134	0.00240909	42.562	4
0	170	0.00899886	0.00109717	42.782	4
0	171	0.00455379	0.000958804	42.999	4
0	172	0.00658489	0.000953308	43.223	4
0	173	0.00655525	0.0009332	43.451	4
0	174	0.00586359	0.000712145	43.671	4
0	175	0.00463557	0.000813492	43.895	4
0	176	0.0163981	0.00147949	44.126	4
0	177	0.00960937	0.00172423	44.34	4
0	178	0.00985995	0.00102927	44.556	4
0	179	0.00650693	0.00138719	44.775	4
0	180	0.00783911	0.00105229	44.999	4
0	181	0.00650595	0.00110102	45.214	4
0	182	0.00628732	0.00112041	45.434	4
0	183	0.0064754	0.00102936	45.659	4
0	184	0.0064436	0.000798427	45.884	4
0	185	0.00646366	0.00129985	46.106	4
0	186	0.00660986	0.000671249	46.3201	4
0	187	0.00685631	0.00130606	46.537	4
0	188	0.00359347	0.000659668	46.752	4
0	189	0.00469481	0.000852101	46.979	4
0	190	0.00530743	0.000727393	47.209	4
0	191	0.00492294	0.00110778	47.433	4
0	192	0.00665012	0.000750796	47.658	4
0	193	0.00476486	0.000882395	47.87	4
0	194	0.0065497	0.000736536	48.0941	4
0	195	0.00397875	0.000770568	48.307	4
0	196	0.00854773	0.00139126	48.533	4
0	197	0.00501667	0.000840268	48.747	4
0	198	0.0135888	0.0025163	48.97	4
0	199	0.0058797	0.000774095	49.196	4
0	200	0.00528009	0.00108066	49.404	4
0	201	0.00790542	0.00105033	49.624	4
0	202	0.0059225	0.00142432	49.841	4
0	203	0.00978789	0.00139546	50.065	4
0	204	0.0116738	0.00215772	50.288	4
0	205	0.0100895	0.0011883	50.51	4
0	206	0.00834275	0.00129726	50.731	4
0	207	0.00413533	0.000508165	50.966	4
0	208	0.00762123	0.00149763	51.188	4
0	209	0.006365	0.0006625	51.412	4
0	210	0.0115123	0.00112996	51.633	4
0	211	0.00778845	0.000861702	51.856	4
0	212	0.00506992	0.00131214	52.063	4
0	213	0.0134543	0.00144125	52.292	4
0	214	0.012294	0.00124069	52.516	4
0	215	0.00505994	0.000954932	52.744	4
0	216	0.00735307	0.000953591	52.972	4
0	217	0.00590846	0.000812523	53.191	4
0	218	0.00502774	0.000837798	53.415	4
0	219	0.00906396	0.000857091	53.632	4
0	220	0.00434736	0.000617541	53.866	4
0	221	0.00380897	0.000706982	54.085	4
0	222	0.00446427	0.000751635	54.299	4
0	223	0.00454101	0.000876162	54.513	4
0	224	0.00337867	0.000702077	54.726	4
0	225	0.00488773	0.000880672	54.945	4
0	226	0.00625529	0.000564977	55.179	4
0	227	0.00489776	0.0010943	55.392	4
0	228	0.00602019	0.00103389	55.618	4
0	229	0.00424325	0.000753566	55.837	4
0	230	0.00615301	0.00119301	56.061	4
0	231	0.00350555	0.000680924	56.282	4
0	232	0.0035056	0.000534003	56.501	4
0	233	0.00916479	0.0012494	56.72	4
0	234	0.0058858	0.000890016	56.939	4
0	235	0.00709191	0.00129069	57.158	4
0	236	0.00951258	0.000749406	57.385	4
0	237	0.00388538	0.000751418	57.608	4
0	238	0.00586286	0.00100115	57.822	4
0	239	0.00494691	0.000703808	58.041	4
0	240	0.00415467	0.000759643	58.258	4
0	241	0.00589284	0.000939577	58.476	4
0	242	0.00316588	0.000617048	58.702	4
0	243	0.0241152	0.000704885	58.927	4
0	244	0.00742912	0.00189989	59.143	4
0	245	0.00546363	0.000780529	59.377	4
0	246	0.00333502	0.000672506	59.606	4
0	247	0.00790027	0.000428102	59.813	4
0	248	0.00434186	0.000795728	60.025	4
0	249	0.00769405	0.000904025	60.245	4
0	250	0.00464583	0.00077056	60.463	4
0	251	0.0047589	0.00095469	60.674	4
0	252	0.00434645	0.000630426	60.899	4
0	253	0.00415302	0.00066407	61.115	4
0	254	0.00831843	0.0016838	61.346	4
0	255	0.00490377	0.000803451	61.567	4
0	256	0.00412446	0.000717779	61.791	4
0	257	0.00871883	0.00134558	62.013	4
0	258	0.00401329	0.000736638	62.234	4
0	259	0.00729963	0.00109386	62.446	4
0	260	0.00598077	0.00108093	62.669	4
0	261	0.0062151	0.000926886	62.892	4
0	262	0.00625067	0.00100794	63.102	4
0	263	0.00482025	0.000774132	63.321	4
0	264	0.00391943	0.000633224	63.542	4
0	265	0.00579105	0.00107371	63.767	4
0	266	0.00455947	0.000535471	63.992	4
0	267	0.0126416	0.00147631	64.224	4
0	268	0.00493106	0.000897827	64.449	4
0	269	0.00781712	0.00105644	64.676	4
0	270	0.00498702	0.000672642	64.907	4
0	271	0.00576934	0.000779695	65.132	4
0	272	0.00347902	0.000595356	65.362	4
0	273	0.00946286	0.00137693	65.588	4
0	274	0.00994831	0.00127226	65.804	4
0	275	0.00376409	0.000708349	66.034	4
0	276	0.00584505	0.000865375	66.26	4
0	277	0.00517916	0.00073603	66.479	4
0	278	0.00784504	0.000591639	66.707	4
0	279	0.0041029	0.000723736	66.931	4
0	280	0.00418904	0.00071051	67.14	4
0	281	0.00491314	0.000941501	67.365	4
0	282	0.00873991	0.00111877	67.586	4
0	283	0.00525548	0.000932854	67.804	4
0	284	0.00545667	0.000534941	68.03	4
0	285	0.00462436	0.000824662	68.258	4
0	286	0.00443488	0.000716891	68.476	4
0	287	0.00371006	0.000724708	68.6881	4
0	288	0.00316632	0.000439387	68.907	4
0	289	0.00285346	0.000640794	69.126	4
0	290	0.00481117	0.00083868	69.34	4
0	291	0.00371226	0.000587121	69.56	4
0	292	0.00471303	0.000506939	69.78	4
0	293	0.00340168	0.000660274	70.003	4
0	294	0.0038301	0.000782692	70.217	4
0	295	0.00496175	0.000731288	70.437	4
0	296	0.00423733	0.000811287	70.657	4
0	297	0.00585259	0.00118268	70.871	4
0	298	0.00359451	0.000613889	71.0981	4
0	299	0.0047227	0.000454866	71.317	4
0	300	0.00348805	0.000742868	71.542	4
0	301	0.0067472	0.00114721	71.766	4
0	302	0.00352117	0.000480091	71.992	4
0	303	0.00436734	0.000734113	72.219	4
0	304	0.00405408	0.000573507	72.442	4
0	305	0.00384709	0.000593681	72.668	4
0	306	0.00304341	0.000629957	72.8911	4
0	307	0.00400604	0.000726847	73.106	4
0	308	0.00401202	0.000696064	73.338	4
0	309	0.00397226	0.000699066	73.555	4
0	310	0.00550599	0.000628942	73.7751	4
0	311	0.00371968	0.000494757	74	4
0	312	0.00485458	0.000761672	74.214	4
0	313	0.00575545	0.00087955	74.438	4
0	314	0.00394011	0.000553607	74.658	4
0	315	0.00398209	0.000729097	74.884	4
0	316	0.00339232	0.000601633	75.104	4
0	317	0.00304133	0.00048998	75.328	4
0	318	0.00515353	0.000514091	75.546	4
0	319	0.00543905	0.000718852	75.766	4
0	320	0.00472954	0.00074269	75.987	4
0	321	0.00464435	0.000546092	76.208	4
0	322	0.00569247	0.000998826	76.429	4
0	323	0.00728428	0.0011068	76.65	4
0	324	0.00478676	0.000551267	76.871	4
0	325	0.00337614	0.000552985	77.097	4
0	326	0.00347848	0.000631062	77.329	4
0	327	0.00395181	0.000602451	77.562	4
0	328	0.00383769	0.000781373	77.772	4
0	329	0.0026784	0.000515812	78.011	4
0	330	0.00330046	0.000598714	78.229	4
0	331	0.00384682	0.000757617	78.464	4
0	332	0.00331803	0.000671825	78.689	4
0	333	0.00322948	0.000577761	78.904	4
0	334	0.00561415	0.000791807	79.126	4
0	335	0.00444629	0.000972321	79.348	4
0	336	0.00371545	0.000635913	79.573	4
0	337	0.00405144	0.000613457	79.786	4
0	338	0.00284248	0.000449847	80	4
0	339	0.00481692	0.000574644	80.228	4
0	340	0.00290586	0.000599911	80.456	4
0	341	0.00412002	0.000519256	80.683	4
0	342	0.00590548	0.000772859	80.904	4
0	343	0.00586455	0.000768651	81.134	4
0	344	0.00370127	0.00069473	81.371	4
0	345	0.00444699	0.00048601	81.584	4
0	346	0.00359779	0.000636359	81.809	4
0	347	0.00364421	0.000673608	82.024	4
0	348	0.00325241	0.000414414	82.2431	4
0	349	0.00381336	0.000640467	82.471	4
0	350	0.00456165	0.000654004	82.693	4
0	351	0.00686271	0.000651183	82.915	4
0	352	0.00373372	0.000853003	83.132	4
0	353	0.00305241	0.000774662	83.368	4
0	354	0.00745159	0.00158575	83.592	4
0	355	0.00398702	0.000548728	83.815	4
0	356	0.00483122	0.000838688	84.036	4
0	357	0.00364482	0.000558539	84.2511	4
0	358	0.00397668	0.000820751	84.48	4
0	359	0.0101474	0.000903769	84.706	4
0	360	0.00751218	0.00190108	84.917	4
0	361	0.00622777	0.00084386	85.13	4
0	362	0.00717151	0.000672019	85.359	4
0	363	0.00461404	0.000817093	85.593	4
0	364	0.00298311	0.000537033	85.812	4
0	365	0.00435261	0.000670693	86.029	4
0	366	0.00290101	0.000488216	86.248	4
0	367	0.00365111	0.000527506	86.463	4
0	368	0.00258599	0.000457195	86.679	4
0	369	0.0027627	0.000379163	86.896	4
0	370	0.00246988	0.0004556	87.115	4
0	371	0.00626565	0.000768144	87.336	4
0	372	0.00407006	0.000508377	87.561	4
0	373	0.00619177	0.000874968	87.784	4
0	374	0.00268878	0.000538385	88.001	4
0	375	0.00408251	0.000798263	88.233	4
0	376	0.00507128	0.000693197	88.464	4
0	377	0.00345217	0.0006092	88.686	4
0	378	0.00355467	0.000652151	88.913	4
0	379	0.00288782	0.00042777	89.144	4
0	380	0.00224991	0.000456865	89.362	4
0	381	0.00387689	0.00051318	89.584	4
0	382	0.00284752	0.000600297	89.806	4
0	383	0.00367913	0.000642092	90.027	4
0	384	0.00361518	0.000579215	90.247	4
0	385	0.00550054	0.000680394	90.463	4
0	386	0.00912026	0.000837726	90.681	4
0	387	0.00457406	0.00120385	90.898	4
0	388	0.00391075	0.000580958	91.1231	4
0	389	0.00497988	0.000486933	91.3511	4
0	390	0.00380692	0.000765433	91.575	4
0	391	0.00339266	0.00066147	91.808	4
0	392	0.0027249	0.00060366	92.034	4
0	393	0.00372303	0.000648345	92.25	4
0	394	0.00317731	0.000460345	92.476	4
0	395	0.00288052	0.000595524	92.703	4
0	396	0.00298312	0.000406552	92.925	4
0	397	0.00232317	0.000308215	93.153	4
0	398	0.00284246	0.000591613	93.374	4
0	399	0.00315128	0.000653219	93.599	4
0	400	0.00379159	0.000897927	93.8161	4
0	401	0.00529567	0.000483757	94.041	4
0	402	0.0036959	0.00055992	94.268	4
0	403	0.00310888	0.000595194	94.49	4
0	404	0.0057229	0.000800682	94.704	4
0	405	0.00438788	0.000665127	94.935	4
0	406	0.003372	0.00053098	95.153	4
0	407	0.00266792	0.000454207	95.375	4
0	408	0.00582726	0.000860284	95.599	4
0	409	0.00464295	0.00090994	95.822	4
0	410	0.00653813	0.0010403	96.044	4
0	411	0.00507976	0.000412821	96.273	4
0	412	0.00258114	0.000475393	96.504	4
0	413	0.00288611	0.00050098	96.725	4
0	414	0.00407982	0.000437324	96.948	4
0	415	0.00294752	0.000483117	97.163	4
0	416	0.00227498	0.000455578	97.385	4
0	417	0.00379349	0.000506462	97.613	4
0	418	0.00828237	0.00151744	97.836	4
0	419	0.00297123	0.000374846	98.06	4
0	420	0.00289317	0.000493632	98.287	4
0	421	0.00442354	0.00076248	98.52	4
0	422	0.00296682	0.000402574	98.73	4
0	423	0.00257139	0.00047609	98.955	4
0	424	0.00363778	0.000568379	99.176	4
0	425	0.00222243	0.000342166	99.401	4
0	426	0.00261735	0.000571029	99.612	4
0	427	0.00740207	0.00130014	99.833	4
0	428	0.00369686	0.000413515	100.054	4
0	429	0.00264251	0.000450062	100.273	4
0	430	0.00370871	0.000313755	100.514	4
0	431	0.0031518	0.00039364	100.729	4
0	432	0.00268614	0.000453365	100.952	4
0	433	0.00466084	0.000651752	101.171	4
0	434	0.00358257	0.000660662	101.398	4
0	435	0.00463335	0.000444618	101.624	4
0	436	0.00300412	0.000582428	101.84	4
0	437	0.0031775	0.000716019	102.063	4
0	438	0.00213032	0.000379879	102.286	4
0	439	0.0026524	0.000425695	102.507	4
0	440	0.00403705	0.000509155	102.719	4
0	441	0.00305408	0.00037239	102.934	4
0	442	0.00181339	0.000335353	103.159	4
0	443	0.00660952	0.000875011	103.387	4
0	444	0.0073287	0.000790662	103.615	4
0	445	0.00571371	0.000641735	103.84	4
0	446	0.00459133	0.00048025	104.065	4
0	447	0.00414061	0.000654931	104.28	4
0	448	0.00405652	0.000334353	104.512	4
0	449	0.00486928	0.000836457	104.732	4
0	450	0.00344631	0.000559615	104.952	4
0	451	0.00390506	0.000572813	105.177	4
0	452	0.00324403	0.000493888	105.406	4
0	453	0.00300174	0.000464057	105.627	4
0	454	0.00244329	0.000479224	105.847	4
0	455	0.00357673	0.000473755	106.071	4
0	456	0.00416771	0.000671162	106.293	4
0	457	0.0052454	0.000475148	106.522	4
0	458	0.0020443	0.000302092	106.742	4
0	459	0.00398837	0.000600821	106.974	4
0	460	0.00449595	0.000511856	107.197	4
0	461	0.00322076	0.000582461	107.415	4
0	462	0.00330437	0.000624192	107.642	4
0	463	0.00394336	0.000739739	107.862	4
0	464	0.00221238	0.000313624	108.098	4
0	465	0.00299566	0.000565757	108.33	4
0	466	0.00348291	0.000541174	108.556	4
0	467	0.00176762	0.000267488	108.782	4
0	468	0.00451159	0.000637276	109.007	4
0	469	0.00193232	0.000295986	109.224	4
0	470	0.00241739	0.000458019	109.434	4
0	471	0.00179455	0.000272432	109.656	4
0	472	0.0052801	0.00077069	109.873	4
0	473	0.00668816	0.00114673	110.093	4
0	474	0.00564433	0.000444898	110.318	4
0	475	0.00383088	0.000535445	110.535	4
0	476	0.00390565	0.000515605	110.765	4
0	477	0.0035392	0.000410378	110.992	4
0	478	0.0037041	0.00102374	111.217	4
0	479	0.00420745	0.000678683	111.442	4
0	480	0.00725363	0.000870924	111.67	4
0	481	0.00514945	0.000780959	111.892	4
0	482	0.00310187	0.00059903	112.11	4
0	483	0.00320032	0.000516669	112.339	4
0	484	0.0040614	0.00076176	112.557	4
0	485	0.00201334	0.000419683	112.772	4
0	486	0.00322606	0.000636562	112.985	4
0	487	0.00307269	0.000435797	113.201	4
0	488	0.00224188	0.000390079	113.429	4
0	489	0.00339421	0.000532554	113.651	4
0	490	0.00439669	0.000577058	113.881	4
0	491	0.00389497	0.000403875	114.101	4
0	492	0.00392231	0.000704635	114.319	4
0	493	0.00265898	0.000589804	114.541	4
0	494	0.00367387	0.000589302	114.758	4
0	495	0.00194228	0.000334879	114.979	4
0	496	0.0024518	0.000300643	115.202	4
0	497	0.00172689	0.000303768	115.429	4
0	498	0.0031305	0.000434747	115.653	4
0	499	0.00314789	0.000370049	115.871	4
0	500	0.00193981	0.000334208	116.094	4
0	501	0.00219949	0.000287765	116.313	4
0	502	0.00847442	0.00156638	116.54	4
0	503	0.00379504	0.000712007	116.761	4
0	504	0.00675059	0.000558988	116.985	4
0	505	0.00185838	0.000336367	117.203	4
0	506	0.00297362	0.000363446	117.429	4
0	507	0.00250794	0.000501668	117.652	4
0	508	0.00350445	0.000492372	117.87	4
0	509	0.00256464	0.000433588	118.095	4
0	510	0.00223711	0.000439048	118.321	4
0	511	0.00202054	0.000423017	118.556	4
0	512	0.0101971	0.000707201	118.776	4
0	513	0.0101488	0.00161802	118.997	4
0	514	0.00457672	0.00084832	119.223	4
0	515	0.00844909	0.000840595	119.445	4
0	516	0.00375733	0.000549486	119.67	4
0	517	0.00337468	0.000412941	119.89	4
0	518	0.00202347	0.000343929	120.115	4
0	519	0.00233561	0.000293734	120.334	4
0	520	0.003261	0.000372859	120.557	4
0	521	0.00230417	0.000419066	120.776	4
0	522	0.00366515	0.000423608	120.994	4
0	523	0.00269342	0.000483201	121.217	4
0	524	0.0032294	0.000585838	121.433	4
0	525	0.00287934	0.000483934	121.65	4
0	526	0.00291463	0.000332048	121.869	4
0	527	0.00528997	0.00128537	122.089	4
0	528	0.00244681	0.000401287	122.302	4
0	529	0.00194185	0.000296416	122.521	4
0	530	0.00291402	0.000370919	122.742	4
0	531	0.00178323	0.000345756	122.963	4
0	532	0.00212184	0.000481731	123.184	4
0	533	0.00779542	0.00184547	123.399	4
0	534	0.00722352	0.000916842	123.62	4
0	535	0.00518265	0.000289967	123.852	4
0	536	0.00347157	0.00069714	124.065	4
0	537	0.0040713	0.000294786	124.287	4
0	538	0.00288074	0.00052675	124.513	4
0	539	0.00189924	0.000236075	124.738	4
0	540	0.00486918	0.00117816	124.951	4
0	541	0.00230572	0.000421002	125.163	4
0	542	0.00230547	0.000427156	125.379	4
0	543	0.00263595	0.000401532	125.598	4
0	544	0.00178847	0.000250058	125.815	4
0	545	0.00310963	0.000358999	126.052	4
0	546	0.00265457	0.000442339	126.277	4
0	547	0.00240172	0.000377103	126.513	4
0	548	0.00323142	0.000427138	126.727	4
0	549	0.00172446	0.000451023	126.942	4
0	550	0.00289372	0.000503497	127.158	4
0	551	0.00195772	0.000295143	127.382	4
0	552	0.00278351	0.000596466	127.607	4
0	553	0.00237043	0.000348106	127.823	4
0	554	0.00323461	0.000305324	128.042	4
0	555	0.00194179	0.00039793	128.264	4
0	556	0.00317925	0.000326374	128.491	4
0	557	0.0022237	0.000387971	128.711	4
0	558	0.00436889	0.000433081	128.937	4
0	559	0.00190427	0.000418454	129.152	4
0	560	0.00445851	0.000366691	129.365	4
0	561	0.00230344	0.000374858	129.595	4
0	562	0.00338368	0.000446346	129.819	4
0	563	0.00325565	0.000573533	130.043	4
0	564	0.00278428	0.000381361	130.263	4
0	565	0.00338611	0.000438833	130.483	4
0	566	0.00218068	0.000448608	130.704	4
0	567	0.00303119	0.000521392	130.934	4
0	568	0.0017258	0.000342772	131.15	4
0	569	0.00292306	0.000481841	131.375	4
0	570	0.00361461	0.000671602	131.591	4
0	571	0.00487486	0.000619777	131.81	4
0	572	0.00191579	0.000455934	132.027	4
0	573	0.00385194	0.000404782	132.255	4
0	574	0.00210422	0.000435595	132.482	4
0	575	0.00366524	0.000716256	132.706	4
0	576	0.0043109	0.00068669	132.932	4
0	577	0.00260034	0.000492036	133.157	4
0	578	0.0022084	0.000459558	133.391	4
0	579	0.00290834	0.000377767	133.61	4
0	580	0.00295237	0.000478524	133.825	4
0	581	0.00163431	0.000389625	134.051	4
0	582	0.00274992	0.000425083	134.268	4
0	583	0.00229922	0.000364997	134.482	4
0	584	0.00241545	0.000316293	134.706	4
0	585	0.0015527	0.000264947	134.925	4
0	586	0.00176882	0.000320914	135.152	4
0	587	0.00262513	0.000447341	135.378	4
0	588	0.00487785	0.000491236	135.604	4
0	589	0.00230483	0.000332352	135.827	4
0	590	0.00161278	0.000232803	136.049	4
0	591	0.00142829	0.000335805	136.279	4
0	592	0.00157732	0.000256275	136.493	4
0	593	0.00244945	0.000464698	136.717	4
0	594	0.00293505	0.000401247	136.947	4
0	595	0.00275077	0.000388754	137.174	4
0	596	0.0115762	0.00130233	137.391	4
0	597	0.00742972	0.00126638	137.614	4
0	598	0.00475469	0.000573799	137.845	4
0	599	0.00832291	0.000523327	138.069	4
0	600	0.00289174	0.000442596	138.294	4
0	601	0.00183738	0.000357807	138.522	4
0	602	0.00231772	0.000325335	138.739	4
0	603	0.00556753	0.000525294	138.967	4
0	604	0.00249896	0.000459261	139.185	4
0	605	0.00274046	0.000411916	139.404	4
0	606	0.00158485	0.000257394	139.628	4
0	607	0.00262576	0.000669634	139.846	4
0	608	0.00147703	0.000286722	140.067	4
0	609	0.00280677	0.000421025	140.29	4
0	610	0.00220343	0.000442917	140.512	4
0	611	0.00226543	0.000451392	140.73	4
0	612	0.00157722	0.000359259	140.955	4
0	613	0.0019355	0.000257044	141.179	4
0	614	0.00218003	0.000355196	141.404	4
0	615	0.00176322	0.000305442	141.63	4
0	616	0.00220644	0.000319065	141.864	4
0	617	0.0026813	0.00044065	142.089	4
0	618	0.00176945	0.000348539	142.302	4
0	619	0.00374265	0.00076515	142.522	4
0	620	0.00198143	0.000179483	142.741	4
0	621	0.00208052	0.000464565	142.958	4
0	622	0.00287387	0.000423727	143.178	4
0	623	0.0018919	0.000360538	143.406	4
0	624	0.006911	0.000660024	143.633	4
0	625	0.00341024	0.000606666	143.849	4
0	626	0.00531174	0.000515668	144.076	4
0	627	0.00364598	0.000528698	144.294	4
0	628	0.00217477	0.000364408	144.511	4
0	629	0.00162569	0.000301833	144.727	4
0	630	0.00293458	0.00021242	144.96	4
0	631	0.00212153	0.000433774	145.188	4
0	632	0.00211493	0.000191778	145.411	4
0	633	0.00231815	0.000542492	145.634	4
0	634	0.00224096	0.000384429	145.853	4
0	635	0.00243598	0.000451218	146.074	4
0	636	0.00332647	0.000475574	146.305	4
0	637	0.00215942	0.00029554	146.531	4
0	638	0.00311034	0.000537959	146.755	4
0	639	0.00367399	0.000290229	146.974	4
0	640	0.00272422	0.000406699	147.197	4
0	641	0.00254358	0.000411501	147.408	4
0	642	0.00191787	0.000340863	147.628	4
0	643	0.00216617	0.000371023	147.851	4
0	644	0.00284094	0.000214517	148.075	4
0	645	0.00237688	0.000541898	148.293	4
0	646	0.00212689	0.000402127	148.507	4
0	647	0.00188491	0.000269335	148.731	4
0	648	0.00226953	0.000409971	148.946	4
0	649	0.00166631	0.000191265	149.169	4
0	650	0.0016015	0.000353117	149.376	4
0	651	0.00326838	0.000393901	149.601	4
0	652	0.00153514	0.00025662	149.812	4
0	653	0.00133752	0.000248998	150.024	4
0	654	0.00322844	0.000473342	150.249	4
0	655	0.00486261	0.000682	150.476	4
0	656	0.00427934	0.000598834	150.7	4
0	657	0.00321227	0.000614028	150.912	4
0	658	0.00192929	0.000334613	151.138	4
0	659	0.00158523	0.000341672	151.371	4
0	660	0.0020369	0.00031291	151.597	4
0	661	0.001867	0.000290712	151.822	4
0	662	0.00188918	0.00025728	152.064	4
0	663	0.00191629	0.000354021	152.276	4
0	664	0.00244754	0.000267502	152.502	4
0	665	0.00262683	0.000261675	152.722	4
0	666	0.00151164	0.000264438	152.954	4
0	667	0.00267266	0.00032202	153.175	4
0	668	0.00137978	0.000287882	153.402	4
0	669	0.0015593	0.000343526	153.613	4
0	670	0.00281995	0.000527222	153.824	4
0	671	0.00639361	0.000572547	154.05	4
0	672	0.00266415	0.000509643	154.264	4
0	673	0.00821467	0.00163539	154.481	4
0	674	0.0030136	0.000342155	154.705	4
0	675	0.00309325	0.000692138	154.917	4
0	676	0.0020036	0.000362636	155.136	4
0	677	0.00313179	0.000435727	155.356	4
0	678	0.0056328	0.00135718	155.576	4
0	679	0.0017907	0.000316236	155.801	4
0	680	0.00253814	0.000465744	156.026	4
0	681	0.00173868	0.000223515	156.251	4
0	682	0.0025519	0.000498205	156.469	4
0	683	0.00215753	0.000369272	156.692	4
0	684	0.00184184	0.000318305	156.909	4
0	685	0.00358617	0.000519961	157.132	4
0	686	0.0051071	0.00111767	157.35	4
0	687	0.00227662	0.000335052	157.571	4
0	688	0.00290552	0.000424125	157.796	4
0	689	0.00202459	0.000369378	158.013	4
0	690	0.00278244	0.000321774	158.23	4
0	691	0.00257104	0.000620957	158.448	4
0	692	0.0031147	0.000399019	158.671	4
0	693	0.00173699	0.000333681	158.897	4
0	694	0.0021792	0.000392908	159.128	4
0	695	0.00376704	0.000282877	159.349	4
0	696	0.00120956	0.000196455	159.576	4
0	697	0.00171785	0.000369322	159.793	4
0	698	0.00250844	0.000436274	160.018	4
0	699	0.00218449	0.000557059	160.242	4
0	700	0.00197725	0.000278116	160.472	4
0	701	0.00153107	0.000313639	160.687	4
0	702	0.00114594	0.000202703	160.911	4
0	703	0.00280464	0.000419984	161.123	4
0	704	0.00152816	0.000212376	161.349	4
0	705	0.00169198	0.000276629	161.579	4
0	706	0.00181197	0.000191247	161.799	4
0	707	0.00158714	0.000313169	162.028	4
0	708	0.00216444	0.000331763	162.253	4
0	709	0.00383746	0.00077491	162.472	4
0	710	0.00172631	0.000215946	162.698	4
0	711	0.00641399	0.000873716	162.928	4
0	712	0.00235125	0.000351869	163.15	4
0	713	0.00228153	0.000310075	163.364	4
0	714	0.00201718	0.000289437	163.582	4
0	715	0.0133392	0.00116845	163.801	4
0	716	0.00373353	0.000787921	164.018	4
0	717	0.00246807	0.000403167	164.243	4
0	718	0.00209934	0.00044196	164.469	4
0	719	0.00254144	0.000429813	164.686	4
0	720	0.00324495	0.000716235	164.913	4
0	721	0.00257099	0.000434959	165.13	4
0	722	0.00374763	0.000716935	165.356	4
0	723	0.0042533	0.000454183	165.577	4
0	724	0.00217134	0.000385388	165.804	4
0	725	0.00217896	0.000392456	166.028	4
0	726	0.00289416	0.000430854	166.26	4
0	727	0.00189022	0.000375275	166.481	4
0	728	0.00205124	0.000334054	166.706	4
0	729	0.00244952	0.000404224	166.923	4
0	730	0.00226421	0.000344516	167.145	4
0	731	0.00327923	0.000577037	167.357	4
0	732	0.00172477	0.000245187	167.576	4
0	733	0.00480233	0.000587531	167.798	4
0	734	0.0022092	0.00037801	168.026	4
0	735	0.00384369	0.00026103	168.244	4
0	736	0.00250181	0.00030145	168.471	4
0	737	0.00180306	0.00034502	168.698	4
0	738	0.00616894	0.000591397	168.917	4
0	739	0.00189486	0.000451801	169.139	4
0	740	0.00324714	0.000246798	169.356	4
0	741	0.00337131	0.000849933	169.578	4
0	742	0.00157204	0.000304333	169.799	4
0	743	0.00202629	0.000312008	170.017	4
0	744	0.00158916	0.000207878	170.239	4
0	745	0.00181071	0.000302929	170.457	4
0	746	0.0033217	0.000408861	170.678	4
0	747	0.00245217	0.000404195	170.902	4
0	748	0.00418678	0.000414749	171.142	4
0	749	0.0018929	0.000292331	171.364	4
0	750	0.00205404	0.000321442	171.598	4
0	751	0.00264153	0.000578268	171.818	4
0	752	0.00243497	0.000311107	172.045	4
0	753	0.00294492	0.00038314	172.259	4
0	754	0.00186096	0.000335977	172.484	4
0	755	0.00178771	0.000245807	172.718	4
0	756	0.00622489	0.000683549	172.947	4
0	757	0.00290783	0.000516887	173.174	4
0	758	0.00201789	0.000447317	173.388	4
0	759	0.00370191	0.000519162	173.606	4
0	760	0.00222466	0.000316145	173.824	4
0	761	0.00297557	0.00046622	174.046	4
0	762	0.00397922	0.000510759	174.267	4
0	763	0.00308177	0.000625736	174.479	4
0	764	0.00408483	0.000578253	174.693	4
0	765	0.00306343	0.000295852	174.918	4
0	766	0.00171688	0.000262015	175.152	4
0	767	0.00342904	0.000490236	175.389	4
0	768	0.00135585	0.000210913	175.614	4
0	769	0.00282965	0.000365719	175.843	4
0	770	0.00197898	0.000332574	176.063	4
0	771	0.00195411	0.000405605	176.29	4
0	772	0.00542344	0.0012766	176.508	4
0	773	0.00169965	0.000343113	176.744	4
0	774	0.00283616	0.000386409	176.966	4
0	775	0.00283942	0.000577829	177.186	4
0	776	0.00148571	0.000274199	177.397	4
0	777	0.00315877	0.000481163	177.626	4
0	778	0.0024171	0.000478143	177.845	4
0	779	0.00252973	0.000331901	178.07	4
0	780	0.00213482	0.000272425	178.291	4
0	781	0.00140492	0.000281985	178.504	4
0	782	0.00207711	0.000321908	178.73	4
0	783	0.00189025	0.000344394	178.943	4
0	784	0.00248872	0.000407815	179.159	4
0	785	0.00255261	0.000465343	179.377	4
0	786	0.00629317	0.00119487	179.596	4
0	787	0.00299228	0.000491468	179.821	4
0	788	0.00193477	0.000409664	180.035	4
0	789	0.00165362	0.000315638	180.265	4
0	790	0.00231821	0.000287017	180.488	4
0	791	0.00275168	0.000671649	180.718	4
0	792	0.00274262	0.00033868	180.939	4
0	793	0.00137616	0.00020929	181.162	4
0	794	0.00300176	0.000349202	181.391	4
0	795	0.00191353	0.00036742	181.604	4
0	796	0.00351549	0.000591303	181.831	4
0	797	0.00292954	0.00064107	182.05	4
0	798	0.00265959	0.000386147	182.269	4
0	799	0.00234144	0.000354668	182.49	4
0	800	0.00263252	0.00039511	182.72	4
0	801	0.00383261	0.000553909	182.944	4
0	802	0.00196053	0.000374918	183.153	4
0	803	0.00250553	0.000386559	183.371	4
0	804	0.00293327	0.00029609	183.596	4
0	805	0.00246146	0.000375619	183.813	4
0	806	0.00390384	0.000542983	184.041	4
0	807	0.00216402	0.000290474	184.261	4
0	808	0.00195867	0.000371892	184.495	4
0	809	0.00212769	0.000408646	184.715	4
0	810	0.00251522	0.000408856	184.925	4
0	811	0.00250961	0.000403204	185.143	4
0	812	0.00147093	0.000263192	185.358	4
0	813	0.00143004	0.000259486	185.584	4
0	814	0.00159023	0.000211538	185.812	4
0	815	0.0018826	0.00037482	186.048	4
0	816	0.00198702	0.000335666	186.263	4
0	817	0.00362173	0.000940128	186.476	4
0	818	0.00154476	0.000287034	186.697	4
0	819	0.00183895	0.000237167	186.917	4
0	820	0.00124381	0.000214451	187.128	4
0	821	0.00348995	0.000425835	187.357	4
0	822	0.00279593	0.000561083	187.573	4
0	823	0.00279177	0.000291066	187.788	4
0	824	0.00233181	0.0005107	188.002	4
0	825	0.00263762	0.000397154	188.226	4
0	826	0.00221993	0.000382545	188.463	4
0	827	0.00130182	0.000204774	188.683	4
0	828	0.00173859	0.000324883	188.901	4
0	829	0.0022199	0.00040294	189.124	4
0	830	0.00193102	0.000352058	189.361	4
0	831	0.00156099	0.000354695	189.577	4
0	832	0.00163495	0.000410492	189.795	4
0	833	0.00251138	0.000338569	190.021	4
0	834	0.00148411	0.000355546	190.23	4
0	835	0.0022545	0.0004663	190.447	4
0	836	0.00243838	0.000401563	190.675	4
0	837	0.00224567	0.000329403	190.905	4
0	838	0.00207369	0.000304215	191.126	4
0	839	0.00233694	0.000420126	191.34	4
0	840	0.00167028	0.000327202	191.56	4
0	841	0.00267164	0.000322221	191.788	4
0	842	0.00304017	0.000395558	192.011	4
0	843	0.00143904	0.00023811	192.226	4
0	844	0.00137797	0.000250768	192.444	4
0	845	0.00580879	0.000400251	192.677	4
0	846	0.00299638	0.000447404	192.889	4
0	847	0.00495528	0.000621423	193.105	4
0	848	0.00185308	0.000258634	193.313	4
0	849	0.00286602	0.000452321	193.531	4
0	850	0.00187665	0.000254125	193.749	4
0	851	0.00221387	0.000302219	193.97	4
0	852	0.00269939	0.000307428	194.198	4
0	853	0.00190358	0.000314986	194.418	4
0	854	0.00622387	0.000888643	194.639	4
0	855	0.00304055	0.000376589	194.858	4
0	856	0.00293112	0.000443121	195.077	4
0	857	0.00209242	0.000368997	195.287	4
0	858	0.00175759	0.000298835	195.505	4
0	859	0.00432399	0.000490279	195.734	4
0	860	0.00224842	0.000442137	195.948	4
0	861	0.00197202	0.000292049	196.159	4
0	862	0.00133346	0.000275232	196.383	4
0	863	0.00726345	0.000564313	196.608	4
0	864	0.00323292	0.000368587	196.83	4
0	865	0.00173441	0.000277375	197.05	4
0	866	0.00217684	0.000404598	197.274	4
0	867	0.0016838	0.000232631	197.501	4
0	868	0.00180395	0.000283995	197.725	4
0	869	0.00220598	0.000292016	197.942	4
0	870	0.00170774	0.000361085	198.169	4
0	871	0.00185662	0.00021978	198.39	4
0	872	0.00128066	0.000227405	198.608	4
0	873	0.00171199	0.00031296	198.835	4
0	874	0.00142955	0.000241999	199.058	4
0	875	0.00228626	0.000413455	199.285	4
0	876	0.00160099	0.000279773	199.497	4
0	877	0.00176711	0.000352366	199.712	4
0	878	0.00120741	0.000239137	199.932	4
0	879	0.00209414	0.000352492	200.158	4
0	880	0.00198466	0.000236707	200.387	4
0	881	0.00811741	0.000500368	200.615	4
0	882	0.00375211	0.000693023	200.849	4
0	883	0.00224531	0.000364787	201.063	4
0	884	0.00175246	0.000316789	201.284	4
0	885	0.00178578	0.000351325	201.535	4
0	886	0.0060751	0.00137052	201.755	4
0	887	0.00255032	0.00033355	201.981	4
0	888	0.00153487	0.000286931	202.198	4
0	889	0.00556369	0.001285	202.412	4
0	890	0.00156749	0.000236387	202.641	4
0	891	0.00548184	0.000507443	202.859	4
0	892	0.00221631	0.000336766	203.084	4
0	893	0.00249891	0.00023913	203.303	4
0	894	0.00150248	0.000252478	203.569	4
0	895	0.00208552	0.000286105	203.81	4
0	896	0.00176855	0.000371564	204.047	4
0	897	0.00150522	0.000281747	204.285	4
0	898	0.00145908	0.000220356	204.541	4
0	899	0.00407331	0.000628932	204.81	4
0	900	0.00186987	0.000322701	205.04	4
0	901	0.00119856	0.000238862	205.289	4
0	902	0.0024384	0.000280366	205.538	4
0	903	0.00391994	0.00091511	205.777	4
0	904	0.00170756	0.000333674	206.011	4
0	905	0.00289119	0.000408879	206.305	4
0	906	0.00198132	0.000307719	206.542	4
0	907	0.00215291	0.000407812	206.776	4
0	908	0.00133807	0.0002182	207.063	4
0	909	0.00132615	0.000280244	207.406	4
0	910	0.00599257	0.00060605	207.751	4
0	911	0.00245497	0.000392883	208.034	4
0	912	0.00232521	0.000345086	208.306	4
0	913	0.0029448	0.000243479	208.574	4
0	914	0.00148946	0.000285831	208.814	4
0	915	0.00583266	0.00110128	209.068	4
0	916	0.00194184	0.000366495	209.334	4
0	917	0.00243252	0.000302665	209.617	4
0	918	0.00229746	0.000368877	209.846	4
0	919	0.00305972	0.000775037	210.077	4
0	920	0.00347462	0.000393253	210.324	4
0	921	0.00125057	0.000176202	210.616	4
0	922	0.00788187	0.000597286	210.925	4
0	923	0.00534829	0.000582136	211.219	4
0	924	0.00335891	0.000699995	211.505	4
0	925	0.00363819	0.000366059	211.789	4
0	926	0.00174704	0.000249208	212.088	4
0	927	0.00331453	0.000542257	212.382	4
0	928	0.00419138	0.000512256	212.675	4
0	929	0.00243172	0.000433593	213.039	4
0	930	0.00280917	0.000492817	213.345	4
0	931	0.00167316	0.00031827	213.6	4
0	932	0.00146533	0.000274193	213.864	4
0	933	0.00534209	0.00095886	214.127	4
0	934	0.00196076	0.000383844	214.364	4
0	935	0.00320856	0.000459766	214.632	4
0	936	0.00137725	0.000287621	214.902	4
0	937	0.00132591	0.000214563	215.18	4
0	938	0.00161494	0.000322959	215.433	4
0	939	0.00304069	0.000498699	215.716	4
0	940	0.00174365	0.000292127	216.014	4
0	941	0.00379776	0.000431815	216.296	4
0	942	0.00350521	0.000481427	216.575	4
0	943	0.0038123	0.000368277	216.838	4
0	944	0.00174791	0.000296707	217.08	4
0	945	0.0014092	0.000247281	217.33	4
0	946	0.00276049	0.000593522	217.6	4
0	947	0.00236907	0.000341068	217.842	4
0	948	0.00117782	0.000205878	218.095	4
0	949	0.00106143	0.000188989	218.351	4
0	950	0.00133277	0.000211773	218.6	4
0	951	0.00169615	0.000264301	218.888	4
0	952	0.00241767	0.000362464	219.163	4
0	953	0.00277186	0.000356087	219.41	4
0	954	0.00149556	0.000222294	219.64	4
0	955	0.00209145	0.000325606	219.872	4
0	956	0.00108512	0.000223493	220.152	4
0	957	0.00168449	0.000259693	220.424	4
0	958	0.00142854	0.000220455	220.672	4
0	959	0.00187232	0.000295089	220.958	4
0	960	0.00234975	0.000220642	221.281	4
0	961	0.00124395	0.000243772	221.611	4
0	962	0.00385363	0.000256221	221.9	4
0	963	0.00338439	0.000632493	222.145	4
0	964	0.00258755	0.000204848	222.378	4
0	965	0.0013983	0.000253897	222.648	4
0	966	0.00215311	0.000297168	222.936	4
0	967	0.00132569	0.000228288	223.202	4
0	968	0.00235047	0.000467103	223.474	4
0	969	0.00207194	0.000307261	223.738	4
0	970	0.00254189	0.000519112	223.999	4
0	971	0.0027702	0.000270932	224.243	4
0	972	0.00110324	0.000214996	224.52	4
0	973	0.00212323	0.000484999	224.779	4
0	974	0.00168505	0.000299342	225.042	4
0	975	0.00212936	0.000341696	225.29	4
0	976	0.00140242	0.000213485	225.533	4
0	977	0.00169018	0.000300352	225.781	4
0	978	0.00140104	0.000244227	226.029	4
0	979	0.00191215	0.000323208	226.266	4
0	980	0.00159284	0.000190857	226.507	4
0	981	0.00147017	0.000226033	226.754	4
0	982	0.00180046	0.000433471	226.977	4
0	983	0.00190387	0.000426887	227.255	4
0	984	0.00210708	0.000256639	227.488	4
0	985	0.00148886	0.000270138	227.719	4
0	986	0.00158096	0.000179444	227.94	4
0	987	0.00235781	0.000314567	228.173	4
0	988	0.00121135	0.000231516	228.417	4
0	989	0.00150585	0.000261988	228.658	4
0	990	0.00139184	0.000316312	228.9	4
0	991	0.00231095	0.000212702	229.18	4
0	992	0.00127206	0.000240805	229.443	4
0	993	0.00124007	0.000188449	229.679	4
0	994	0.0025301	0.000520286	229.896	4
0	995	0.00205984	0.000380256	230.12	4
0	996	0.00175582	0.000301422	230.337	4
0	997	0.00296371	0.000376057	230.551	4
0	998	0.00258712	0.000371492	230.794	4
0	999	0.00211955	0.000247715	231.076	4
0	1000	0.00145289	0.000175692	231.351	4
0	1001	0.00181456	0.000390635	231.605	4
0	1002	0.00380163	0.000464829	231.871	4
0	1003	0.00371557	0.000429151	232.135	4
0	1004	0.00247414	0.000554911	232.417	4
0	1005	0.00261685	0.000266348	232.675	4
0	1006	0.00136157	0.000202446	232.948	4
0	1007	0.00157441	0.00028273	233.217	4
0	1008	0.00170664	0.000256446	233.517	4
0	1009	0.00243179	0.000320373	233.797	4
0	1010	0.00155898	0.000252887	234.1	4
0	1011	0.00175133	0.000207257	234.373	4
0	1012	0.0014198	0.00025707	234.635	4
0	1013	0.00152653	0.000267448	234.891	4
0	1014	0.00208789	0.000219807	235.144	4
0	1015	0.00286957	0.000411114	235.442	4
0	1016	0.00408579	0.000326356	235.783	4
0	1017	0.00291574	0.000399114	236.056	4
0	1018	0.00409609	0.000444269	236.339	4
0	1019	0.00212328	0.00047023	236.587	4
0	1020	0.00213152	0.000322211	236.853	4
0	1021	0.00274374	0.000343122	237.104	4
0	1022	0.00209903	0.000289549	237.358	4
0	1023	0.00125444	0.000207073	237.643	4
0	1024	0.00152842	0.000180467	237.917	4
0	1025	0.00295768	0.000475574	238.178	4
0	1026	0.00345566	0.000348207	238.486	4
0	1027	0.0014547	0.000227272	238.802	4
0	1028	0.00169173	0.000277569	239.058	4
0	1029	0.00116657	0.00022192	239.333	4
0	1030	0.001414	0.000311887	239.598	4
0	1031	0.00305691	0.000537954	239.87	4
0	1032	0.00326111	0.000623692	240.138	4
0	1033	0.0029776	0.000441452	240.414	4
0	1034	0.00131233	0.000221656	240.69	4
0	1035	0.00192708	0.000261347	240.965	4
0	1036	0.00179817	0.0002814	241.237	4
0	1037	0.00233084	0.000488618	241.488	4
0	1038	0.00133386	0.000238004	241.73	4
0	1039	0.0018201	0.000199502	242.018	4
0	1040	0.001439	0.000273812	242.268	4
0	1041	0.00183945	0.000163522	242.527	4
0	1042	0.00132213	0.000263859	242.803	4
0	1043	0.00143853	0.000279175	243.088	4
0	1044	0.00182206	0.000231155	243.336	4
0	1045	0.00125033	0.000223189	243.584	4
0	1046	0.00221621	0.000513301	243.881	4
0	1047	0.00164547	0.000237847	244.132	4
0	1048	0.00421732	0.000748108	244.412	4
0	1049	0.00292696	0.00034985	244.679	4
0	1050	0.00154584	0.000288595	244.934	4
0	1051	0.00249673	0.000186301	245.183	4
0	1052	0.00146531	0.000262815	245.432	4
0	1053	0.0042232	0.000670363	245.668	4
0	1054	0.00174513	0.000221924	245.909	4
0	1055	0.00116808	0.000217336	246.154	4
0	1056	0.00155549	0.000171197	246.399	4
0	1057	0.00170257	0.000272854	246.641	4
0	1058	0.00174324	0.000306188	246.887	4
0	1059	0.00151193	0.000257089	247.121	4
0	1060	0.00205203	0.000348676	247.365	4
0	1061	0.00147684	0.000211689	247.612	4
0	1062	0.00152482	0.000274803	247.842	4
0	1063	0.00128656	0.00020811	248.068	4
0	1064	0.00147624	0.000260947	248.283	4
0	1065	0.000851895	0.000179053	248.497	4
