step	level	max error	mean error	time
0	0	0.0579796	0.00339855	21.846	16
0	1	0.0199852	0.00256151	23.958	16
0	2	0.0173191	0.00259479	26.083	16
0	3	0.0127806	0.00149513	28.262	16
0	4	0.00630964	0.000842813	35.724	32
0	5	0.00482253	0.0008569	43.278	32
0	6	0.00396331	0.000451213	50.858	32
0	7	0.00394188	0.00056163	58.375	32
0	8	0.00308961	0.000452709	65.925	32
0	9	0.00250572	0.000308367	73.413	32
0	10	0.00246226	0.000356758	75.56	16
0	11	0.00164956	0.000209215	103.815	64
0	12	0.00133103	0.000164548	131.882	64
0	13	0.000651226	8.7973e-005	241.85	128
