step	level	max error	mean error	time
0	0	0.00587632	0.00088831	47.475	32
0	1	0.00356413	0.000536482	55.117	32
0	2	0.00340831	0.000418129	62.909	32
0	3	0.00294097	0.000385177	70.588	32
0	4	0.00222789	0.000254441	78.157	32
0	5	0.00212011	0.000279093	85.711	32
0	6	0.00152243	0.000230681	93.429	32
0	7	0.0017223	0.000229433	101.086	32
0	8	0.00146206	0.00017429	108.744	32
0	9	0.00159884	0.000159948	116.373	32
0	10	0.00145881	0.000144208	124.011	32
0	11	0.00116699	0.000169035	131.619	32
0	12	0.000952985	0.000161813	139.3	32
