step	level	max error	time	nr. of control nodes
0	0	0.416163	12	2
0	0	0.45595	28	4
0	0	0.247531	44	6
0	0	0.090812	60	8
0	0	0.0806835	76	10
0	0	0.0245378	93	12
0	0	0.0239939	112	14
0	0	0.0155909	134	16
0	1	0.0154182	148	2
0	1	0.026079	154	4
0	1	0.0132309	158	6
0	1	0.011545	165	8
0	1	0.00908091	170	10
0	1	0.017053	178	12
0	1	0.0114767	184	14
0	1	0.0142395	193	16
0	1	0.00559647	202	18
0	1	0.00382483	211	20
0	1	0.00313187	222	22
0	1	0.00236789	233	24
0	1	0.00151302	246	26
0	1	0.00135765	257	28
0	1	0.00127768	272	30
0	1	0.000932783	287	32
0	1	0.000839101	305	33
0	1	0.000772482	322	34
0	2	0.00119231	326	1
0	2	0.0010936	331	3
0	2	0.00410839	336	5
0	2	0.00195154	341	7
0	2	0.00233199	347	9
0	2	0.00211492	353	11
0	2	0.00187929	363	13
0	2	0.00236851	369	15
0	2	0.00108535	379	17
0	2	0.0012803	390	19
0	2	0.000957205	400	21
0	2	0.000934281	412	23
0	2	0.000681151	422	25
0	2	0.00108909	435	27
0	2	0.000697105	449	29
0	2	0.000670605	465	31
0	2	0.000556636	476	32
0	2	0.000547179	492	33
0	2	0.000473323	506	34
0	2	0.000406398	520	35
0	2	0.000367513	533	36
0	2	0.000367068	552	37
0	2	0.000290513	566	38
0	2	0.000279198	580	39
0	2	0.000265955	595	40
0	2	0.000261175	612	41
0	2	0.0002527	630	42
0	2	0.00023947	648	43
0	2	0.000227232	666	44
0	2	0.000220908	685	45
0	2	0.000238518	706	46
0	2	0.000209139	727	47
0	2	0.00019584	750	48
0	2	0.00019349	773	49
0	2	0.000162962	795	50
0	2	0.000141098	819	51
0	2	0.000136471	842	52
0	2	0.000133177	864	53
0	2	0.000155426	889	54
0	2	0.000130883	914	55
0	2	0.000127393	941	56
0	2	0.000121349	967	57
0	2	0.000113724	996	58
0	2	0.000108628	1025	59
0	2	0.000108245	1052	60
0	2	0.000118836	1083	61
0	2	0.000103904	1114	62
0	2	0.000102848	1143	63
0	2	0.000137691	1174	64
0	2	0.000102301	1206	65
0	2	9.11207e-005	1242	66
0	2	8.91756e-005	1276	67
0	2	0.000119907	1312	68
0	2	8.87705e-005	1348	69
0	2	8.73644e-005	1390	70
0	2	8.33391e-005	1430	71
0	2	6.91369e-005	1478	72
0	2	6.64016e-005	1523	73
0	2	6.39382e-005	1566	74
0	2	6.01888e-005	1608	75
0	2	7.29205e-005	1654	76
0	2	5.39996e-005	1699	77
0	2	4.77989e-005	1747	78
0	2	5.69464e-005	1795	79
0	2	4.70412e-005	1842	80
0	2	4.44064e-005	1894	81
0	2	3.90438e-005	1944	82
0	2	3.39877e-005	1997	83
0	3	4.76118e-005	2001	1
0	3	0.000238052	2005	3
0	3	0.000179778	2010	5
0	3	9.17995e-005	2016	7
0	3	5.38735e-005	2022	9
0	3	0.000202394	2029	11
0	3	0.000106581	2036	13
0	3	9.53825e-005	2043	15
0	3	6.05419e-005	2052	17
0	3	5.86231e-005	2061	19
0	3	7.27182e-005	2071	21
0	3	0.000115356	2082	23
0	3	5.747e-005	2093	25
0	3	5.86343e-005	2105	27
0	3	5.43698e-005	2117	29
0	3	4.12203e-005	2131	31
0	3	3.68449e-005	2144	32
0	3	5.96012e-005	2155	33
0	3	3.61052e-005	2166	34
0	3	3.86579e-005	2180	35
0	3	3.59824e-005	2194	36
0	3	5.20227e-005	2207	37
0	3	4.48359e-005	2221	38
0	3	4.28636e-005	2237	39
0	3	3.59906e-005	2253	40
0	3	3.48485e-005	2268	41
0	3	5.28352e-005	2287	42
0	3	5.40649e-005	2310	43
0	3	3.49443e-005	2338	44
0	3	3.43119e-005	2361	45
0	3	3.89525e-005	2379	46
0	3	3.34932e-005	2399	47
0	3	3.33694e-005	2421	48
0	3	3.35348e-005	2448	49
0	3	3.24636e-005	2472	50
0	3	3.23194e-005	2495	51
0	3	3.203e-005	2519	52
0	3	5.26529e-005	2545	53
0	3	5.00032e-005	2572	54
0	3	3.20188e-005	2599	55
0	3	3.13363e-005	2627	56
0	3	3.05763e-005	2655	57
0	3	2.97839e-005	2680	58
0	3	2.99728e-005	2707	59
0	3	2.8627e-005	2737	60
0	3	2.81985e-005	2768	61
0	3	2.75443e-005	2799	62
0	3	2.70377e-005	2834	63
0	3	2.69984e-005	2868	64
0	3	2.612e-005	2901	65
0	3	2.55791e-005	2938	66
0	3	2.55495e-005	2976	67
0	3	2.4152e-005	3012	68
0	3	2.39883e-005	3052	69
0	3	2.35672e-005	3092	70
0	3	2.16912e-005	3128	71
0	3	2.70183e-005	3167	72
0	3	2.16148e-005	3209	73
0	3	2.04569e-005	3254	74
0	3	1.9633e-005	3298	75
0	3	2.41454e-005	3344	76
0	3	2.38033e-005	3398	77
0	3	1.87709e-005	3449	78
0	3	2.20847e-005	3500	79
0	3	1.78801e-005	3553	80
0	3	1.77344e-005	3606	81
0	3	2.10643e-005	3662	82
0	3	1.77094e-005	3722	83
0	3	2.20394e-005	3778	84
0	3	2.6823e-005	3833	85
0	3	1.72719e-005	3888	86
0	3	1.7123e-005	3948	87
0	3	1.68269e-005	4013	88
0	3	3.0111e-005	4073	89
0	3	1.65854e-005	4135	90
0	3	1.54395e-005	4202	91
0	3	1.53067e-005	4268	92
0	3	1.50082e-005	4332	93
0	3	1.49568e-005	4403	94
0	3	1.41805e-005	4476	95
0	3	1.35994e-005	4547	96
0	3	1.33882e-005	4623	97
0	3	1.32362e-005	4699	98
0	3	1.21497e-005	4783	99
0	3	1.18901e-005	4863	100
0	3	4.67434e-005	4941	101
0	3	1.91405e-005	5022	102
0	3	1.26674e-005	5108	103
0	3	1.20672e-005	5195	104
0	3	1.14651e-005	5286	105
0	3	1.13052e-005	5376	106
0	3	1.10777e-005	5475	107
0	3	1.05821e-005	5574	108
0	3	1.2479e-005	5679	109
0	3	9.18469e-006	5777	110
0	3	8.832e-006	5880	111
0	3	8.732e-006	5986	112
0	3	1.00918e-005	6095	113
0	3	8.48694e-006	6210	114
0	3	8.33965e-006	6318	115
0	3	7.45577e-006	6428	116
0	3	7.43783e-006	6539	117
0	3	7.42316e-006	6658	118
0	3	1.95516e-005	6778	119
0	3	1.60529e-005	6896	120
0	3	7.40009e-006	7013	121
0	3	7.01447e-006	7133	122
0	3	6.96781e-006	7262	123
0	3	6.69555e-006	7399	124
0	3	6.54689e-006	7527	125
0	3	6.46859e-006	7658	126
0	3	6.12438e-006	7798	127
0	3	7.42511e-006	7944	128
0	3	6.08653e-006	8086	129
0	3	5.96987e-006	8229	130
0	3	5.82474e-006	8393	131
0	3	5.29637e-006	8545	132
0	3	5.23908e-006	8692	133
0	3	5.33921e-006	8856	134
0	3	5.17651e-006	9024	135
0	3	6.28689e-006	9185	136
0	3	5.01801e-006	9358	137
0	3	4.86299e-006	9527	138
0	3	4.86019e-006	9696	139
0	3	4.46469e-006	9891	140
0	3	4.52715e-006	10082	141
0	3	4.44742e-006	10263	142
0	3	4.42761e-006	10453	143
0	3	4.36832e-006	10642	144
0	3	4.1753e-006	10829	145
0	3	4.10466e-006	11023	146
0	3	3.81931e-006	11217	147
0	3	3.59405e-006	11410	148
0	3	3.57028e-006	11620	149
0	3	3.52943e-006	11828	150
0	3	3.34591e-006	12033	151
0	3	3.34384e-006	12258	152
0	3	3.16906e-006	12472	153
0	3	3.0946e-006	12696	154
0	3	3.06291e-006	12919	155
0	3	2.88925e-006	13145	156
0	3	2.8848e-006	13384	157
0	3	2.86923e-006	13610	158
0	3	2.86305e-006	13845	159
0	3	2.81644e-006	14076	160
0	3	2.79011e-006	14318	161
0	3	2.63354e-006	14577	162
0	3	2.48555e-006	14835	163
0	3	2.47894e-006	15077	164
0	3	2.43301e-006	15336	165
0	3	2.76562e-006	15599	166
0	3	2.38281e-006	15862	167
0	3	2.36242e-006	16118	168
0	3	2.57526e-006	16398	169
0	3	2.32499e-006	16684	170
0	3	2.26802e-006	16972	171
0	3	2.22e-006	17247	172
0	3	2.13662e-006	17539	173
0	3	2.10859e-006	17840	174
0	3	2.05172e-006	18149	175
0	3	2.03916e-006	18451	176
0	3	1.73046e-006	18765	177
0	3	1.68238e-006	19077	178
0	4	2.767e-006	19082	1
0	4	1.28015e-005	19086	3
0	4	5.96318e-006	19091	5
0	4	6.59128e-005	19096	7
0	4	1.99678e-005	19106	9
0	4	9.58797e-006	19113	11
0	4	1.04838e-005	19120	13
0	4	5.07726e-006	19127	15
0	4	1.03703e-005	19136	17
0	4	3.70001e-006	19145	19
0	4	3.04957e-006	19156	21
0	4	5.55005e-006	19167	23
0	4	4.10923e-006	19179	25
0	4	2.59208e-006	19195	27
0	4	6.23236e-006	19208	29
0	4	3.00125e-006	19222	31
0	4	2.8339e-006	19233	32
0	4	2.59936e-006	19246	33
0	4	2.37657e-006	19260	34
0	4	2.36429e-006	19274	35
0	4	2.25094e-006	19288	36
0	4	1.02399e-005	19301	37
0	4	4.51105e-006	19314	38
0	4	2.96158e-006	19329	39
0	4	9.74832e-006	19344	40
0	4	4.90174e-006	19359	41
0	4	2.8723e-006	19375	42
0	4	2.94085e-006	19394	43
0	4	3.41777e-006	19410	44
0	4	2.61467e-006	19428	45
0	4	2.4301e-006	19446	46
0	4	2.55967e-006	19465	47
0	4	2.48521e-006	19485	48
0	4	2.2531e-006	19508	49
0	4	2.23059e-006	19529	50
0	4	2.20613e-006	19554	51
0	4	2.98632e-006	19578	52
0	4	2.1313e-006	19601	53
0	4	2.10026e-006	19628	54
0	4	2.07981e-006	19655	55
0	4	2.00957e-006	19680	56
0	4	2.45906e-006	19708	57
0	4	4.85227e-006	19739	58
0	4	3.30569e-006	19769	59
0	4	3.05028e-006	19799	60
0	4	2.08253e-006	19829	61
0	4	2.99779e-006	19861	62
0	4	2.0647e-006	19895	63
0	4	1.9806e-006	19928	64
0	4	1.97508e-006	19962	65
0	4	2.56141e-006	19999	66
0	4	1.89275e-006	20038	67
0	4	1.80155e-006	20074	68
0	4	1.82763e-006	20112	69
0	4	2.11767e-006	20151	70
0	4	2.32642e-006	20191	71
0	4	2.41244e-006	20229	72
0	4	2.39459e-006	20272	73
0	4	2.55503e-006	20315	74
0	4	1.79996e-006	20356	75
0	4	1.95107e-006	20401	76
0	4	1.70973e-006	20448	77
0	4	3.72761e-006	20493	78
0	4	1.70294e-006	20542	79
0	4	1.68481e-006	20593	80
0	4	2.31734e-006	20650	81
0	4	1.76663e-006	20707	82
0	4	1.80661e-006	20762	83
0	4	1.71427e-006	20816	84
0	4	1.89489e-006	20872	85
0	4	1.73389e-006	20927	86
0	4	2.0755e-006	20986	87
0	4	2.08814e-006	21044	88
0	4	1.97035e-006	21112	89
0	4	1.74218e-006	21184	90
0	4	1.64326e-006	21249	91
0	4	1.55093e-006	21330	92
0	4	3.1944e-006	21395	93
0	4	2.85798e-006	21466	94
0	4	2.22759e-006	21533	95
0	4	2.19315e-006	21610	96
0	4	2.14819e-006	21684	97
0	4	1.83261e-006	21760	98
0	4	1.50575e-006	21835	99
0	4	1.73385e-006	21920	100
0	4	1.72453e-006	22002	101
0	4	1.69814e-006	22084	102
0	4	1.50878e-006	22176	103
0	4	1.45978e-006	22264	104
0	4	1.43358e-006	22368	105
0	4	1.40032e-006	22457	106
0	4	1.51355e-006	22550	107
0	4	1.74659e-006	22643	108
0	4	1.40367e-006	22755	109
0	4	1.38304e-006	22856	110
0	4	2.61393e-006	22963	111
0	4	1.35709e-006	23064	112
0	4	2.02422e-006	23168	113
0	4	2.45845e-006	23275	114
0	4	1.31873e-006	23380	115
0	4	1.31024e-006	23490	116
0	4	1.79909e-006	23603	117
0	4	1.78709e-006	23713	118
0	4	1.78399e-006	23832	119
0	4	1.45499e-006	23957	120
0	4	1.29549e-006	24082	121
0	4	1.48558e-006	24203	122
0	4	1.46038e-006	24328	123
0	4	1.47376e-006	24466	124
0	4	1.28116e-006	24594	125
0	4	1.26748e-006	24727	126
0	4	1.21597e-006	24857	127
0	4	1.18603e-006	24995	128
0	4	1.09837e-006	25141	129
0	4	1.52553e-006	25290	130
0	4	1.07276e-006	25438	131
0	4	1.0441e-006	25592	132
0	4	1.04103e-006	25742	133
0	4	1.15023e-006	25893	134
0	4	1.41042e-006	26053	135
0	4	1.16319e-006	26222	136
0	4	1.1409e-006	26391	137
0	4	1.05612e-006	26563	138
0	4	1.03949e-006	26732	139
0	4	1.01848e-006	26897	140
0	4	1.01134e-006	27076	141
0	4	1.52403e-006	27254	142
0	4	1.1589e-006	27436	143
0	4	1.00974e-006	27630	144
0	4	9.51015e-007	27827	145
0	4	9.3373e-007	28011	146
0	4	9.08261e-007	28203	147
0	4	9.56222e-007	28407	148
0	4	9.07852e-007	28606	149
0	4	8.97995e-007	28820	150
0	4	8.73836e-007	29025	151
0	4	1.16622e-006	29244	152
0	4	8.81594e-007	29471	153
0	4	8.90414e-007	29694	154
0	4	8.69309e-007	29926	155
0	4	8.64992e-007	30141	156
0	4	8.57089e-007	30384	157
0	4	7.97401e-007	30632	158
0	4	7.92692e-007	30863	159
0	4	7.91542e-007	31104	160
0	4	1.26304e-006	31342	161
0	4	7.84386e-007	31601	162
0	4	7.59369e-007	31846	163
0	4	8.59067e-007	32109	164
0	4	7.51604e-007	32362	165
0	4	7.51016e-007	32633	166
0	4	1.0109e-006	32885	167
0	4	7.62807e-007	33156	168
0	4	7.79615e-007	33434	169
0	4	7.46448e-007	33712	170
0	4	7.45039e-007	33999	171
0	4	7.41715e-007	34289	172
0	4	7.23578e-007	34568	173
0	4	7.61649e-007	34866	174
0	4	7.40489e-007	35174	175
0	4	7.00594e-007	35476	176
0	4	7.47088e-007	35798	177
0	4	7.34098e-007	36120	178
0	4	6.78827e-007	36435	179
0	4	6.76947e-007	36762	180
0	4	8.06159e-007	37088	181
0	4	7.38456e-007	37429	182
0	4	6.76056e-007	37761	183
0	4	6.65462e-007	38099	184
0	4	6.54037e-007	38450	185
0	4	6.52988e-007	38804	186
0	4	6.75571e-007	39172	187
0	4	6.48378e-007	39534	188
0	4	9.24436e-007	39895	189
0	4	6.43146e-007	40264	190
0	4	6.38897e-007	40633	191
0	4	6.34343e-007	41007	192
0	4	6.29563e-007	41385	193
0	4	6.33256e-007	41767	194
0	4	7.05433e-007	42152	195
0	4	5.94107e-007	42549	196
0	4	5.76348e-007	42946	197
0	4	5.54689e-007	43361	198
0	4	5.49659e-007	43783	199
0	4	5.47619e-007	44210	200
0	4	8.47691e-007	44633	201
0	4	5.34247e-007	45067	202
0	4	5.32622e-007	45504	203
0	4	5.23594e-007	45948	204
0	4	5.22913e-007	46386	205
0	4	5.19586e-007	46849	206
0	4	5.01372e-007	47298	207
0	4	5.01292e-007	47769	208
0	4	4.94488e-007	48246	209
0	4	4.94391e-007	48737	210
0	4	4.87114e-007	49221	211
0	4	5.61321e-007	49706	212
0	4	4.7831e-007	50202	213
0	4	4.78188e-007	50702	214
0	4	4.77679e-007	51211	215
0	4	4.67062e-007	51752	216
0	4	4.42807e-007	52289	217
