step	level	max error	time	nr. of control nodes
0	0	0.351469	5	1
0	0	0.489155	10	2
0	0	0.282204	14	3
0	0	0.402445	19	4
0	0	0.172208	24	5
0	0	0.124242	29	6
0	0	0.158498	33	7
0	0	0.141168	40	8
0	0	0.168358	45	9
0	0	0.0612545	51	10
0	0	0.045997	58	11
0	0	0.0374113	64	12
0	0	0.0353677	71	13
0	0	0.0347272	77	14
0	0	0.0303963	85	15
0	0	0.0255904	93	16
0	0	0.0144992	101	17
0	0	0.0209804	109	18
0	0	0.0102759	118	19
0	0	0.00861283	129	20
0	0	0.00742215	139	21
0	0	0.00644061	147	22
0	0	0.00490147	156	23
0	0	0.00448898	166	24
0	0	0.00353458	177	25
0	0	0.00320367	187	26
0	0	0.00333519	199	27
0	0	0.00305998	210	28
0	0	0.00301567	221	29
0	0	0.00283785	234	30
0	0	0.00311644	245	31
0	0	0.00280042	258	32
0	0	0.0027789	271	33
0	0	0.00259607	285	34
0	0	0.00229216	299	35
0	0	0.00168393	313	36
0	0	0.00159417	328	37
0	0	0.00153177	344	38
0	0	0.00124747	360	39
0	0	0.0011324	376	40
0	0	0.00105468	393	41
0	0	0.00101909	410	42
0	0	0.00101434	427	43
0	0	0.00104707	446	44
0	0	0.000899621	465	45
0	0	0.000856379	484	46
0	0	0.000656116	506	47
0	0	0.000635556	526	48
0	0	0.000542602	547	49
0	0	0.000509351	570	50
0	0	0.000357763	592	51
0	0	0.000330538	620	52
0	0	0.000237099	647	53
0	0	0.000230885	673	54
0	0	0.000220439	702	55
0	0	0.000213166	730	56
0	0	0.00024031	760	57
0	0	0.000208889	788	58
0	0	0.000196045	817	59
0	0	0.000184162	852	60
0	0	0.000177235	883	61
0	0	0.000161896	913	62
0	0	0.000160406	944	63
0	0	0.000157131	976	64
0	1	0.000200532	980	1
0	1	0.000278872	983	2
0	1	0.000237888	986	3
0	1	0.000294709	990	4
0	1	0.000343415	993	5
0	1	0.000235681	996	6
0	1	0.00046791	1000	7
0	1	0.000295635	1004	8
0	1	0.000283876	1008	9
0	1	0.000253011	1012	10
0	1	0.00022225	1016	11
0	1	0.000473223	1021	12
0	1	0.000354928	1025	13
0	1	0.000230131	1031	14
0	1	0.000221387	1036	15
0	1	0.000215685	1042	16
0	1	0.000741064	1048	17
0	1	0.000389454	1054	18
0	1	0.00027951	1060	19
0	1	0.000790999	1067	20
0	1	0.00028633	1074	21
0	1	0.000258793	1081	22
0	1	0.000209515	1089	23
0	1	0.000311852	1097	24
0	1	0.000205528	1104	25
0	1	0.000197574	1113	26
0	1	0.00019832	1122	27
0	1	0.000169597	1132	28
0	1	0.000167871	1142	29
0	1	0.000237298	1152	30
0	1	0.000171357	1162	31
0	1	0.000306712	1174	32
0	1	0.000367121	1188	33
0	1	0.000202215	1204	34
0	1	0.00028149	1216	35
0	1	0.000197285	1228	36
0	1	0.000254615	1242	37
0	1	0.000167814	1257	38
0	1	0.000148291	1272	39
0	1	0.000244842	1289	40
0	1	0.000144665	1304	41
0	1	0.000193543	1319	42
0	1	0.000144082	1334	43
0	1	0.000156228	1352	44
0	1	0.00013554	1370	45
0	1	0.000218822	1390	46
0	1	0.000233885	1408	47
0	1	0.000158862	1426	48
0	1	0.000129659	1449	49
0	1	0.000187802	1468	50
0	1	0.000177797	1489	51
0	1	0.000165472	1511	52
0	1	0.000137996	1532	53
0	1	0.000121375	1557	54
0	1	0.000117845	1580	55
0	1	0.000115821	1607	56
0	1	0.00011195	1633	57
0	1	0.00015715	1661	58
0	1	0.00010855	1689	59
0	1	0.000141039	1717	60
0	1	0.000130593	1748	61
0	1	0.00010674	1777	62
0	1	0.000118353	1811	63
0	1	0.000100263	1843	64
0	2	0.000194204	1847	1
0	2	0.000648939	1851	2
0	2	0.000513102	1855	3
0	2	0.000320394	1859	4
0	2	0.000387006	1862	5
0	2	0.000270295	1866	6
0	2	0.000284892	1870	7
0	2	0.00019842	1875	8
0	2	0.000185686	1881	9
0	2	0.000186011	1886	10
0	2	0.000348125	1892	11
0	2	0.000207297	1897	12
0	2	0.000183046	1903	13
0	2	0.000197815	1909	14
0	2	0.000168119	1915	15
0	2	0.000185913	1920	16
0	2	0.000162964	1926	17
0	2	0.000167784	1932	18
0	2	0.0001861	1939	19
0	2	0.000440162	1946	20
0	2	0.000200942	1953	21
0	2	0.000170752	1960	22
0	2	0.000160221	1968	23
0	2	0.000157166	1976	24
0	2	0.000155515	1985	25
0	2	0.000409757	1994	26
0	2	0.000188736	2002	27
0	2	0.000144817	2012	28
0	2	0.000198416	2022	29
0	2	0.000154289	2031	30
0	2	0.000149873	2041	31
0	2	0.000182334	2051	32
0	2	0.000139796	2062	33
0	2	0.00014035	2073	34
0	2	0.00013829	2085	35
0	2	0.000125426	2099	36
0	2	0.000222316	2113	37
0	2	0.000233561	2126	38
0	2	0.000122855	2141	39
0	2	0.000120035	2157	40
0	2	0.000132132	2172	41
0	2	0.000113872	2190	42
0	2	0.000112664	2205	43
0	2	0.000166107	2223	44
0	2	0.000107474	2241	45
0	2	0.000106431	2258	46
0	2	9.98419e-005	2275	47
0	2	9.82883e-005	2295	48
0	2	9.08489e-005	2318	49
0	2	9.08349e-005	2340	50
0	2	8.94395e-005	2363	51
0	2	9.5581e-005	2387	52
0	2	8.66716e-005	2412	53
0	2	8.65423e-005	2435	54
0	2	0.000279997	2459	55
0	2	0.000247338	2483	56
0	2	8.65213e-005	2509	57
0	2	8.33036e-005	2535	58
0	2	7.72757e-005	2562	59
0	2	8.04228e-005	2588	60
0	2	7.49272e-005	2617	61
0	2	7.42919e-005	2647	62
0	2	8.60623e-005	2678	63
0	2	7.02023e-005	2711	64
0	3	0.00012503	2716	1
0	3	0.000202169	2720	2
0	3	0.000110893	2723	3
0	3	0.00059782	2726	4
0	3	0.000252306	2731	5
0	3	0.000221702	2736	6
0	3	0.000191805	2740	7
0	3	0.000546205	2744	8
0	3	0.000208189	2749	9
0	3	0.00018632	2753	10
0	3	0.000212993	2757	11
0	3	0.000123934	2762	12
0	3	0.000119609	2768	13
0	3	0.000817216	2773	14
0	3	0.000636612	2778	15
0	3	0.000296207	2785	16
0	3	0.000242826	2793	17
0	3	0.000260262	2801	18
0	3	0.000246609	2807	19
0	3	0.000166495	2813	20
0	3	0.000165387	2820	21
0	3	0.0001412	2827	22
0	3	0.000128266	2836	23
0	3	0.000157113	2844	24
0	3	0.000126991	2853	25
0	3	0.000123704	2862	26
0	3	0.000104488	2871	27
0	3	9.59057e-005	2880	28
0	3	0.000106936	2890	29
0	3	7.84558e-005	2899	30
0	3	0.000167334	2909	31
0	3	0.000156143	2919	32
0	3	0.000116267	2930	33
0	3	0.000101352	2941	34
0	3	7.35281e-005	2953	35
0	3	8.13317e-005	2967	36
0	3	9.05332e-005	2980	37
0	3	8.00131e-005	2994	38
0	3	9.84822e-005	3008	39
0	3	9.1223e-005	3022	40
0	3	0.000148117	3038	41
0	3	0.000113911	3054	42
0	3	0.000105515	3070	43
0	3	6.3681e-005	3088	44
0	3	6.22029e-005	3104	45
0	3	0.000196964	3123	46
0	3	7.86793e-005	3141	47
0	3	6.23202e-005	3160	48
0	3	6.17717e-005	3178	49
0	3	5.58366e-005	3198	50
0	3	5.55977e-005	3220	51
0	3	5.55606e-005	3240	52
0	3	0.000120142	3263	53
0	3	6.83827e-005	3287	54
0	3	5.3951e-005	3315	55
0	3	9.56485e-005	3344	56
0	3	5.08405e-005	3371	57
0	3	5.20026e-005	3397	58
0	3	7.07648e-005	3429	59
0	3	5.38352e-005	3460	60
0	3	4.64775e-005	3492	61
0	3	4.581e-005	3524	62
0	3	4.58782e-005	3555	63
0	3	4.53729e-005	3588	64
0	4	6.47564e-005	3593	1
0	4	8.7892e-005	3595	2
0	4	7.33743e-005	3599	3
0	4	8.1812e-005	3602	4
0	4	8.15772e-005	3606	5
0	4	0.000118734	3610	6
0	4	0.000116294	3613	7
0	4	0.000100216	3617	8
0	4	7.15217e-005	3622	9
0	4	7.40033e-005	3627	10
0	4	0.000109362	3632	11
0	4	9.13639e-005	3637	12
0	4	9.07529e-005	3642	13
0	4	7.57406e-005	3648	14
0	4	7.22385e-005	3655	15
0	4	6.78335e-005	3663	16
0	4	0.000243461	3670	17
0	4	0.000122354	3676	18
0	4	0.000206554	3682	19
0	4	0.000124971	3689	20
0	4	0.000119586	3696	21
0	4	0.000115241	3704	22
0	4	0.000139432	3711	23
0	4	8.31775e-005	3720	24
0	4	8.16897e-005	3728	25
0	4	7.29055e-005	3738	26
0	4	6.3534e-005	3747	27
0	4	6.32368e-005	3758	28
0	4	0.000214554	3767	29
0	4	9.31629e-005	3777	30
0	4	7.82881e-005	3788	31
0	4	0.000235168	3799	32
0	4	9.17469e-005	3810	33
0	4	7.16677e-005	3822	34
0	4	6.51257e-005	3835	35
0	4	6.32579e-005	3847	36
0	4	6.49736e-005	3860	37
0	4	6.82306e-005	3872	38
0	4	6.2148e-005	3888	39
0	4	6.08832e-005	3903	40
0	4	5.54289e-005	3918	41
0	4	6.69994e-005	3933	42
0	4	6.14445e-005	3949	43
0	4	5.51276e-005	3966	44
0	4	6.00105e-005	3983	45
0	4	5.65917e-005	4000	46
0	4	5.65143e-005	4019	47
0	4	7.30557e-005	4039	48
0	4	5.10741e-005	4059	49
0	4	4.71823e-005	4080	50
0	4	4.934e-005	4103	51
0	4	4.62351e-005	4124	52
0	4	5.68657e-005	4147	53
0	4	5.57512e-005	4170	54
0	4	6.28331e-005	4195	55
0	4	4.51524e-005	4220	56
0	4	4.89843e-005	4245	57
0	4	4.63406e-005	4272	58
0	4	8.44203e-005	4300	59
0	4	7.26955e-005	4330	60
0	4	6.18619e-005	4359	61
0	4	4.67758e-005	4389	62
0	4	4.4979e-005	4421	63
0	4	0.000166806	4453	64
0	5	0.000186818	4457	1
0	5	0.000680735	4460	2
0	5	0.000331499	4463	3
0	5	0.000272478	4466	4
0	5	0.000165802	4469	5
0	5	0.000135743	4473	6
0	5	0.000119857	4476	7
0	5	0.0001087	4480	8
0	5	7.85784e-005	4484	9
0	5	9.03463e-005	4489	10
0	5	0.000106446	4493	11
0	5	7.07515e-005	4498	12
0	5	0.000245519	4503	13
0	5	9.66666e-005	4510	14
0	5	9.9505e-005	4516	15
0	5	9.05114e-005	4522	16
0	5	9.17693e-005	4529	17
0	5	0.000382725	4536	18
0	5	9.66789e-005	4544	19
0	5	8.89982e-005	4553	20
0	5	7.87354e-005	4560	21
0	5	7.20537e-005	4568	22
0	5	0.000109077	4575	23
0	5	5.74626e-005	4584	24
0	5	0.000149344	4593	25
0	5	0.000106505	4604	26
0	5	8.90741e-005	4615	27
0	5	7.99374e-005	4624	28
0	5	5.74081e-005	4637	29
0	5	6.25268e-005	4650	30
0	5	5.72009e-005	4660	31
0	5	5.39253e-005	4672	32
0	5	0.000236052	4685	33
0	5	9.00495e-005	4698	34
0	5	5.51844e-005	4711	35
0	5	5.1993e-005	4727	36
0	5	4.46336e-005	4742	37
0	5	4.4141e-005	4758	38
0	5	9.75625e-005	4772	39
0	5	6.40453e-005	4787	40
0	5	0.000235271	4806	41
0	5	8.77691e-005	4822	42
0	5	6.75442e-005	4838	43
0	5	4.27175e-005	4854	44
0	5	4.10727e-005	4872	45
0	5	5.87285e-005	4890	46
0	5	4.00905e-005	4907	47
0	5	7.34399e-005	4926	48
0	5	3.87017e-005	4947	49
0	5	3.68895e-005	4970	50
0	5	3.61858e-005	4995	51
0	5	8.18896e-005	5019	52
0	5	7.78608e-005	5041	53
0	5	4.66485e-005	5065	54
0	5	3.56217e-005	5090	55
0	5	3.94809e-005	5117	56
0	5	3.57207e-005	5142	57
0	5	3.53585e-005	5172	58
0	5	3.49894e-005	5199	59
0	5	3.46181e-005	5227	60
0	5	3.50822e-005	5256	61
0	5	3.61273e-005	5291	62
0	5	3.39579e-005	5324	63
0	5	4.78006e-005	5361	64
0	6	6.47805e-005	5365	1
0	6	8.96073e-005	5368	2
0	6	5.3961e-005	5370	3
0	6	0.000208863	5374	4
0	6	9.90924e-005	5377	5
0	6	5.8968e-005	5381	6
0	6	0.000145467	5385	7
0	6	8.90067e-005	5390	8
0	6	6.25995e-005	5394	9
0	6	6.23007e-005	5399	10
0	6	6.0527e-005	5403	11
0	6	5.98561e-005	5408	12
0	6	7.46444e-005	5413	13
0	6	5.5306e-005	5418	14
0	6	4.81258e-005	5424	15
0	6	5.91924e-005	5431	16
0	6	5.05726e-005	5435	17
0	6	6.51442e-005	5441	18
0	6	5.80811e-005	5448	19
0	6	4.98263e-005	5455	20
0	6	4.94801e-005	5462	21
0	6	5.46419e-005	5469	22
0	6	4.98759e-005	5476	23
0	6	4.88118e-005	5484	24
0	6	4.86191e-005	5492	25
0	6	4.50358e-005	5502	26
0	6	5.48881e-005	5510	27
0	6	4.53301e-005	5521	28
0	6	8.87452e-005	5531	29
0	6	6.99875e-005	5542	30
0	6	6.10648e-005	5553	31
0	6	5.02641e-005	5565	32
0	6	8.95507e-005	5577	33
0	6	7.39665e-005	5589	34
0	6	5.25486e-005	5602	35
0	6	4.69818e-005	5616	36
0	6	5.72186e-005	5629	37
0	6	4.39965e-005	5644	38
0	6	3.6757e-005	5660	39
0	6	4.29306e-005	5676	40
0	6	3.91972e-005	5691	41
0	6	3.46587e-005	5712	42
0	6	3.20814e-005	5746	43
0	6	3.44911e-005	5784	44
0	6	3.09787e-005	5825	45
0	6	3.07324e-005	5857	46
0	6	3.706e-005	5888	47
0	6	3.13293e-005	5912	48
0	6	3.05199e-005	5933	49
0	6	4.17105e-005	5954	50
0	6	3.80066e-005	5976	51
0	6	3.03859e-005	5998	52
0	6	9.37374e-005	6022	53
0	6	4.0291e-005	6047	54
0	6	3.017e-005	6075	55
0	6	2.93667e-005	6106	56
0	6	2.96391e-005	6137	57
0	6	2.91436e-005	6166	58
0	6	3.79725e-005	6199	59
0	6	2.79804e-005	6234	60
0	6	2.98098e-005	6270	61
0	6	2.73226e-005	6307	62
0	6	2.72959e-005	6341	63
0	6	2.69695e-005	6380	64
0	7	4.49952e-005	6384	1
0	7	9.52446e-005	6389	2
0	7	6.35051e-005	6394	3
0	7	9.03279e-005	6397	4
0	7	4.49843e-005	6401	5
0	7	4.63803e-005	6405	6
0	7	4.50027e-005	6410	7
0	7	0.00078847	6414	8
0	7	0.000317574	6418	9
0	7	0.000119036	6423	10
0	7	0.000105068	6428	11
0	7	0.000138812	6433	12
0	7	6.93405e-005	6439	13
0	7	5.42144e-005	6444	14
0	7	5.85627e-005	6449	15
0	7	5.13302e-005	6456	16
0	7	4.83367e-005	6462	17
0	7	9.13678e-005	6469	18
0	7	5.19911e-005	6476	19
0	7	4.25002e-005	6482	20
0	7	7.50021e-005	6491	21
0	7	4.22431e-005	6500	22
0	7	4.19764e-005	6507	23
0	7	3.65884e-005	6515	24
0	7	5.28556e-005	6524	25
0	7	3.64949e-005	6534	26
0	7	3.60761e-005	6543	27
0	7	0.000142237	6555	28
0	7	7.37441e-005	6565	29
0	7	5.2424e-005	6576	30
0	7	3.59236e-005	6587	31
0	7	0.000109423	6598	32
0	7	6.12682e-005	6609	33
0	7	3.92048e-005	6622	34
0	7	6.11144e-005	6636	35
0	7	4.21707e-005	6648	36
0	7	4.40198e-005	6665	37
0	7	3.34512e-005	6684	38
0	7	6.26268e-005	6698	39
0	7	4.87556e-005	6713	40
0	7	4.31001e-005	6729	41
0	7	3.37326e-005	6745	42
0	7	4.44735e-005	6767	43
0	7	3.20436e-005	6785	44
0	7	3.97867e-005	6803	45
0	7	3.08551e-005	6823	46
0	7	2.88401e-005	6842	47
0	7	4.07634e-005	6862	48
0	7	2.76228e-005	6883	49
0	7	4.22261e-005	6907	50
0	7	3.24597e-005	6930	51
0	7	2.68956e-005	6955	52
0	7	8.69723e-005	6978	53
0	7	4.34325e-005	7004	54
0	7	2.69011e-005	7029	55
0	7	0.000250774	7055	56
0	7	0.000119835	7082	57
0	7	4.72672e-005	7113	58
0	7	2.67895e-005	7143	59
0	7	2.58483e-005	7174	60
0	7	2.90431e-005	7207	61
0	7	3.01618e-005	7243	62
0	7	2.58442e-005	7281	63
0	7	5.64685e-005	7317	64
0	8	6.68692e-005	7321	1
0	8	0.000134666	7325	2
0	8	7.22661e-005	7328	3
0	8	0.000663901	7332	4
0	8	0.000212558	7337	5
0	8	0.000170238	7341	6
0	8	0.000172672	7345	7
0	8	0.000108518	7349	8
0	8	9.95071e-005	7354	9
0	8	9.26307e-005	7359	10
0	8	9.13141e-005	7365	11
0	8	5.69067e-005	7370	12
0	8	6.13944e-005	7375	13
0	8	6.612e-005	7380	14
0	8	8.78553e-005	7386	15
0	8	3.68434e-005	7392	16
0	8	3.71369e-005	7399	17
0	8	5.03165e-005	7406	18
0	8	5.85479e-005	7412	19
0	8	4.03663e-005	7420	20
0	8	0.000104436	7428	21
0	8	4.74759e-005	7435	22
0	8	4.51798e-005	7443	23
0	8	7.03021e-005	7452	24
0	8	8.0891e-005	7460	25
0	8	4.85016e-005	7469	26
0	8	3.96286e-005	7481	27
0	8	3.89339e-005	7491	28
0	8	3.77261e-005	7502	29
0	8	4.85491e-005	7512	30
0	8	3.70715e-005	7523	31
0	8	3.86382e-005	7539	32
0	8	3.7e-005	7554	33
0	8	4.06926e-005	7566	34
0	8	3.52263e-005	7577	35
0	8	3.3676e-005	7592	36
0	8	5.35344e-005	7609	37
0	8	3.06298e-005	7623	38
0	8	3.36542e-005	7640	39
0	8	3.02693e-005	7657	40
0	8	3.83725e-005	7672	41
0	8	3.00608e-005	7688	42
0	8	3.70875e-005	7705	43
0	8	3.03029e-005	7724	44
0	8	4.2089e-005	7744	45
0	8	2.96182e-005	7762	46
0	8	2.88807e-005	7785	47
0	8	3.12247e-005	7805	48
0	8	3.03283e-005	7826	49
0	8	4.19186e-005	7851	50
0	8	2.85389e-005	7873	51
0	8	2.82859e-005	7895	52
0	8	2.70758e-005	7920	53
0	8	2.65094e-005	7946	54
0	8	2.39658e-005	7971	55
0	8	3.68373e-005	7997	56
0	8	5.08482e-005	8025	57
0	8	2.90711e-005	8053	58
0	8	2.37259e-005	8087	59
0	8	2.61145e-005	8117	60
0	8	2.27387e-005	8149	61
0	8	2.26032e-005	8201	62
0	8	2.12494e-005	8240	63
0	8	2.50259e-005	8276	64
0	9	3.87873e-005	8281	1
0	9	4.90011e-005	8285	2
0	9	4.06915e-005	8289	3
0	9	4.36866e-005	8293	4
0	9	4.66268e-005	8297	5
0	9	4.05508e-005	8301	6
0	9	0.000118805	8305	7
0	9	7.10532e-005	8309	8
0	9	5.07311e-005	8315	9
0	9	3.86736e-005	8321	10
0	9	3.61271e-005	8327	11
0	9	3.44651e-005	8333	12
0	9	5.24792e-005	8339	13
0	9	4.0019e-005	8344	14
0	9	3.35908e-005	8351	15
0	9	9.00646e-005	8358	16
0	9	4.05735e-005	8363	17
0	9	3.84062e-005	8369	18
0	9	3.03733e-005	8377	19
0	9	8.12144e-005	8383	20
0	9	0.000120504	8391	21
0	9	3.41824e-005	8398	22
0	9	3.28122e-005	8406	23
0	9	3.05044e-005	8414	24
0	9	3.88747e-005	8424	25
0	9	2.80856e-005	8431	26
0	9	4.00568e-005	8441	27
0	9	4.42916e-005	8450	28
0	9	3.27707e-005	8460	29
0	9	2.80044e-005	8472	30
0	9	2.71615e-005	8483	31
0	9	2.68584e-005	8494	32
0	9	2.66379e-005	8505	33
0	9	2.6062e-005	8518	34
0	9	2.55553e-005	8530	35
0	9	3.80842e-005	8548	36
0	9	2.43149e-005	8564	37
0	9	2.39802e-005	8578	38
0	9	2.79965e-005	8592	39
0	9	2.29327e-005	8605	40
0	9	9.46866e-005	8622	41
0	9	3.86926e-005	8639	42
0	9	3.22225e-005	8655	43
0	9	2.83572e-005	8674	44
0	9	3.60442e-005	8692	45
0	9	2.4877e-005	8710	46
0	9	2.26046e-005	8731	47
0	9	2.65598e-005	8750	48
0	9	2.39895e-005	8770	49
0	9	2.20425e-005	8791	50
0	9	2.28461e-005	8813	51
0	9	2.1116e-005	8836	52
0	9	2.10348e-005	8859	53
0	9	6.21862e-005	8884	54
0	9	2.92899e-005	8911	55
0	9	3.33987e-005	8936	56
0	9	1.98936e-005	8963	57
0	9	1.96105e-005	8990	58
0	9	6.33369e-005	9019	59
0	9	3.99226e-005	9049	60
0	9	5.49898e-005	9080	61
0	9	2.74972e-005	9109	62
0	9	4.54828e-005	9140	63
0	9	4.01322e-005	9172	64
0	10	6.63798e-005	9176	1
0	10	0.000358638	9179	2
0	10	0.000363208	9182	3
0	10	0.000151953	9185	4
0	10	0.000172882	9189	5
0	10	0.00012737	9193	6
0	10	0.000169198	9196	7
0	10	0.000101439	9200	8
0	10	8.46439e-005	9204	9
0	10	7.51479e-005	9208	10
0	10	4.86121e-005	9213	11
0	10	8.4075e-005	9218	12
0	10	6.37491e-005	9223	13
0	10	6.41557e-005	9228	14
0	10	5.33726e-005	9234	15
0	10	4.29847e-005	9241	16
0	10	3.93954e-005	9247	17
0	10	3.71996e-005	9256	18
0	10	4.70644e-005	9263	19
0	10	3.50779e-005	9270	20
0	10	3.53562e-005	9277	21
0	10	3.35908e-005	9289	22
0	10	5.6385e-005	9299	23
0	10	3.91106e-005	9308	24
0	10	8.55615e-005	9318	25
0	10	4.12783e-005	9326	26
0	10	2.5129e-005	9337	27
0	10	2.73663e-005	9348	28
0	10	2.76535e-005	9360	29
0	10	2.37775e-005	9370	30
0	10	2.36962e-005	9381	31
0	10	2.42627e-005	9393	32
0	10	2.34905e-005	9405	33
0	10	0.000121064	9419	34
0	10	3.23263e-005	9431	35
0	10	6.95943e-005	9445	36
0	10	2.68641e-005	9460	37
0	10	2.30952e-005	9474	38
0	10	2.23378e-005	9490	39
0	10	2.07737e-005	9508	40
0	10	3.51429e-005	9525	41
0	10	3.595e-005	9541	42
0	10	2.06229e-005	9557	43
0	10	6.55431e-005	9579	44
0	10	4.38933e-005	9598	45
0	10	2.73241e-005	9617	46
0	10	2.13202e-005	9638	47
0	10	3.23697e-005	9658	48
0	10	2.04109e-005	9680	49
0	10	3.5367e-005	9700	50
0	10	2.62319e-005	9721	51
0	10	1.97099e-005	9745	52
0	10	2.58377e-005	9768	53
0	10	2.13927e-005	9792	54
0	10	2.10609e-005	9817	55
0	10	1.9408e-005	9842	56
0	10	1.90565e-005	9870	57
0	10	2.14073e-005	9897	58
0	10	2.92223e-005	9924	59
0	10	1.66629e-005	9954	60
0	10	1.72066e-005	9985	61
0	10	1.55243e-005	10016	62
0	10	6.4871e-005	10046	63
0	10	2.09742e-005	10079	64
0	11	3.88087e-005	10084	1
0	11	0.0002714	10087	2
0	11	0.000125773	10090	3
0	11	9.1657e-005	10093	4
0	11	6.77937e-005	10096	5
0	11	6.75411e-005	10100	6
0	11	4.31933e-005	10103	7
0	11	4.52234e-005	10108	8
0	11	9.03614e-005	10111	9
0	11	7.4285e-005	10115	10
0	11	5.7908e-005	10120	11
0	11	3.90719e-005	10125	12
0	11	3.19564e-005	10129	13
0	11	3.07554e-005	10135	14
0	11	2.38583e-005	10140	15
0	11	7.51374e-005	10146	16
0	11	4.34306e-005	10152	17
0	11	2.86578e-005	10158	18
0	11	2.72962e-005	10166	19
0	11	2.70283e-005	10172	20
0	11	2.58111e-005	10179	21
0	11	6.031e-005	10188	22
0	11	2.57703e-005	10196	23
0	11	2.75013e-005	10205	24
0	11	2.83398e-005	10212	25
0	11	2.54626e-005	10221	26
0	11	2.53188e-005	10231	27
0	11	2.31843e-005	10242	28
0	11	2.29038e-005	10253	29
0	11	2.77706e-005	10263	30
0	11	4.56481e-005	10274	31
0	11	2.95496e-005	10286	32
0	11	3.04114e-005	10298	33
0	11	2.47333e-005	10313	34
0	11	3.34396e-005	10325	35
0	11	2.3035e-005	10338	36
0	11	2.2811e-005	10353	37
0	11	2.10165e-005	10367	38
0	11	2.09042e-005	10381	39
0	11	2.08275e-005	10395	40
0	11	2.92368e-005	10411	41
0	11	2.55256e-005	10427	42
0	11	2.48997e-005	10444	43
0	11	2.79343e-005	10461	44
0	11	2.09273e-005	10478	45
0	11	2.09211e-005	10497	46
0	11	1.99705e-005	10516	47
0	11	1.90372e-005	10535	48
0	11	2.2452e-005	10557	49
0	11	1.86173e-005	10577	50
0	11	2.3882e-005	10600	51
0	11	2.06178e-005	10622	52
0	11	2.50932e-005	10644	53
0	11	1.76637e-005	10667	54
0	11	1.6939e-005	10690	55
0	11	2.18321e-005	10716	56
0	11	1.68301e-005	10741	57
0	11	3.03084e-005	10767	58
0	11	1.66103e-005	10795	59
0	11	1.63316e-005	10824	60
0	11	1.60364e-005	10854	61
0	11	1.46083e-005	10886	62
0	11	1.44457e-005	10917	63
0	11	1.41804e-005	10949	64
0	12	2.16829e-005	10954	1
0	12	2.5812e-005	10957	2
0	12	0.000256021	10960	3
0	12	0.000159878	10964	4
0	12	6.1088e-005	10967	5
0	12	5.68661e-005	10970	6
0	12	6.80516e-005	10974	7
0	12	5.10154e-005	10978	8
0	12	4.96414e-005	10982	9
0	12	3.59441e-005	10986	10
0	12	8.01059e-005	10990	11
0	12	4.37174e-005	10995	12
0	12	3.86603e-005	11001	13
0	12	3.70739e-005	11006	14
0	12	3.35107e-005	11011	15
0	12	2.70982e-005	11017	16
0	12	3.30022e-005	11023	17
0	12	2.65836e-005	11030	18
0	12	3.43587e-005	11037	19
0	12	2.50813e-005	11047	20
0	12	2.58975e-005	11056	21
0	12	1.88578e-005	11066	22
0	12	2.33142e-005	11074	23
0	12	2.13771e-005	11085	24
0	12	1.99803e-005	11094	25
0	12	1.82853e-005	11106	26
0	12	2.03679e-005	11116	27
0	12	1.98874e-005	11125	28
0	12	2.92291e-005	11136	29
0	12	1.74068e-005	11148	30
0	12	1.72742e-005	11162	31
0	12	2.56857e-005	11175	32
0	12	3.07945e-005	11190	33
0	12	1.81274e-005	11204	34
0	12	1.98882e-005	11219	35
0	12	1.84648e-005	11234	36
0	12	1.7393e-005	11248	37
0	12	1.70232e-005	11262	38
0	12	1.70965e-005	11276	39
0	12	1.85387e-005	11292	40
0	12	1.70965e-005	11308	41
0	12	1.64748e-005	11325	42
0	12	2.57984e-005	11341	43
0	12	1.57066e-005	11359	44
0	12	1.85923e-005	11378	45
0	12	1.46891e-005	11401	46
0	12	1.7212e-005	11419	47
0	12	1.46272e-005	11438	48
0	12	1.42802e-005	11460	49
0	12	1.51785e-005	11482	50
0	12	1.40478e-005	11503	51
0	12	1.368e-005	11527	52
0	12	1.36376e-005	11547	53
0	12	2.07935e-005	11570	54
0	12	1.55948e-005	11593	55
0	12	1.88175e-005	11619	56
0	12	1.7388e-005	11645	57
0	12	1.47821e-005	11675	58
0	12	1.30592e-005	11701	59
0	12	1.29303e-005	11729	60
0	12	3.38992e-005	11758	61
0	12	1.27052e-005	11789	62
0	12	1.49623e-005	11821	63
0	12	1.37823e-005	11853	64
0	13	2.4247e-005	11857	1
0	13	0.000115267	11860	2
0	13	0.000113835	11863	3
0	13	4.04013e-005	11866	4
0	13	4.40368e-005	11870	5
0	13	0.000113485	11873	6
0	13	3.28106e-005	11876	7
0	13	3.76355e-005	11880	8
0	13	3.07417e-005	11884	9
0	13	3.60717e-005	11888	10
0	13	2.77605e-005	11892	11
0	13	2.21958e-005	11897	12
0	13	2.24726e-005	11903	13
0	13	2.60672e-005	11909	14
0	13	2.28053e-005	11915	15
0	13	2.3733e-005	11921	16
0	13	2.02355e-005	11927	17
0	13	1.85476e-005	11932	18
0	13	7.72918e-005	11939	19
0	13	2.75076e-005	11945	20
0	13	2.0267e-005	11952	21
0	13	2.32257e-005	11960	22
0	13	1.81127e-005	11967	23
0	13	2.17752e-005	11975	24
0	13	2.57712e-005	11984	25
0	13	1.94304e-005	11992	26
0	13	1.80096e-005	12002	27
0	13	3.00206e-005	12012	28
0	13	2.47449e-005	12022	29
0	13	2.72629e-005	12032	30
0	13	1.86903e-005	12044	31
0	13	1.77507e-005	12055	32
0	13	1.74663e-005	12066	33
0	13	1.77372e-005	12078	34
0	13	1.70702e-005	12091	35
0	13	2.17394e-005	12103	36
0	13	1.66238e-005	12115	37
0	13	1.92292e-005	12130	38
0	13	1.83403e-005	12144	39
0	13	1.58584e-005	12161	40
0	13	1.59164e-005	12176	41
0	13	1.47179e-005	12192	42
0	13	1.44907e-005	12211	43
0	13	1.44818e-005	12229	44
0	13	1.84865e-005	12245	45
0	13	1.34918e-005	12263	46
0	13	1.8528e-005	12283	47
0	13	1.32296e-005	12304	48
0	13	2.65211e-005	12326	49
0	13	1.72863e-005	12349	50
0	13	1.36477e-005	12373	51
0	13	1.47022e-005	12395	52
0	13	1.26831e-005	12420	53
0	13	2.74851e-005	12443	54
0	13	2.4199e-005	12466	55
0	13	1.91913e-005	12489	56
0	13	1.42732e-005	12516	57
0	13	1.95259e-005	12542	58
0	13	1.40934e-005	12569	59
0	13	1.45024e-005	12596	60
0	13	1.20337e-005	12625	61
0	13	1.22919e-005	12655	62
0	13	1.17946e-005	12688	63
0	13	1.11943e-005	12720	64
0	14	1.94701e-005	12723	1
0	14	2.42716e-005	12727	2
0	14	2.08233e-005	12731	3
0	14	6.87605e-005	12735	4
0	14	3.51176e-005	12739	5
0	14	3.22155e-005	12743	6
0	14	2.80179e-005	12747	7
0	14	5.39606e-005	12751	8
0	14	3.0338e-005	12755	9
0	14	2.85234e-005	12759	10
0	14	3.76923e-005	12764	11
0	14	1.99938e-005	12769	12
0	14	4.01583e-005	12773	13
0	14	3.71112e-005	12778	14
0	14	2.59472e-005	12783	15
0	14	2.03685e-005	12788	16
0	14	2.78804e-005	12794	17
0	14	3.23073e-005	12801	18
0	14	2.05494e-005	12807	19
0	14	1.64804e-005	12816	20
0	14	6.43387e-005	12824	21
0	14	2.40247e-005	12831	22
0	14	1.58413e-005	12840	23
0	14	3.1277e-005	12849	24
0	14	1.6306e-005	12857	25
0	14	1.6251e-005	12867	26
0	14	1.74839e-005	12876	27
0	14	1.61422e-005	12886	28
0	14	1.53423e-005	12895	29
0	14	2.30817e-005	12904	30
0	14	2.45804e-005	12914	31
0	14	2.37464e-005	12925	32
0	14	1.71704e-005	12936	33
0	14	3.45292e-005	12947	34
0	14	1.73201e-005	12961	35
0	14	1.58441e-005	12973	36
0	14	1.56245e-005	12985	37
0	14	1.8513e-005	12999	38
0	14	1.5155e-005	13011	39
0	14	1.99859e-005	13025	40
0	14	1.6395e-005	13040	41
0	14	1.90066e-005	13056	42
0	14	1.45332e-005	13073	43
0	14	1.39473e-005	13090	44
0	14	1.92442e-005	13107	45
0	14	3.10994e-005	13126	46
0	14	2.01657e-005	13145	47
0	14	2.57722e-005	13167	48
0	14	1.99456e-005	13187	49
0	14	1.9103e-005	13208	50
0	14	1.58163e-005	13230	51
0	14	1.19804e-005	13253	52
0	14	1.89772e-005	13277	53
0	14	1.18966e-005	13304	54
0	14	1.15392e-005	13334	55
0	14	1.14408e-005	13364	56
0	14	1.17106e-005	13392	57
0	14	1.48646e-005	13427	58
0	14	1.01933e-005	13455	59
0	14	1.01867e-005	13482	60
0	14	9.70825e-006	13513	61
0	14	1.00295e-005	13543	62
0	14	9.64165e-006	13575	63
0	14	1.26494e-005	13608	64
0	15	2.24873e-005	13612	1
0	15	5.20076e-005	13615	2
0	15	3.30508e-005	13618	3
0	15	2.87767e-005	13622	4
0	15	8.71199e-005	13625	5
0	15	4.16179e-005	13628	6
0	15	3.31425e-005	13632	7
0	15	2.57445e-005	13635	8
0	15	2.41177e-005	13639	9
0	15	1.99316e-005	13644	10
0	15	1.62871e-005	13648	11
0	15	2.93134e-005	13652	12
0	15	1.64661e-005	13656	13
0	15	0.00012435	13661	14
0	15	5.5342e-005	13667	15
0	15	2.82488e-005	13672	16
0	15	2.63122e-005	13678	17
0	15	2.47049e-005	13684	18
0	15	2.25703e-005	13692	19
0	15	2.2503e-005	13700	20
0	15	8.48998e-005	13706	21
0	15	2.2043e-005	13712	22
0	15	1.97478e-005	13720	23
0	15	1.60931e-005	13728	24
0	15	1.67618e-005	13737	25
0	15	1.69944e-005	13746	26
0	15	4.70903e-005	13755	27
0	15	1.77939e-005	13765	28
0	15	1.5626e-005	13775	29
0	15	1.70002e-005	13786	30
0	15	1.66739e-005	13798	31
0	15	2.0391e-005	13808	32
0	15	1.58215e-005	13821	33
0	15	1.39183e-005	13833	34
0	15	3.26297e-005	13845	35
0	15	2.46845e-005	13858	36
0	15	1.70874e-005	13872	37
0	15	1.50199e-005	13886	38
0	15	1.34877e-005	13900	39
0	15	1.82203e-005	13915	40
0	15	1.32292e-005	13930	41
0	15	1.28361e-005	13946	42
0	15	1.25724e-005	13962	43
0	15	3.32968e-005	13979	44
0	15	1.23867e-005	13998	45
0	15	1.85113e-005	14015	46
0	15	2.09475e-005	14033	47
0	15	1.4044e-005	14053	48
0	15	1.28386e-005	14073	49
0	15	1.25339e-005	14094	50
0	15	1.32636e-005	14117	51
0	15	1.40714e-005	14142	52
0	15	1.21071e-005	14166	53
0	15	1.22779e-005	14190	54
0	15	1.17071e-005	14218	55
0	15	1.39263e-005	14244	56
0	15	2.20331e-005	14271	57
0	15	1.16705e-005	14299	58
0	15	1.1645e-005	14324	59
0	15	1.62458e-005	14354	60
0	15	1.14739e-005	14383	61
0	15	1.24995e-005	14415	62
0	15	1.96135e-005	14449	63
0	15	1.87567e-005	14480	64
0	16	2.8841e-005	14484	1
0	16	0.000220634	14487	2
0	16	0.00022366	14490	3
0	16	9.00673e-005	14493	4
0	16	8.0491e-005	14496	5
0	16	4.03463e-005	14500	6
0	16	3.22913e-005	14504	7
0	16	4.18566e-005	14507	8
0	16	2.72546e-005	14511	9
0	16	2.53371e-005	14516	10
0	16	2.58235e-005	14520	11
0	16	2.28813e-005	14524	12
0	16	6.13367e-005	14529	13
0	16	3.05989e-005	14535	14
0	16	2.74797e-005	14540	15
0	16	2.57277e-005	14546	16
0	16	4.01327e-005	14552	17
0	16	1.96002e-005	14558	18
0	16	2.6789e-005	14565	19
0	16	1.9227e-005	14572	20
0	16	1.63826e-005	14580	21
0	16	3.77457e-005	14588	22
0	16	1.53645e-005	14595	23
0	16	6.77804e-005	14603	24
0	16	3.00733e-005	14611	25
0	16	2.21619e-005	14619	26
0	16	1.84021e-005	14628	27
0	16	1.66098e-005	14637	28
0	16	1.55959e-005	14646	29
0	16	1.50089e-005	14655	30
0	16	2.23775e-005	14665	31
0	16	1.90675e-005	14677	32
0	16	2.01694e-005	14688	33
0	16	1.5003e-005	14700	34
0	16	2.6216e-005	14711	35
0	16	1.45378e-005	14725	36
0	16	3.73261e-005	14737	37
0	16	5.28167e-005	14751	38
0	16	1.78569e-005	14763	39
0	16	1.68387e-005	14777	40
0	16	2.10035e-005	14791	41
0	16	1.44514e-005	14807	42
0	16	1.37421e-005	14822	43
0	16	1.52407e-005	14838	44
0	16	1.67689e-005	14855	45
0	16	1.36618e-005	14874	46
0	16	1.97012e-005	14893	47
0	16	1.53518e-005	14913	48
0	16	1.31595e-005	14937	49
0	16	1.31595e-005	14961	50
0	16	1.22653e-005	14983	51
0	16	1.19891e-005	15006	52
0	16	1.41132e-005	15028	53
0	16	1.13919e-005	15052	54
0	16	1.11912e-005	15077	55
0	16	1.09644e-005	15103	56
0	16	1.09357e-005	15127	57
0	16	1.09231e-005	15157	58
0	16	1.02295e-005	15185	59
0	16	1.03005e-005	15213	60
0	16	1.02229e-005	15242	61
0	16	1.12494e-005	15273	62
0	16	9.9293e-006	15304	63
0	16	1.0849e-005	15335	64
0	17	1.61347e-005	15352	1
0	17	1.89396e-005	15355	2
0	17	4.40222e-005	15357	3
0	17	3.03862e-005	15360	4
0	17	2.39704e-005	15363	5
0	17	2.63342e-005	15367	6
0	17	2.34531e-005	15371	7
0	17	3.25058e-005	15374	8
0	17	1.82704e-005	15378	9
0	17	2.65603e-005	15382	10
0	17	2.46589e-005	15386	11
0	17	2.33318e-005	15390	12
0	17	1.74813e-005	15395	13
0	17	2.72648e-005	15400	14
0	17	2.15475e-005	15405	15
0	17	1.89346e-005	15411	16
0	17	3.08724e-005	15416	17
0	17	1.80127e-005	15422	18
0	17	1.70656e-005	15429	19
0	17	1.88917e-005	15435	20
0	17	1.52011e-005	15442	21
0	17	4.63376e-005	15450	22
0	17	2.25421e-005	15457	23
0	17	1.86769e-005	15468	24
0	17	1.53209e-005	15479	25
0	17	2.84568e-005	15488	26
0	17	2.08346e-005	15497	27
0	17	1.49895e-005	15506	28
0	17	1.43662e-005	15516	29
0	17	1.40926e-005	15526	30
0	17	1.8087e-005	15538	31
0	17	1.20228e-005	15550	32
0	17	1.22778e-005	15562	33
0	17	2.11956e-005	15573	34
0	17	1.60828e-005	15588	35
0	17	1.24633e-005	15604	36
0	17	1.13947e-005	15619	37
0	17	1.1035e-005	15633	38
0	17	2.8589e-005	15647	39
0	17	2.59921e-005	15661	40
0	17	2.86313e-005	15677	41
0	17	1.60228e-005	15692	42
0	17	1.78812e-005	15708	43
0	17	1.47929e-005	15726	44
0	17	1.37473e-005	15745	45
0	17	1.35247e-005	15767	46
0	17	1.34724e-005	15786	47
0	17	1.16848e-005	15806	48
0	17	1.74087e-005	15825	49
0	17	1.87461e-005	15845	50
0	17	1.55675e-005	15866	51
0	17	1.10078e-005	15887	52
0	17	1.12276e-005	15909	53
0	17	1.98841e-005	15936	54
0	17	1.18038e-005	15960	55
0	17	1.08895e-005	15984	56
0	17	1.32384e-005	16013	57
0	17	1.05446e-005	16042	58
0	17	1.03548e-005	16069	59
0	17	9.86149e-006	16102	60
0	17	9.83188e-006	16132	61
0	17	1.99837e-005	16163	62
0	17	1.06143e-005	16196	63
0	17	1.1071e-005	16234	64
0	18	1.70584e-005	16240	1
0	18	6.13743e-005	16243	2
0	18	2.94633e-005	16247	3
0	18	3.76899e-005	16250	4
0	18	2.21929e-005	16254	5
0	18	2.92018e-005	16258	6
0	18	2.58558e-005	16262	7
0	18	2.28683e-005	16267	8
0	18	1.81859e-005	16272	9
0	18	2.07255e-005	16276	10
0	18	1.67224e-005	16280	11
0	18	2.50789e-005	16285	12
0	18	3.05531e-005	16290	13
0	18	1.60752e-005	16296	14
0	18	0.000146385	16302	15
0	18	3.80292e-005	16311	16
0	18	2.58397e-005	16318	17
0	18	1.98779e-005	16325	18
0	18	1.62023e-005	16332	19
0	18	1.56335e-005	16338	20
0	18	1.55026e-005	16345	21
0	18	1.74653e-005	16352	22
0	18	1.36236e-005	16360	23
0	18	1.58211e-005	16368	24
0	18	1.3324e-005	16375	25
0	18	1.7841e-005	16384	26
0	18	1.9132e-005	16393	27
0	18	1.74467e-005	16403	28
0	18	1.83201e-005	16412	29
0	18	1.61187e-005	16423	30
0	18	2.12039e-005	16433	31
0	18	2.32289e-005	16444	32
0	18	1.32587e-005	16455	33
0	18	1.34082e-005	16467	34
0	18	1.29085e-005	16479	35
0	18	1.45572e-005	16491	36
0	18	2.39101e-005	16504	37
0	18	1.45593e-005	16517	38
0	18	1.22011e-005	16530	39
0	18	1.45869e-005	16545	40
0	18	1.23534e-005	16561	41
0	18	1.49046e-005	16579	42
0	18	1.38747e-005	16595	43
0	18	1.66704e-005	16610	44
0	18	1.57208e-005	16631	45
0	18	3.20263e-005	16647	46
0	18	1.20541e-005	16665	47
0	18	1.73561e-005	16690	48
0	18	1.12145e-005	16717	49
0	18	1.11229e-005	16739	50
0	18	1.08322e-005	16766	51
0	18	1.02971e-005	16788	52
0	18	9.33904e-006	16810	53
0	18	1.23326e-005	16834	54
0	18	9.29447e-006	16859	55
0	18	9.15873e-006	16885	56
0	18	9.06842e-006	16911	57
0	18	9.88813e-006	16938	58
0	18	9.03388e-006	16966	59
0	18	1.0075e-005	16994	60
0	18	9.0017e-006	17025	61
0	18	9.40823e-006	17057	62
0	18	9.39995e-006	17089	63
0	18	7.93106e-006	17123	64
0	19	1.23611e-005	17126	1
0	19	1.67046e-005	17129	2
0	19	1.46338e-005	17133	3
0	19	5.16541e-005	17136	4
0	19	2.78589e-005	17140	5
0	19	1.6676e-005	17145	6
0	19	1.72222e-005	17150	7
0	19	2.39565e-005	17154	8
0	19	1.59725e-005	17158	9
0	19	8.00042e-005	17163	10
0	19	2.80707e-005	17167	11
0	19	1.99895e-005	17173	12
0	19	2.2493e-005	17178	13
0	19	1.5237e-005	17183	14
0	19	1.56645e-005	17188	15
0	19	1.4887e-005	17194	16
0	19	1.69616e-005	17200	17
0	19	1.31937e-005	17207	18
0	19	1.55826e-005	17214	19
0	19	1.1382e-005	17221	20
0	19	1.16397e-005	17228	21
0	19	3.18601e-005	17237	22
0	19	1.36062e-005	17245	23
0	19	2.27631e-005	17253	24
0	19	1.70611e-005	17263	25
0	19	1.42868e-005	17274	26
0	19	1.3156e-005	17284	27
0	19	1.26159e-005	17294	28
0	19	1.1453e-005	17304	29
0	19	1.07311e-005	17316	30
0	19	2.31868e-005	17326	31
0	19	1.33186e-005	17340	32
0	19	1.37969e-005	17352	33
0	19	1.07553e-005	17364	34
0	19	2.18585e-005	17378	35
0	19	1.37098e-005	17392	36
0	19	1.11384e-005	17407	37
0	19	1.41199e-005	17422	38
0	19	1.07075e-005	17437	39
0	19	1.39387e-005	17452	40
0	19	1.169e-005	17469	41
0	19	1.11442e-005	17484	42
0	19	1.09555e-005	17501	43
0	19	1.05901e-005	17520	44
0	19	2.18276e-005	17536	45
0	19	1.04071e-005	17553	46
0	19	9.82796e-006	17574	47
0	19	9.56014e-006	17594	48
0	19	9.36468e-006	17614	49
0	19	1.4124e-005	17634	50
0	19	1.30202e-005	17654	51
0	19	8.30896e-006	17675	52
0	19	8.19236e-006	17699	53
0	19	1.46451e-005	17723	54
0	19	1.23241e-005	17750	55
0	19	1.20477e-005	17777	56
0	19	1.11885e-005	17803	57
0	19	8.44472e-006	17830	58
0	19	7.92851e-006	17857	59
0	19	8.43031e-006	17903	60
0	19	8.03664e-006	17963	61
0	19	7.91913e-006	18048	62
0	19	1.31561e-005	18088	63
0	19	7.67718e-006	18119	64
0	20	1.22223e-005	18124	1
0	20	1.62736e-005	18128	2
0	20	1.65768e-005	18131	3
0	20	1.37539e-005	18134	4
0	20	3.66832e-005	18138	5
0	20	3.93535e-005	18141	6
0	20	1.8936e-005	18145	7
0	20	1.65281e-005	18149	8
0	20	1.49189e-005	18152	9
0	20	1.38212e-005	18156	10
0	20	1.50422e-005	18160	11
0	20	1.51059e-005	18165	12
0	20	2.16621e-005	18170	13
0	20	1.41399e-005	18175	14
0	20	1.35146e-005	18183	15
0	20	2.11776e-005	18188	16
0	20	2.30211e-005	18194	17
0	20	2.15515e-005	18201	18
0	20	1.22961e-005	18208	19
0	20	1.97812e-005	18214	20
0	20	1.89876e-005	18222	21
0	20	1.78138e-005	18229	22
0	20	4.5834e-005	18238	23
0	20	1.94106e-005	18245	24
0	20	1.84543e-005	18255	25
0	20	1.5298e-005	18264	26
0	20	1.46322e-005	18274	27
0	20	1.43559e-005	18283	28
0	20	1.30174e-005	18293	29
0	20	1.29364e-005	18305	30
0	20	1.64571e-005	18315	31
0	20	1.3984e-005	18326	32
0	20	1.11169e-005	18341	33
0	20	1.0607e-005	18353	34
0	20	1.18698e-005	18366	35
0	20	1.04226e-005	18381	36
0	20	1.02592e-005	18394	37
0	20	9.89902e-006	18409	38
0	20	8.65058e-006	18425	39
0	20	8.56561e-006	18440	40
0	20	8.28971e-006	18456	41
0	20	1.11224e-005	18473	42
0	20	8.28942e-006	18490	43
0	20	1.69548e-005	18505	44
0	20	1.15285e-005	18523	45
0	20	8.25091e-006	18541	46
0	20	1.04792e-005	18558	47
0	20	9.15778e-006	18576	48
0	20	7.66515e-006	18595	49
0	20	7.38739e-006	18615	50
0	20	7.36445e-006	18637	51
0	20	7.38247e-006	18659	52
0	20	7.2382e-006	18685	53
0	20	7.3784e-006	18708	54
0	20	7.21825e-006	18732	55
0	20	2.59725e-005	18757	56
0	20	1.15835e-005	18786	57
0	20	8.6975e-006	18826	58
0	20	8.01618e-006	18863	59
0	20	1.35608e-005	18901	60
0	20	7.10879e-006	18931	61
0	20	7.43024e-006	18962	62
0	20	6.97961e-006	18992	63
0	20	6.96678e-006	19025	64
0	21	1.36611e-005	19029	1
0	21	2.81036e-005	19032	2
0	21	2.0462e-005	19034	3
0	21	1.56528e-005	19038	4
0	21	1.77859e-005	19042	5
0	21	1.28936e-005	19046	6
0	21	3.33094e-005	19051	7
0	21	2.16772e-005	19054	8
0	21	1.65014e-005	19058	9
0	21	1.3004e-005	19062	10
0	21	1.6145e-005	19067	11
0	21	1.37029e-005	19073	12
0	21	1.30073e-005	19078	13
0	21	1.25743e-005	19084	14
0	21	1.2366e-005	19090	15
0	21	1.48575e-005	19096	16
0	21	1.14096e-005	19103	17
0	21	1.41117e-005	19112	18
0	21	1.44058e-005	19119	19
0	21	1.74205e-005	19127	20
0	21	2.03773e-005	19135	21
0	21	1.4163e-005	19145	22
0	21	1.24752e-005	19153	23
0	21	1.1582e-005	19161	24
0	21	1.16006e-005	19172	25
0	21	1.0972e-005	19181	26
0	21	3.08696e-005	19191	27
0	21	1.08989e-005	19199	28
0	21	1.03994e-005	19212	29
0	21	1.06709e-005	19222	30
0	21	1.08818e-005	19234	31
0	21	1.01297e-005	19244	32
0	21	1.28962e-005	19254	33
0	21	1.00552e-005	19265	34
0	21	9.88268e-006	19278	35
0	21	9.55571e-006	19291	36
0	21	9.85775e-006	19305	37
0	21	9.47908e-006	19320	38
0	21	1.14156e-005	19334	39
0	21	1.04862e-005	19348	40
0	21	1.07985e-005	19363	41
0	21	8.74536e-006	19380	42
0	21	8.57297e-006	19396	43
0	21	8.52651e-006	19411	44
0	21	8.50813e-006	19430	45
0	21	1.32867e-005	19451	46
0	21	8.29403e-006	19470	47
0	21	8.55869e-006	19489	48
0	21	9.11746e-006	19508	49
0	21	8.19801e-006	19527	50
0	21	8.57816e-006	19547	51
0	21	1.04884e-005	19570	52
0	21	8.91853e-006	19592	53
0	21	7.97165e-006	19616	54
0	21	7.65188e-006	19643	55
0	21	1.10253e-005	19668	56
0	21	7.41954e-006	19694	57
0	21	1.19752e-005	19721	58
0	21	1.21243e-005	19751	59
0	21	7.13578e-006	19781	60
0	21	7.11688e-006	19809	61
0	21	7.34308e-006	19838	62
0	21	1.11929e-005	19870	63
0	21	8.30149e-006	19907	64
0	22	1.40901e-005	19911	1
0	22	9.83018e-005	19913	2
0	22	9.82496e-005	19917	3
0	22	2.3035e-005	19921	4
0	22	3.01717e-005	19924	5
0	22	2.76648e-005	19928	6
0	22	2.68951e-005	19932	7
0	22	1.31954e-005	19936	8
0	22	1.83178e-005	19941	9
0	22	1.43868e-005	19946	10
0	22	1.83687e-005	19952	11
0	22	1.26167e-005	19957	12
0	22	9.82052e-005	19962	13
0	22	3.65419e-005	19968	14
0	22	2.18601e-005	19975	15
0	22	2.16398e-005	19983	16
0	22	1.92636e-005	19989	17
0	22	1.50579e-005	19995	18
0	22	1.60161e-005	20003	19
0	22	1.30743e-005	20010	20
0	22	1.63124e-005	20019	21
0	22	1.20366e-005	20026	22
0	22	3.11654e-005	20034	23
0	22	1.20562e-005	20042	24
0	22	1.19274e-005	20051	25
0	22	1.06503e-005	20060	26
0	22	2.66136e-005	20070	27
0	22	2.3865e-005	20081	28
0	22	1.39854e-005	20091	29
0	22	1.73214e-005	20103	30
0	22	1.54485e-005	20114	31
0	22	1.25148e-005	20125	32
0	22	1.05901e-005	20137	33
0	22	1.04001e-005	20150	34
0	22	1.15219e-005	20163	35
0	22	1.14717e-005	20176	36
0	22	1.00416e-005	20190	37
0	22	9.21674e-006	20204	38
0	22	1.44344e-005	20218	39
0	22	1.00213e-005	20233	40
0	22	1.45818e-005	20248	41
0	22	1.31678e-005	20263	42
0	22	1.23734e-005	20279	43
0	22	9.2072e-006	20294	44
0	22	1.3162e-005	20312	45
0	22	9.18424e-006	20330	46
0	22	9.93097e-006	20348	47
0	22	9.27006e-006	20366	48
0	22	8.79737e-006	20386	49
0	22	8.22635e-006	20408	50
0	22	8.07186e-006	20429	51
0	22	9.57374e-006	20454	52
0	22	7.98907e-006	20476	53
0	22	7.53491e-006	20501	54
0	22	6.68603e-006	20526	55
0	22	9.78546e-006	20550	56
0	22	1.02135e-005	20576	57
0	22	6.83149e-006	20603	58
0	22	6.68997e-006	20631	59
0	22	6.6531e-006	20657	60
0	22	8.16343e-006	20688	61
0	22	6.92556e-006	20720	62
0	22	7.57818e-006	20751	63
0	22	6.18006e-006	20785	64
0	23	1.11933e-005	20790	1
0	23	3.59012e-005	20801	2
0	23	3.28663e-005	20804	3
0	23	1.49251e-005	20807	4
0	23	1.39619e-005	20811	5
0	23	1.19369e-005	20814	6
0	23	4.39139e-005	20818	7
0	23	1.93616e-005	20822	8
0	23	1.3979e-005	20826	9
0	23	1.16576e-005	20830	10
0	23	1.10594e-005	20834	11
0	23	1.06297e-005	20838	12
0	23	1.21278e-005	20843	13
0	23	9.95781e-006	20848	14
0	23	1.33105e-005	20853	15
0	23	1.06458e-005	20859	16
0	23	1.03333e-005	20865	17
0	23	9.23038e-006	20872	18
0	23	1.91217e-005	20879	19
0	23	1.19777e-005	20886	20
0	23	9.46066e-006	20893	21
0	23	8.93117e-006	20901	22
0	23	2.29237e-005	20908	23
0	23	1.47584e-005	20915	24
0	23	1.23108e-005	20924	25
0	23	9.65e-006	20932	26
0	23	8.76765e-006	20940	27
0	23	1.16378e-005	20950	28
0	23	9.74828e-006	20959	29
0	23	8.22569e-006	20970	30
0	23	1.39516e-005	20982	31
0	23	8.01015e-006	20995	32
0	23	1.70709e-005	21007	33
0	23	3.00495e-005	21019	34
0	23	9.57893e-006	21031	35
0	23	9.76383e-006	21045	36
0	23	1.30264e-005	21059	37
0	23	8.53519e-006	21073	38
0	23	8.42054e-006	21090	39
0	23	8.13188e-006	21110	40
0	23	6.94587e-006	21127	41
0	23	9.00291e-006	21143	42
0	23	6.88238e-006	21161	43
0	23	1.09905e-005	21178	44
0	23	1.86345e-005	21196	45
0	23	9.49934e-006	21215	46
0	23	6.82627e-006	21235	47
0	23	2.57387e-005	21255	48
0	23	1.26648e-005	21277	49
0	23	7.72146e-006	21300	50
0	23	7.62443e-006	21323	51
0	23	6.6835e-006	21345	52
0	23	6.55791e-006	21369	53
0	23	7.25151e-006	21392	54
0	23	6.67794e-006	21416	55
0	23	7.30516e-006	21440	56
0	23	6.79038e-006	21465	57
0	23	2.25716e-005	21490	58
0	23	6.34453e-006	21516	59
0	23	8.88156e-006	21549	60
0	23	6.21898e-006	21582	61
0	23	5.97403e-006	21612	62
0	23	5.74959e-006	21642	63
0	23	5.72673e-006	21673	64
0	24	9.12357e-006	21678	1
0	24	1.23613e-005	21681	2
0	24	1.05743e-005	21684	3
0	24	6.26709e-005	21688	4
0	24	6.3898e-005	21691	5
0	24	2.36729e-005	21694	6
0	24	2.06531e-005	21698	7
0	24	1.5145e-005	21702	8
0	24	2.11326e-005	21705	9
0	24	1.65764e-005	21709	10
0	24	1.03232e-005	21714	11
0	24	1.03045e-005	21719	12
0	24	9.43227e-006	21724	13
0	24	1.38363e-005	21728	14
0	24	1.54939e-005	21734	15
0	24	1.22533e-005	21740	16
0	24	1.23182e-005	21746	17
0	24	9.91353e-006	21752	18
0	24	8.56869e-006	21758	19
0	24	1.37419e-005	21765	20
0	24	1.07495e-005	21771	21
0	24	1.37137e-005	21778	22
0	24	1.01944e-005	21786	23
0	24	1.30709e-005	21794	24
0	24	1.00223e-005	21804	25
0	24	9.9996e-006	21813	26
0	24	8.89556e-006	21822	27
0	24	8.81487e-006	21831	28
0	24	1.60206e-005	21841	29
0	24	9.75344e-006	21850	30
0	24	8.72459e-006	21859	31
0	24	8.35069e-006	21870	32
0	24	8.16865e-006	21882	33
0	24	7.97357e-006	21894	34
0	24	8.24849e-006	21911	35
0	24	7.8127e-006	21924	36
0	24	7.60982e-006	21937	37
0	24	7.79423e-006	21951	38
0	24	7.49485e-006	21966	39
0	24	6.92535e-006	21979	40
0	24	7.40163e-006	21995	41
0	24	8.50089e-006	22014	42
0	24	6.9039e-006	22030	43
0	24	2.4418e-005	22047	44
0	24	1.74113e-005	22063	45
0	24	1.03101e-005	22082	46
0	24	9.26808e-006	22103	47
0	24	7.78348e-006	22123	48
0	24	7.32106e-006	22144	49
0	24	7.33192e-006	22164	50
0	24	6.89625e-006	22187	51
0	24	6.72774e-006	22210	52
0	24	7.37575e-006	22233	53
0	24	7.23134e-006	22256	54
0	24	6.67184e-006	22281	55
0	24	6.48261e-006	22306	56
0	24	6.21924e-006	22332	57
0	24	6.08456e-006	22358	58
0	24	5.85927e-006	22384	59
0	24	5.813e-006	22412	60
0	24	5.7645e-006	22441	61
0	24	5.72328e-006	22470	62
0	24	5.93733e-006	22501	63
0	24	5.82302e-006	22533	64
0	25	9.44664e-006	22537	1
0	25	1.206e-005	22540	2
0	25	1.56461e-005	22542	3
0	25	1.22392e-005	22546	4
0	25	1.09584e-005	22550	5
0	25	9.66595e-006	22553	6
0	25	1.45185e-005	22556	7
0	25	1.34616e-005	22560	8
0	25	1.27561e-005	22563	9
0	25	1.12203e-005	22568	10
0	25	1.05439e-005	22572	11
0	25	9.6697e-006	22576	12
0	25	2.84133e-005	22582	13
0	25	1.26425e-005	22587	14
0	25	1.53841e-005	22592	15
0	25	1.16076e-005	22597	16
0	25	1.0568e-005	22603	17
0	25	9.99295e-006	22609	18
0	25	9.42277e-006	22618	19
0	25	8.65089e-006	22624	20
0	25	1.22085e-005	22631	21
0	25	8.14113e-006	22639	22
0	25	1.05513e-005	22647	23
0	25	8.532e-006	22654	24
0	25	9.54807e-006	22662	25
0	25	1.89335e-005	22671	26
0	25	3.5241e-005	22680	27
0	25	1.54229e-005	22690	28
0	25	1.02938e-005	22700	29
0	25	8.77359e-006	22710	30
0	25	6.7689e-006	22720	31
0	25	8.19764e-006	22730	32
0	25	8.42781e-006	22741	33
0	25	6.69086e-006	22752	34
0	25	7.22202e-006	22765	35
0	25	8.42152e-006	22777	36
0	25	8.69175e-006	22791	37
0	25	9.58522e-006	22806	38
0	25	8.72907e-006	22821	39
0	25	6.55745e-006	22835	40
0	25	8.57898e-006	22850	41
0	25	9.87642e-006	22867	42
0	25	7.22004e-006	22884	43
0	25	6.53384e-006	22902	44
0	25	1.02847e-005	22920	45
0	25	6.42266e-006	22937	46
0	25	1.90521e-005	22956	47
0	25	1.29122e-005	22976	48
0	25	1.28488e-005	23000	49
0	25	6.53641e-006	23019	50
0	25	8.22541e-006	23039	51
0	25	6.37963e-006	23064	52
0	25	6.71656e-006	23085	53
0	25	6.2809e-006	23108	54
0	25	6.13913e-006	23132	55
0	25	6.01892e-006	23161	56
0	25	5.78948e-006	23192	57
0	25	6.03609e-006	23218	58
0	25	7.16081e-006	23245	59
0	25	5.95977e-006	23272	60
0	25	5.57325e-006	23300	61
0	25	5.64708e-006	23329	62
0	25	1.08283e-005	23359	63
0	25	5.5494e-006	23390	64
0	26	9.37259e-006	23393	1
0	26	2.06245e-005	23397	2
0	26	1.91231e-005	23401	3
0	26	1.4249e-005	23404	4
0	26	1.8547e-005	23407	5
0	26	1.50739e-005	23410	6
0	26	1.00811e-005	23414	7
0	26	9.95564e-006	23418	8
0	26	2.75892e-005	23422	9
0	26	1.09995e-005	23426	10
0	26	1.3319e-005	23430	11
0	26	1.12583e-005	23435	12
0	26	1.06123e-005	23440	13
0	26	8.80659e-006	23444	14
0	26	8.80838e-006	23450	15
0	26	1.09303e-005	23455	16
0	26	2.49487e-005	23461	17
0	26	9.94116e-006	23467	18
0	26	1.77818e-005	23473	19
0	26	1.5173e-005	23480	20
0	26	1.05671e-005	23487	21
0	26	9.71789e-006	23495	22
0	26	9.72256e-006	23503	23
0	26	9.60727e-006	23510	24
0	26	1.49912e-005	23518	25
0	26	1.17739e-005	23527	26
0	26	1.52753e-005	23535	27
0	26	1.34146e-005	23544	28
0	26	1.1977e-005	23556	29
0	26	1.1017e-005	23566	30
0	26	1.29472e-005	23577	31
0	26	8.8272e-006	23587	32
0	26	8.70568e-006	23597	33
0	26	8.85044e-006	23610	34
0	26	7.62688e-006	23621	35
0	26	9.37557e-006	23634	36
0	26	1.27701e-005	23647	37
0	26	7.6253e-006	23666	38
0	26	7.30837e-006	23678	39
0	26	7.25538e-006	23694	40
0	26	7.58928e-006	23710	41
0	26	7.66385e-006	23727	42
0	26	7.237e-006	23745	43
0	26	7.09968e-006	23764	44
0	26	8.98446e-006	23784	45
0	26	6.84964e-006	23805	46
0	26	6.01068e-006	23827	47
0	26	5.96668e-006	23846	48
0	26	1.83347e-005	23868	49
0	26	8.80607e-006	23890	50
0	26	9.75255e-006	23914	51
0	26	6.76312e-006	23937	52
0	26	5.85112e-006	23961	53
0	26	5.84004e-006	23992	54
0	26	5.75371e-006	24021	55
0	26	5.3415e-006	24045	56
0	26	5.32114e-006	24072	57
0	26	5.23598e-006	24101	58
0	26	1.53525e-005	24126	59
0	26	1.13114e-005	24153	60
0	26	5.09922e-006	24181	61
0	26	5.6004e-006	24215	62
0	26	5.26726e-006	24252	63
0	26	5.05111e-006	24285	64
0	27	8.77697e-006	24289	1
0	27	6.11479e-005	24291	2
0	27	5.73724e-005	24294	3
0	27	2.53905e-005	24297	4
0	27	7.7476e-005	24301	5
0	27	4.49514e-005	24304	6
0	27	1.88488e-005	24307	7
0	27	1.25265e-005	24311	8
0	27	1.0862e-005	24315	9
0	27	1.39744e-005	24319	10
0	27	9.94731e-006	24323	11
0	27	1.68071e-005	24327	12
0	27	1.10089e-005	24332	13
0	27	1.03931e-005	24337	14
0	27	9.86539e-006	24341	15
0	27	9.98473e-006	24346	16
0	27	9.09406e-006	24354	17
0	27	9.34172e-006	24359	18
0	27	1.44535e-005	24366	19
0	27	1.44051e-005	24374	20
0	27	1.27795e-005	24382	21
0	27	9.27188e-006	24391	22
0	27	1.26476e-005	24399	23
0	27	9.03394e-006	24409	24
0	27	2.1004e-005	24418	25
0	27	1.18443e-005	24428	26
0	27	1.16127e-005	24436	27
0	27	1.1429e-005	24448	28
0	27	8.14615e-006	24458	29
0	27	8.86573e-006	24470	30
0	27	1.03069e-005	24484	31
0	27	2.55688e-005	24495	32
0	27	9.00966e-006	24507	33
0	27	1.01013e-005	24522	34
0	27	8.15559e-006	24535	35
0	27	1.4182e-005	24548	36
