step	level	max error	time	nr. of control nodes
0	0	0.513086	7	2
0	0	0.277331	14	4
0	0	0.210561	21	6
0	0	0.161213	27	8
0	0	0.122667	34	10
0	0	0.0395895	42	12
0	0	0.0343822	52	14
0	0	0.0284775	62	16
0	0	0.0141567	71	18
0	0	0.00874385	82	20
0	0	0.00714954	93	22
0	0	0.0059239	105	24
0	0	0.00568224	117	26
0	0	0.00510157	131	28
0	0	0.00494704	143	30
0	0	0.00271781	159	32
0	0	0.00240541	175	34
0	0	0.00208086	190	36
0	0	0.0018738	209	38
0	0	0.00157278	228	40
0	0	0.00157098	249	42
0	0	0.00144856	272	44
0	0	0.00110477	293	46
0	0	0.00101697	318	48
0	0	0.000857846	344	50
0	0	0.000810968	369	52
0	0	0.000767921	398	54
0	0	0.000447958	426	56
0	0	0.000427656	455	58
0	0	0.000313495	485	60
0	0	0.000270999	521	62
0	0	0.000253892	556	64
0	0	0.000310135	594	66
0	0	0.00025332	633	68
0	0	0.000229515	677	70
0	0	0.000193057	721	72
0	0	0.000182858	780	74
0	0	0.000168981	841	76
0	0	0.000166206	908	78
0	0	0.000156529	971	80
0	0	0.000128964	1028	82
0	0	0.000141045	1088	84
0	0	0.000120979	1147	86
0	0	0.000119116	1210	88
0	0	0.000100356	1273	90
0	0	7.82719e-005	1352	92
0	0	7.5923e-005	1454	94
0	0	9.33217e-005	1562	96
0	0	6.54043e-005	1648	98
0	0	5.93258e-005	1730	100
0	0	5.74129e-005	1815	102
0	0	4.77452e-005	1903	104
0	0	4.6349e-005	1997	106
0	0	4.57785e-005	2131	108
0	0	2.86826e-005	2265	110
0	0	2.64114e-005	2374	112
0	0	2.17937e-005	2515	114
0	0	2.05508e-005	2666	116
0	0	1.91327e-005	2785	118
0	0	1.80157e-005	2922	120
0	0	1.64239e-005	3094	122
0	0	1.6063e-005	3236	124
0	0	1.50681e-005	3377	126
0	0	1.48703e-005	3515	128
0	1	1.79241e-005	3520	1
0	1	2.50853e-005	3525	3
0	1	1.70499e-005	3529	5
0	1	0.000294476	3535	7
0	1	0.000194609	3540	9
0	1	0.000106518	3547	11
0	1	0.000104422	3553	13
0	1	2.73971e-005	3560	15
0	1	3.62589e-005	3568	17
0	1	2.12188e-005	3581	19
0	1	2.43768e-005	3590	21
0	1	1.52325e-005	3601	23
0	1	0.000142018	3611	25
0	1	0.000110593	3625	27
0	1	4.37436e-005	3640	29
0	1	2.53369e-005	3653	31
0	1	2.47914e-005	3668	33
0	1	1.53897e-005	3685	35
0	1	2.55494e-005	3700	37
0	1	2.5689e-005	3715	39
0	1	1.88054e-005	3732	41
0	1	1.89201e-005	3750	43
0	1	1.47039e-005	3769	45
0	1	1.16841e-005	3791	47
0	1	1.23738e-005	3815	49
0	1	9.45095e-006	3848	51
0	1	9.35662e-006	3887	53
0	1	1.4873e-005	3918	55
0	1	1.55794e-005	3955	57
0	1	1.48013e-005	3992	59
0	1	1.1498e-005	4028	61
0	1	2.88523e-005	4066	63
0	1	1.26763e-005	4102	65
0	1	8.31052e-006	4139	67
0	1	8.38262e-006	4179	69
0	1	1.09061e-005	4220	71
0	1	1.92144e-005	4266	73
0	1	7.95386e-006	4315	75
0	1	8.00759e-006	4364	77
0	1	6.2959e-006	4414	79
0	1	6.76291e-006	4470	81
0	1	7.67744e-006	4526	83
0	1	6.13822e-006	4590	85
0	1	1.36172e-005	4652	87
0	1	9.18782e-006	4723	89
0	1	6.28161e-006	4789	91
0	1	5.46398e-006	4887	93
0	1	6.7386e-006	4976	95
0	1	7.79895e-006	5053	97
0	1	5.23132e-006	5135	99
0	1	4.78906e-006	5221	101
0	1	5.70578e-006	5303	103
0	1	4.72412e-006	5392	105
0	1	7.03176e-006	5488	107
0	1	5.39691e-006	5592	109
0	1	5.37435e-006	5742	111
0	1	5.01591e-006	5853	113
0	1	5.49708e-006	5966	115
0	1	4.07686e-006	6084	117
0	1	5.17898e-006	6214	119
0	1	4.46994e-006	6383	121
0	1	4.38352e-006	6534	123
0	1	6.54962e-006	6670	125
0	1	3.96854e-006	6809	127
0	1	3.74836e-006	6951	128
0	2	5.97776e-006	6956	1
0	2	6.43843e-006	6961	3
0	2	4.09708e-005	6967	5
0	2	1.89394e-005	6974	7
0	2	8.66342e-006	6981	9
0	2	1.93133e-005	6987	11
0	2	1.6816e-005	6993	13
0	2	3.75074e-005	7002	15
0	2	2.29116e-005	7010	17
0	2	1.24327e-005	7019	19
0	2	1.08474e-005	7028	21
0	2	1.0771e-005	7040	23
0	2	8.96808e-006	7052	25
0	2	7.23287e-006	7063	27
0	2	6.7237e-006	7074	29
0	2	6.30295e-006	7090	31
0	2	6.57075e-006	7104	33
0	2	4.67067e-006	7119	35
0	2	1.89188e-005	7139	37
0	2	7.01838e-006	7157	39
0	2	6.06226e-006	7178	41
0	2	4.3259e-006	7200	43
0	2	7.58519e-006	7225	45
0	2	7.93513e-006	7249	47
0	2	4.79215e-006	7274	49
0	2	4.38857e-006	7300	51
0	2	1.33899e-005	7327	53
0	2	7.2351e-006	7353	55
0	2	3.91512e-006	7384	57
0	2	3.8997e-006	7416	59
0	2	5.01181e-006	7449	61
0	2	4.14045e-006	7485	63
0	2	3.66754e-006	7526	65
0	2	5.2941e-006	7566	67
0	2	3.8638e-006	7606	69
0	2	6.28259e-006	7650	71
0	2	3.90813e-006	7699	73
0	2	3.06201e-006	7745	75
0	2	3.90435e-006	7856	77
0	2	5.44715e-006	7917	79
0	2	6.73846e-006	7982	81
0	2	5.15677e-006	8045	83
0	2	5.18051e-006	8114	85
0	2	4.24735e-006	8210	87
0	2	2.96317e-006	8296	89
0	2	4.19718e-006	8383	91
0	2	2.93373e-006	8463	93
0	2	2.96626e-006	8539	95
0	2	4.73875e-006	8618	97
0	2	2.81359e-006	8700	99
0	2	2.77399e-006	8799	101
0	2	2.94397e-006	8923	103
0	2	4.83331e-006	9025	105
0	2	2.50079e-006	9134	107
0	2	2.42577e-006	9245	109
0	2	2.3957e-006	9362	111
0	2	2.34999e-006	9472	113
0	2	2.58669e-006	9590	115
0	2	2.53605e-006	9718	117
0	2	2.37666e-006	9856	119
0	2	2.60626e-006	9991	121
0	2	2.02782e-006	10136	123
0	2	2.66902e-006	10272	125
0	2	1.96626e-006	10410	127
0	2	1.89212e-006	10567	128
0	3	3.26737e-006	10571	1
0	3	8.46183e-006	10577	3
0	3	7.39949e-006	10584	5
0	3	4.18116e-006	10592	7
0	3	3.31284e-006	10598	9
0	3	2.12937e-005	10609	11
0	3	8.39341e-006	10620	13
0	3	9.11287e-006	10632	15
0	3	4.49483e-006	10643	17
0	3	5.66694e-006	10655	19
0	3	4.95657e-006	10666	21
0	3	3.90194e-006	10683	23
0	3	8.1507e-006	10696	25
0	3	5.07475e-006	10709	27
0	3	4.03257e-006	10720	29
0	3	3.81181e-006	10733	31
0	3	3.89011e-006	10746	33
0	3	3.31507e-006	10764	35
0	3	1.1144e-005	10781	37
0	3	5.80092e-006	10801	39
0	3	3.02407e-006	10821	41
0	3	3.79091e-006	10840	43
0	3	4.27099e-006	10863	45
0	3	3.18856e-006	10884	47
0	3	3.80451e-006	10907	49
0	3	2.9728e-006	10935	51
0	3	3.02841e-006	10965	53
0	3	3.4235e-006	11004	55
0	3	2.91851e-006	11044	57
0	3	2.6461e-006	11086	59
0	3	2.55233e-006	11127	61
0	3	3.36635e-006	11176	63
0	3	2.5102e-006	11222	65
0	3	2.62937e-006	11264	67
0	3	4.29215e-006	11303	69
0	3	2.13642e-006	11342	71
0	3	2.07389e-006	11388	73
0	3	2.04208e-006	11432	75
0	3	2.46682e-006	11480	77
0	3	2.03181e-006	11527	79
0	3	2.81463e-006	11582	81
0	3	2.20768e-006	11643	83
0	3	1.99553e-006	11703	85
0	3	1.93586e-006	11768	87
0	3	2.25701e-006	11894	89
0	3	1.8789e-006	11990	91
0	3	1.86346e-006	12064	93
0	3	2.05907e-006	12140	95
0	3	2.07073e-006	12217	97
0	3	1.89331e-006	12296	99
0	3	1.89011e-006	12379	101
0	3	1.54296e-006	12466	103
0	3	1.94879e-006	12567	105
0	3	1.52018e-006	12707	107
0	3	1.55056e-006	12813	109
0	3	2.13167e-006	12921	111
0	3	1.44159e-006	13030	113
0	3	1.49096e-006	13142	115
0	3	1.61188e-006	13259	117
0	3	1.54445e-006	13385	119
0	3	1.28533e-006	13511	121
0	3	1.2183e-006	13645	123
0	3	1.38212e-006	13784	125
0	3	1.40888e-006	13924	127
0	3	1.13856e-006	14060	128
0	4	1.7997e-006	14065	1
0	4	3.21638e-006	14069	3
0	4	9.70489e-006	14074	5
0	4	9.0685e-006	14080	7
0	4	4.12786e-006	14086	9
0	4	3.49026e-006	14091	11
0	4	3.06888e-006	14099	13
0	4	2.03868e-006	14106	15
0	4	3.47824e-006	14114	17
0	4	1.92519e-006	14123	19
0	4	1.90421e-006	14132	21
0	4	4.13593e-006	14141	23
0	4	3.22736e-006	14151	25
0	4	3.1402e-006	14162	27
0	4	2.99763e-006	14175	29
0	4	2.02768e-006	14188	31
0	4	2.36201e-006	14203	33
0	4	1.97448e-006	14218	35
0	4	1.61918e-006	14234	37
0	4	4.55177e-006	14251	39
0	4	2.45121e-006	14270	41
0	4	1.85277e-006	14291	43
0	4	2.4336e-006	14312	45
0	4	1.66218e-006	14334	47
0	4	1.50462e-006	14358	49
0	4	1.84795e-006	14381	51
0	4	6.84901e-006	14406	53
0	4	2.64352e-006	14435	55
0	4	1.68926e-006	14465	57
0	4	1.67321e-006	14497	59
0	4	1.89e-006	14530	61
0	4	1.56049e-006	14564	63
0	4	2.0783e-006	14601	65
0	4	1.31509e-006	14638	67
0	4	1.65681e-006	14677	69
0	4	1.35179e-006	14719	71
0	4	2.08387e-006	14759	73
0	4	1.31728e-006	14810	75
0	4	1.36481e-006	14862	77
0	4	1.30638e-006	14914	79
0	4	1.24202e-006	14968	81
0	4	1.39234e-006	15026	83
0	4	1.23285e-006	15092	85
0	4	1.43773e-006	15163	87
0	4	1.42506e-006	15243	89
0	4	1.2089e-006	15325	91
0	4	1.40987e-006	15412	93
0	4	1.93187e-006	15504	95
0	4	1.38285e-006	15597	97
0	4	1.40818e-006	15688	99
0	4	1.25843e-006	15783	101
0	4	1.70991e-006	15880	103
0	4	1.07306e-006	15972	105
0	4	1.13009e-006	16078	107
0	4	1.07098e-006	16181	109
0	4	1.13286e-006	16289	111
0	4	1.01297e-006	16403	113
0	4	9.99632e-007	16520	115
0	4	1.05524e-006	16637	117
0	4	1.58954e-006	16766	119
0	4	1.1679e-006	16974	121
0	4	1.26761e-006	17111	123
0	4	1.04572e-006	17246	125
0	4	8.91312e-007	17394	127
0	4	8.69641e-007	17537	128
0	5	1.57765e-006	17543	1
0	5	3.65083e-006	17549	3
0	5	1.70778e-006	17556	5
0	5	1.80483e-005	17562	7
0	5	6.89892e-006	17568	9
0	5	3.64078e-006	17576	11
0	5	3.45503e-006	17585	13
0	5	2.99208e-006	17596	15
0	5	2.23269e-006	17604	17
0	5	2.65349e-006	17613	19
0	5	2.00777e-006	17623	21
0	5	1.18179e-005	17636	23
0	5	3.38053e-006	17646	25
0	5	1.79439e-006	17660	27
0	5	1.6836e-006	17673	29
0	5	2.10541e-006	17687	31
0	5	1.45564e-006	17702	33
0	5	3.05242e-006	17719	35
0	5	2.18868e-006	17735	37
0	5	1.43469e-006	17752	39
0	5	1.83886e-006	17770	41
0	5	1.74153e-006	17791	43
0	5	1.44548e-006	17813	45
0	5	1.89764e-006	17836	47
0	5	1.30439e-006	17861	49
0	5	1.37949e-006	17890	51
0	5	1.46752e-006	17923	53
0	5	1.93577e-006	17955	55
0	5	1.65964e-006	17987	57
0	5	2.54211e-006	18019	59
0	5	1.48193e-006	18054	61
0	5	1.42071e-006	18089	63
0	5	1.46539e-006	18130	65
0	5	1.22463e-006	18171	67
0	5	1.18327e-006	18214	69
0	5	1.15519e-006	18258	71
0	5	1.28093e-006	18307	73
0	5	1.04621e-006	18354	75
0	5	1.75623e-006	18402	77
0	5	1.68296e-006	18454	79
0	5	1.79918e-006	18511	81
0	5	1.65515e-006	18567	83
0	5	1.82234e-006	18625	85
0	5	1.32685e-006	18687	87
0	5	1.22914e-006	18752	89
0	5	1.09572e-006	18824	91
0	5	1.78992e-006	18901	93
0	5	1.03693e-006	18983	95
0	5	1.03062e-006	19062	97
0	5	9.90619e-007	19152	99
0	5	1.12679e-006	19244	101
0	5	9.55075e-007	19340	103
0	5	9.23449e-007	19443	105
0	5	9.21656e-007	19538	107
0	5	8.94683e-007	19645	109
0	5	9.92407e-007	19752	111
0	5	8.93409e-007	19928	113
0	5	9.91521e-007	20071	115
0	5	1.05109e-006	20195	117
0	5	8.65269e-007	20322	119
0	5	7.76653e-007	20461	121
0	5	8.77864e-007	20602	123
0	5	8.66049e-007	20748	125
0	5	7.63208e-007	20898	127
0	5	7.28453e-007	21047	128
0	6	1.23569e-006	21052	1
0	6	1.72516e-006	21057	3
0	6	7.04084e-006	21062	5
0	6	3.45971e-006	21068	7
0	6	1.56217e-006	21074	9
0	6	3.25202e-006	21081	11
0	6	1.29856e-006	21093	13
0	6	1.60034e-006	21102	15
0	6	2.72953e-006	21113	17
0	6	1.94157e-006	21122	19
0	6	4.04968e-006	21131	21
0	6	1.70849e-006	21141	23
0	6	1.64061e-006	21152	25
0	6	1.42028e-006	21163	27
0	6	2.82884e-006	21176	29
0	6	1.4757e-006	21188	31
0	6	1.35105e-006	21203	33
0	6	1.05035e-006	21218	35
0	6	1.17936e-006	21236	37
0	6	1.83043e-006	21253	39
0	6	1.54277e-006	21270	41
0	6	1.18014e-006	21290	43
0	6	1.04406e-006	21310	45
0	6	1.37811e-006	21333	47
0	6	1.30643e-006	21359	49
0	6	3.29544e-006	21385	51
0	6	1.21916e-006	21409	53
0	6	1.57268e-006	21441	55
0	6	9.53771e-007	21486	57
0	6	1.10432e-006	21521	59
0	6	1.59511e-006	21550	61
0	6	1.26477e-006	21581	63
0	6	1.01522e-006	21615	65
0	6	1.66319e-006	21652	67
0	6	9.5143e-007	21689	69
0	6	8.89259e-007	21731	71
0	6	1.25441e-006	21776	73
0	6	9.31475e-007	21829	75
0	6	1.49116e-006	21895	77
0	6	1.82958e-006	21982	79
0	6	9.31146e-007	22052	81
0	6	1.15249e-006	22119	83
0	6	1.08517e-006	22179	85
0	6	8.84031e-007	22245	87
0	6	8.94133e-007	22311	89
0	6	9.86649e-007	22378	91
0	6	7.34964e-007	22454	93
0	6	8.01666e-007	22532	95
0	6	9.89391e-007	22614	97
0	6	7.3033e-007	22700	99
0	6	8.3484e-007	22789	101
0	6	1.0087e-006	22879	103
0	6	6.86791e-007	22975	105
0	6	6.75983e-007	23076	107
0	6	8.80718e-007	23171	109
0	6	8.51175e-007	23269	111
0	6	6.35507e-007	23381	113
0	6	6.7478e-007	23506	115
0	6	6.34781e-007	23625	117
0	6	8.52752e-007	23859	119
0	6	6.18285e-007	24012	121
0	6	6.96651e-007	24174	123
0	6	6.00334e-007	24340	125
0	6	7.10005e-007	24514	127
0	6	5.87105e-007	24685	128
0	7	1.00893e-006	24691	1
0	7	3.01289e-006	24699	3
0	7	1.50869e-006	24706	5
0	7	1.33302e-006	24713	7
0	7	3.19407e-006	24719	9
0	7	5.12906e-006	24726	11
0	7	1.7498e-006	24736	13
0	7	1.18001e-006	24748	15
0	7	4.19866e-006	24760	17
0	7	1.7959e-006	24771	19
0	7	1.9567e-006	24782	21
0	7	1.53518e-006	24794	23
0	7	1.52535e-006	24809	25
0	7	1.18253e-006	24831	27
0	7	1.95308e-006	24852	29
0	7	2.60278e-006	24889	31
0	7	1.60563e-006	24919	33
0	7	1.31423e-006	24945	35
0	7	9.74009e-007	24988	37
0	7	1.02621e-006	25016	39
0	7	9.62955e-007	25045	41
0	7	1.6094e-006	25072	43
0	7	9.48052e-007	25099	45
0	7	9.3531e-007	25137	47
0	7	1.28036e-006	25170	49
0	7	1.08749e-006	25555	51
0	7	9.29812e-007	25598	53
0	7	8.55531e-007	25642	55
0	7	9.18265e-007	25679	57
0	7	7.56979e-007	25720	59
0	7	7.55581e-007	25767	61
0	7	8.25802e-007	25819	63
0	7	6.88045e-007	25872	65
0	7	1.34639e-006	25933	67
0	7	1.25548e-006	26025	69
0	7	6.97072e-007	26127	71
0	7	6.39176e-007	26237	73
0	7	7.54182e-007	26329	75
0	7	1.85003e-006	26436	77
0	7	9.33391e-007	26563	79
0	7	6.65194e-007	26652	81
0	7	8.80107e-007	26741	83
0	7	7.17274e-007	26833	85
0	7	1.28375e-006	26907	87
0	7	6.6587e-007	26980	89
0	7	6.95246e-007	27051	91
0	7	1.08952e-006	27129	93
0	7	6.62281e-007	27201	95
0	7	6.07697e-007	27288	97
0	7	6.07501e-007	27366	99
0	7	1.31819e-006	27451	101
0	7	8.03969e-007	27539	103
0	7	7.5632e-007	27638	105
0	7	6.95837e-007	27734	107
0	7	5.1546e-007	27842	109
0	7	8.02924e-007	27952	111
0	7	6.29459e-007	28065	113
0	7	4.76398e-007	28181	115
0	7	5.65165e-007	28306	117
0	7	5.24597e-007	28427	119
0	7	4.66494e-007	28551	121
0	7	9.731e-007	28706	123
0	7	4.99643e-007	28907	125
0	7	4.49052e-007	29155	127
0	7	9.57768e-007	29357	128
0	8	1.2267e-006	29365	1
0	8	8.82212e-006	29374	3
0	8	4.12113e-006	29380	5
0	8	3.09669e-006	29388	7
0	8	2.04043e-006	29398	9
0	8	1.28192e-006	29406	11
0	8	9.82916e-007	29418	13
0	8	8.75858e-007	29433	15
0	8	1.17184e-006	29448	17
0	8	9.82875e-007	29462	19
0	8	8.92711e-007	29478	21
0	8	1.37314e-006	29493	23
0	8	9.45165e-007	29517	25
0	8	1.07822e-006	29554	27
0	8	7.74024e-007	29576	29
0	8	9.27037e-007	29596	31
0	8	1.04274e-006	29616	33
0	8	8.25891e-007	29635	35
0	8	1.22836e-006	29654	37
0	8	8.21395e-007	29679	39
0	8	1.06041e-006	29702	41
0	8	8.27287e-007	29728	43
0	8	9.69296e-007	29752	45
0	8	1.18077e-006	29776	47
0	8	1.48993e-006	29808	49
0	8	7.71916e-007	29853	51
0	8	8.00907e-007	29891	53
0	8	7.89659e-007	29928	55
0	8	7.46938e-007	29971	57
0	8	6.9591e-007	30009	59
0	8	8.4166e-007	30052	61
0	8	5.94901e-007	30099	63
0	8	5.53924e-007	30158	65
0	8	6.0146e-007	30221	67
0	8	6.649e-007	30271	69
0	8	8.72902e-007	30331	71
0	8	6.83755e-007	30383	73
0	8	8.30743e-007	30439	75
0	8	5.89736e-007	30512	77
0	8	4.94302e-007	30595	79
0	8	5.02686e-007	30666	81
0	8	9.62845e-007	30745	83
0	8	5.47616e-007	30829	85
0	8	6.85969e-007	30924	87
0	8	7.84514e-007	31021	89
0	8	5.2055e-007	31117	91
0	8	5.8692e-007	31230	93
0	8	5.74874e-007	31333	95
0	8	4.48372e-007	31424	97
0	8	1.10678e-006	31515	99
0	8	5.5974e-007	31612	101
0	8	5.50063e-007	31710	103
0	8	8.00746e-007	31819	105
0	8	9.80187e-007	31937	107
0	8	5.6817e-007	32040	109
0	8	4.11045e-007	32145	111
0	8	4.08662e-007	32276	113
0	8	4.29169e-007	32392	115
0	8	3.98276e-007	32508	117
0	8	4.03258e-007	32656	119
0	8	3.98627e-007	32801	121
0	8	3.84043e-007	32951	123
0	8	5.73475e-007	33091	125
0	8	5.12434e-007	33235	127
0	8	4.40021e-007	33378	128
0	9	6.35985e-007	33383	1
0	9	1.04715e-006	33387	3
0	9	1.34787e-006	33392	5
0	9	7.03928e-007	33397	7
0	9	1.13501e-006	33404	9
0	9	8.15048e-007	33410	11
0	9	2.73502e-006	33417	13
0	9	1.43827e-006	33424	15
0	9	9.08336e-007	33431	17
0	9	7.82825e-007	33439	19
0	9	8.49679e-007	33448	21
0	9	1.36316e-006	33457	23
0	9	9.23731e-007	33468	25
0	9	8.40668e-007	33480	27
0	9	6.55248e-007	33492	29
0	9	6.11127e-007	33506	31
0	9	1.5058e-006	33520	33
0	9	1.23358e-006	33536	35
0	9	7.76209e-007	33552	37
0	9	6.26534e-007	33569	39
0	9	5.7178e-007	33589	41
0	9	8.0645e-007	33607	43
0	9	5.56098e-007	33628	45
0	9	9.54673e-007	33651	47
0	9	7.73271e-007	33677	49
0	9	5.868e-007	33706	51
0	9	6.25343e-007	33736	53
0	9	6.60081e-007	33766	55
0	9	5.41302e-007	33796	57
0	9	1.2139e-006	33830	59
0	9	5.58827e-007	33867	61
0	9	6.50495e-007	33906	63
0	9	4.79545e-007	33951	65
0	9	8.12479e-007	33993	67
0	9	8.79831e-007	34039	69
0	9	4.772e-007	34097	71
0	9	4.74976e-007	34145	73
0	9	4.29008e-007	34195	75
0	9	4.80328e-007	34247	77
0	9	4.44258e-007	34295	79
0	9	5.18328e-007	34358	81
0	9	4.68136e-007	34435	83
0	9	4.97064e-007	34514	85
0	9	5.80756e-007	34598	87
0	9	4.2142e-007	34685	89
0	9	4.06909e-007	34764	91
0	9	8.2453e-007	34839	93
0	9	4.15524e-007	34920	95
0	9	4.39878e-007	35004	97
0	9	3.98766e-007	35099	99
0	9	4.87066e-007	35199	101
0	9	5.30004e-007	35314	103
0	9	4.58762e-007	35425	105
0	9	6.51374e-007	35542	107
0	9	4.07016e-007	35642	109
0	9	4.00885e-007	35747	111
0	9	5.20513e-007	35875	113
0	9	4.39571e-007	36208	115
0	9	4.01004e-007	36491	117
0	9	3.69049e-007	36640	119
0	9	3.49779e-007	36818	121
0	9	3.85292e-007	36967	123
0	9	3.52222e-007	37119	125
0	9	3.86314e-007	37269	127
0	9	3.37559e-007	37419	128
0	10	6.27239e-007	37424	1
0	10	1.23966e-006	37429	3
0	10	1.48907e-006	37434	5
0	10	7.40699e-007	37440	7
0	10	6.38592e-007	37447	9
0	10	1.24558e-006	37454	11
0	10	6.66118e-006	37461	13
0	10	5.15155e-006	37469	15
0	10	1.58229e-006	37477	17
0	10	7.76892e-007	37486	19
0	10	9.32611e-007	37497	21
0	10	5.37499e-007	37508	23
0	10	7.96161e-007	37521	25
0	10	5.39769e-007	37534	27
0	10	5.99034e-007	37547	29
0	10	5.92594e-007	37560	31
0	10	7.96377e-007	37573	33
0	10	5.78216e-007	37586	35
0	10	5.67319e-007	37602	37
0	10	5.72754e-007	37620	39
0	10	4.74488e-007	37637	41
0	10	2.68042e-006	37657	43
0	10	8.12999e-007	37680	45
0	10	5.11265e-007	37703	47
0	10	8.93186e-007	37729	49
0	10	5.05839e-007	37758	51
0	10	7.27754e-007	37788	53
0	10	8.10876e-007	37820	55
0	10	5.19832e-007	37856	57
0	10	4.46882e-007	37889	59
0	10	6.51076e-007	37926	61
0	10	6.08072e-007	37961	63
0	10	4.15894e-007	38001	65
0	10	5.77632e-007	38048	67
0	10	5.22029e-007	38095	69
0	10	9.92706e-007	38138	71
0	10	7.91268e-007	38187	73
0	10	4.61328e-007	38236	75
0	10	4.91327e-007	38288	77
0	10	4.03794e-007	38342	79
0	10	5.4136e-007	38397	81
0	10	3.93008e-007	38458	83
0	10	4.65474e-007	38523	85
0	10	4.64167e-007	38598	87
0	10	3.5351e-007	38669	89
0	10	3.44114e-007	38742	91
0	10	3.36202e-007	38818	93
0	10	3.33438e-007	38893	95
0	10	5.91467e-007	38973	97
0	10	3.36367e-007	39060	99
0	10	4.04414e-007	39167	101
0	10	4.26862e-007	39274	103
0	10	3.54181e-007	39396	105
0	10	3.0362e-007	39508	107
0	10	3.00449e-007	39631	109
0	10	3.70516e-007	39769	111
0	10	3.60637e-007	39900	113
0	10	3.66325e-007	40013	115
0	10	3.0149e-007	40130	117
0	10	3.42214e-007	40253	119
0	10	4.82958e-007	40376	121
0	10	2.90053e-007	40513	123
0	10	3.1632e-007	40667	125
0	10	2.81532e-007	40816	127
0	10	3.16521e-007	40952	128
0	11	5.78618e-007	40957	1
0	11	3.08325e-006	40962	3
0	11	1.32106e-006	40967	5
0	11	8.06592e-007	40972	7
0	11	8.40855e-007	40978	9
0	11	1.70626e-006	40984	11
0	11	7.3956e-007	40991	13
0	11	5.92763e-007	40999	15
0	11	1.00804e-006	41007	17
0	11	5.4494e-007	41017	19
0	11	5.36335e-007	41025	21
0	11	5.20164e-007	41036	23
0	11	8.82052e-007	41046	25
0	11	6.28557e-007	41056	27
0	11	4.751e-007	41067	29
0	11	7.68912e-007	41081	31
0	11	7.62284e-007	41094	33
0	11	9.24496e-007	41109	35
0	11	5.35972e-007	41125	37
0	11	4.92586e-007	41142	39
0	11	4.33088e-007	41160	41
0	11	8.08456e-007	41180	43
0	11	6.31341e-007	41203	45
0	11	5.83346e-007	41224	47
0	11	5.26899e-007	41247	49
0	11	5.6754e-007	41270	51
0	11	4.98772e-007	41293	53
0	11	3.9592e-007	41320	55
0	11	4.50468e-007	41348	57
0	11	4.90102e-007	41377	59
0	11	3.86089e-007	41411	61
0	11	4.66083e-007	41448	63
0	11	7.457e-007	41482	65
0	11	5.44118e-007	41518	67
0	11	4.98953e-007	41554	69
0	11	3.74942e-007	41596	71
0	11	4.03616e-007	41641	73
0	11	4.55684e-007	41691	75
0	11	4.34824e-007	41740	77
0	11	5.03845e-007	41792	79
0	11	7.23417e-007	41850	81
0	11	3.42185e-007	41910	83
0	11	5.252e-007	41972	85
0	11	4.03889e-007	42034	87
0	11	3.32465e-007	42102	89
0	11	3.7127e-007	42166	91
0	11	3.65079e-007	42237	93
0	11	4.87931e-007	42311	95
0	11	3.12933e-007	42387	97
0	11	3.06942e-007	42465	99
0	11	3.02918e-007	42545	101
0	11	3.67508e-007	42633	103
0	11	3.14468e-007	42725	105
0	11	3.52124e-007	42821	107
0	11	2.98793e-007	42917	109
0	11	3.84611e-007	43020	111
0	11	3.21938e-007	43130	113
0	11	2.98602e-007	43246	115
0	11	3.67895e-007	43361	117
0	11	3.5466e-007	43484	119
0	11	5.27929e-007	43606	121
0	11	2.78782e-007	43732	123
0	11	7.88592e-007	43859	125
0	11	3.97938e-007	43992	127
0	11	2.95981e-007	44127	128
0	12	4.51747e-007	44133	1
0	12	6.31079e-006	44138	3
0	12	2.40064e-006	44143	5
0	12	1.74906e-006	44149	7
0	12	1.53142e-006	44155	9
0	12	1.16971e-006	44161	11
0	12	6.15669e-007	44168	13
0	12	4.26358e-007	44175	15
0	12	1.09367e-006	44183	17
0	12	6.37186e-007	44191	19
0	12	5.20984e-007	44201	21
0	12	6.78963e-007	44211	23
0	12	7.48965e-007	44221	25
0	12	4.44182e-007	44231	27
0	12	5.80288e-007	44243	29
0	12	8.9004e-007	44255	31
0	12	5.67966e-007	44268	33
0	12	4.41919e-007	44283	35
0	12	4.33863e-007	44298	37
0	12	5.25112e-007	44314	39
0	12	5.16017e-007	44333	41
0	12	3.83729e-007	44351	43
0	12	3.3925e-007	44370	45
0	12	3.59896e-007	44393	47
0	12	4.69269e-007	44420	49
0	12	3.99842e-007	44445	51
0	12	7.27105e-007	44471	53
0	12	1.029e-006	44499	55
0	12	5.44261e-007	44530	57
0	12	4.18568e-007	44563	59
0	12	5.35714e-007	44605	61
0	12	6.73697e-007	44651	63
0	12	3.81164e-007	44700	65
0	12	3.11834e-007	44750	67
0	12	4.01782e-007	44797	69
0	12	3.35638e-007	44847	71
0	12	3.42371e-007	44900	73
0	12	3.10498e-007	44959	75
0	12	4.28506e-007	45020	77
0	12	2.90422e-007	45085	79
0	12	2.73891e-007	45141	81
0	12	3.56213e-007	45195	83
0	12	3.93901e-007	45252	85
0	12	3.69802e-007	45310	87
0	12	3.45552e-007	45373	89
0	12	3.28194e-007	45436	91
0	12	5.17825e-007	45503	93
0	12	3.22016e-007	45576	95
0	12	3.14782e-007	45688	97
0	12	3.94e-007	45794	99
0	12	2.72783e-007	45901	101
0	12	3.08334e-007	46010	103
0	12	3.32657e-007	46121	105
0	12	3.11052e-007	46230	107
0	12	2.71638e-007	46331	109
0	12	2.45799e-007	46432	111
0	12	3.19712e-007	46543	113
0	12	3.08825e-007	46658	115
0	12	2.29255e-007	46778	117
0	12	2.69574e-007	46898	119
0	12	2.87568e-007	47024	121
0	12	2.28244e-007	47159	123
0	12	3.56373e-007	47302	125
0	12	3.68394e-007	47447	127
0	12	2.21443e-007	47588	128
0	13	3.71964e-007	47594	1
0	13	4.53912e-007	47599	3
0	13	1.51694e-006	47604	5
0	13	9.40837e-007	47609	7
0	13	6.42374e-007	47615	9
0	13	5.01154e-007	47622	11
0	13	4.29351e-007	47628	13
0	13	4.93713e-007	47636	15
0	13	7.67594e-007	47644	17
0	13	7.2775e-007	47652	19
0	13	4.73929e-007	47662	21
0	13	3.74557e-007	47672	23
0	13	2.18198e-006	47682	25
0	13	8.24716e-007	47694	27
0	13	8.73492e-007	47706	29
0	13	6.52116e-007	47719	31
0	13	5.24129e-007	47733	33
0	13	5.00515e-007	47749	35
0	13	4.53502e-007	47765	37
0	13	3.82498e-007	47783	39
0	13	3.54439e-007	47802	41
0	13	5.0743e-007	47820	43
0	13	4.18479e-007	47841	45
0	13	1.31701e-006	47864	47
0	13	4.53991e-007	47886	49
0	13	3.608e-007	47911	51
0	13	4.37851e-007	47936	53
0	13	3.90591e-007	47961	55
0	13	3.16791e-007	47987	57
0	13	3.67953e-007	48020	59
0	13	3.61674e-007	48051	61
0	13	4.29606e-007	48085	63
0	13	4.00669e-007	48122	65
0	13	3.32555e-007	48161	67
0	13	4.57983e-007	48202	69
0	13	3.26223e-007	48248	71
0	13	3.04899e-007	48292	73
0	13	3.31295e-007	48339	75
0	13	3.22896e-007	48385	77
0	13	4.25017e-007	48440	79
0	13	2.94024e-007	48495	81
0	13	2.89102e-007	48554	83
0	13	4.67299e-007	48622	85
0	13	2.67036e-007	48684	87
0	13	3.29117e-007	48745	89
0	13	2.71226e-007	48810	91
0	13	2.66169e-007	48879	93
0	13	2.38229e-007	48950	95
0	13	2.49342e-007	49027	97
0	13	2.26904e-007	49108	99
0	13	5.03083e-007	49191	101
0	13	2.24859e-007	49276	103
0	13	3.5273e-007	49366	105
0	13	2.95858e-007	49461	107
0	13	2.60143e-007	49559	109
0	13	2.31575e-007	49664	111
0	13	2.76674e-007	49776	113
0	13	2.80643e-007	49889	115
0	13	2.30267e-007	50005	117
0	13	2.4623e-007	50125	119
0	13	2.35575e-007	50263	121
0	13	2.13567e-007	50403	123
0	13	2.05676e-007	50544	125
0	13	2.47281e-007	50691	127
0	13	2.34188e-007	50838	128
0	14	3.8866e-007	50844	1
0	14	2.62519e-006	50849	3
0	14	2.11441e-006	50854	5
0	14	6.21585e-007	50859	7
0	14	8.44243e-007	50866	9
0	14	5.28616e-007	50872	11
0	14	6.97266e-007	50879	13
0	14	6.15334e-007	50887	15
0	14	5.66369e-007	50895	17
0	14	4.47141e-007	50904	19
0	14	5.13256e-007	50915	21
0	14	4.77111e-007	50925	23
0	14	5.87884e-007	50935	25
0	14	6.01013e-007	50946	27
0	14	4.19346e-007	50959	29
0	14	8.48197e-007	50973	31
0	14	5.54508e-007	50988	33
0	14	3.99186e-007	51003	35
0	14	4.27188e-007	51019	37
0	14	3.26784e-007	51038	39
0	14	4.11834e-007	51056	41
0	14	4.15589e-007	51078	43
0	14	3.37988e-007	51098	45
0	14	3.12571e-007	51118	47
0	14	4.16697e-007	51142	49
0	14	3.811e-007	51168	51
0	14	3.88084e-007	51191	53
0	14	3.39575e-007	51220	55
0	14	6.7637e-007	51252	57
0	14	3.25471e-007	51285	59
0	14	3.73952e-007	51318	61
0	14	3.32686e-007	51352	63
0	14	2.76841e-007	51391	65
0	14	3.23464e-007	51432	67
0	14	5.13907e-007	51473	69
0	14	3.59775e-007	51514	71
0	14	3.41263e-007	51557	73
0	14	3.57119e-007	51601	75
0	14	2.76725e-007	51650	77
0	14	2.45781e-007	51702	79
0	14	2.86857e-007	51762	81
0	14	2.72316e-007	51817	83
0	14	2.96657e-007	51879	85
0	14	2.2208e-007	51941	87
0	14	2.35077e-007	52006	89
0	14	2.19061e-007	52077	91
0	14	2.09877e-007	52158	93
0	14	2.9088e-007	52290	95
0	14	2.34125e-007	52502	97
0	14	2.42871e-007	52713	99
0	14	2.01206e-007	52823	101
0	14	1.9191e-007	52939	103
0	14	2.77616e-007	53074	105
0	14	1.86018e-007	53224	107
0	14	1.88933e-007	53399	109
0	14	1.76185e-007	53578	111
0	14	2.82666e-007	53717	113
0	14	1.73164e-007	53854	115
0	14	1.8024e-007	53979	117
0	14	1.65654e-007	54119	119
0	14	2.21764e-007	54259	121
0	14	1.96801e-007	54429	123
0	14	1.72227e-007	54586	125
0	14	2.31244e-007	54739	127
0	14	2.12306e-007	54895	128
0	15	3.34586e-007	54900	1
0	15	3.33389e-007	54905	3
0	15	1.7022e-006	54911	5
0	15	7.36349e-007	54917	7
0	15	3.40103e-007	54923	9
0	15	6.26127e-007	54933	11
0	15	4.59771e-007	54941	13
0	15	3.96791e-007	54949	15
0	15	1.28252e-006	54958	17
0	15	7.21525e-007	54967	19
0	15	4.373e-007	54978	21
0	15	3.26284e-007	54988	23
0	15	6.62694e-007	54998	25
0	15	3.49893e-007	55008	27
0	15	5.4912e-007	55022	29
0	15	3.26951e-007	55049	31
0	15	3.17855e-007	55069	33
0	15	3.14194e-007	55093	35
0	15	3.21346e-007	55118	37
0	15	3.00278e-007	55145	39
0	15	3.29262e-007	55165	41
0	15	2.99649e-007	55184	43
0	15	3.26865e-007	55207	45
0	15	4.4832e-007	55232	47
0	15	2.36091e-007	55257	49
0	15	2.75012e-007	55281	51
0	15	3.12859e-007	55312	53
0	15	2.30933e-007	55340	55
0	15	2.74846e-007	55378	57
0	15	2.66819e-007	55413	59
0	15	3.5822e-007	55449	61
0	15	2.37192e-007	55491	63
0	15	2.8264e-007	55533	65
0	15	4.28308e-007	55579	67
0	15	3.49181e-007	55621	69
0	15	2.19255e-007	55669	71
0	15	2.68739e-007	55716	73
0	15	2.67635e-007	55767	75
0	15	2.27916e-007	55820	77
0	15	2.35448e-007	55873	79
0	15	2.10148e-007	55932	81
0	15	2.53694e-007	56008	83
0	15	2.72458e-007	56078	85
0	15	2.20441e-007	56155	87
0	15	2.27872e-007	56225	89
0	15	2.29843e-007	56305	91
0	15	2.17695e-007	56377	93
0	15	2.16675e-007	56459	95
0	15	1.9092e-007	56538	97
0	15	4.42579e-007	56628	99
0	15	2.16162e-007	56713	101
0	15	1.99115e-007	56799	103
0	15	1.83629e-007	56893	105
0	15	2.35174e-007	56998	107
0	15	2.48115e-007	57098	109
0	15	2.05504e-007	57224	111
0	15	1.82638e-007	57342	113
0	15	2.15366e-007	57451	115
0	15	1.9088e-007	57569	117
0	15	2.17337e-007	57693	119
0	15	1.9506e-007	57820	121
0	15	1.90875e-007	57948	123
0	15	1.63716e-007	58086	125
0	15	1.55107e-007	58226	127
0	15	2.00631e-007	58361	128
0	16	3.28691e-007	58366	1
0	16	8.34293e-007	58370	3
0	16	7.49719e-007	58375	5
0	16	6.05214e-007	58381	7
0	16	3.52316e-007	58387	9
0	16	3.2789e-007	58395	11
0	16	5.37323e-007	58402	13
0	16	4.10873e-007	58410	15
0	16	3.41959e-007	58418	17
0	16	4.26711e-007	58427	19
0	16	5.5092e-007	58436	21
0	16	4.84699e-007	58447	23
0	16	3.5858e-007	58457	25
0	16	4.20266e-007	58470	27
0	16	3.02027e-007	58482	29
0	16	3.35406e-007	58496	31
0	16	2.71565e-007	58509	33
0	16	3.96774e-007	58525	35
0	16	2.58497e-007	58542	37
0	16	2.98467e-007	58557	39
0	16	2.85654e-007	58574	41
0	16	2.9287e-007	58591	43
0	16	4.12756e-007	58611	45
0	16	2.83258e-007	58634	47
0	16	2.78649e-007	58655	49
0	16	2.55799e-007	58680	51
0	16	3.06039e-007	58705	53
0	16	2.71745e-007	58731	55
0	16	5.52817e-007	58768	57
0	16	6.11901e-007	58799	59
0	16	3.28807e-007	58831	61
0	16	3.22671e-007	58865	63
0	16	3.66348e-007	58901	65
0	16	2.33318e-007	58945	67
0	16	2.64281e-007	58982	69
0	16	2.66158e-007	59023	71
0	16	2.88919e-007	59065	73
0	16	2.0803e-007	59109	75
0	16	3.37405e-007	59158	77
0	16	3.33082e-007	59212	79
0	16	2.07618e-007	59267	81
0	16	2.2072e-007	59328	83
0	16	2.5798e-007	59387	85
0	16	1.93386e-007	59446	87
0	16	1.79101e-007	59508	89
0	16	2.12599e-007	59573	91
0	16	2.34173e-007	59641	93
0	16	3.02814e-007	59711	95
0	16	1.69297e-007	59789	97
0	16	1.98303e-007	59870	99
0	16	3.3047e-007	59947	101
0	16	1.65952e-007	60030	103
0	16	1.61958e-007	60121	105
0	16	2.79193e-007	60217	107
0	16	1.59042e-007	60318	109
0	16	1.94809e-007	60424	111
0	16	1.70813e-007	60532	113
0	16	1.56606e-007	60644	115
0	16	1.94306e-007	60760	117
0	16	1.64995e-007	60884	119
0	16	1.53243e-007	61029	121
0	16	1.77218e-007	61155	123
0	16	1.32398e-007	61322	125
0	16	1.72621e-007	61498	127
0	16	1.67644e-007	61648	128
0	17	2.95908e-007	61653	1
0	17	1.97039e-006	61658	3
0	17	1.00523e-006	61663	5
0	17	3.35022e-007	61668	7
0	17	3.32401e-007	61675	9
0	17	3.11878e-007	61681	11
0	17	3.15379e-007	61688	13
0	17	4.75204e-007	61695	15
0	17	3.89907e-007	61703	17
0	17	5.26126e-007	61712	19
0	17	3.26891e-007	61720	21
0	17	4.00453e-007	61730	23
0	17	3.78146e-007	61739	25
0	17	4.06532e-007	61750	27
0	17	3.84972e-007	61763	29
0	17	3.56309e-007	61776	31
0	17	2.60116e-007	61789	33
0	17	3.5516e-007	61803	35
0	17	2.55489e-007	61819	37
0	17	2.65669e-007	61837	39
0	17	3.39031e-007	61856	41
0	17	2.68281e-007	61874	43
0	17	2.97349e-007	61894	45
0	17	3.7076e-007	61916	47
0	17	2.58989e-007	61941	49
0	17	3.12286e-007	61967	51
0	17	3.19773e-007	61994	53
0	17	2.72718e-007	62019	55
0	17	3.19169e-007	62045	57
0	17	2.525e-007	62075	59
0	17	2.33963e-007	62109	61
0	17	2.62134e-007	62143	63
0	17	4.17803e-007	62179	65
0	17	2.23083e-007	62219	67
0	17	1.9636e-007	62260	69
0	17	3.85353e-007	62303	71
0	17	2.34661e-007	62350	73
0	17	2.34523e-007	62396	75
0	17	2.04539e-007	62443	77
0	17	1.82678e-007	62493	79
0	17	3.32657e-007	62549	81
0	17	1.77789e-007	62604	83
0	17	2.48591e-007	62659	85
0	17	1.61862e-007	62719	87
0	17	1.71382e-007	62781	89
0	17	2.74579e-007	62847	91
0	17	1.61431e-007	62915	93
0	17	1.76522e-007	62989	95
0	17	1.90658e-007	63075	97
0	17	1.7744e-007	63153	99
0	17	1.72514e-007	63238	101
0	17	1.51857e-007	63322	103
0	17	1.48458e-007	63414	105
0	17	3.01975e-007	63506	107
0	17	1.59693e-007	63611	109
0	17	1.55982e-007	63713	111
0	17	1.50003e-007	63820	113
0	17	1.79384e-007	63933	115
0	17	1.3485e-007	64049	117
0	17	1.41178e-007	64171	119
0	17	1.36392e-007	64296	121
0	17	2.03609e-007	64428	123
0	17	1.78255e-007	64565	125
0	17	1.79201e-007	64710	127
0	17	1.71505e-007	64845	128
0	18	2.61456e-007	64850	1
0	18	2.49067e-007	64855	3
0	18	4.65754e-007	64860	5
0	18	3.61232e-007	64866	7
0	18	4.03577e-007	64872	9
0	18	4.21723e-007	64878	11
0	18	4.79954e-007	64885	13
0	18	2.94452e-007	64892	15
0	18	3.16506e-007	64900	17
0	18	2.97818e-007	64909	19
0	18	6.14558e-007	64918	21
0	18	2.62061e-007	64928	23
0	18	3.0985e-007	64938	25
0	18	4.12331e-007	64949	27
0	18	2.77183e-007	64960	29
0	18	3.10016e-007	64972	31
0	18	3.65417e-007	64987	33
0	18	3.64805e-007	65002	35
0	18	2.43272e-007	65018	37
0	18	2.14946e-007	65034	39
0	18	2.13388e-007	65052	41
0	18	2.59462e-007	65070	43
0	18	2.11719e-007	65089	45
0	18	1.95422e-007	65108	47
0	18	3.29667e-007	65131	49
0	18	2.4491e-007	65157	51
0	18	2.20885e-007	65186	53
0	18	3.28351e-007	65223	55
0	18	2.61445e-007	65253	57
0	18	2.11397e-007	65286	59
0	18	2.67384e-007	65317	61
0	18	2.23086e-007	65352	63
0	18	3.16503e-007	65390	65
0	18	3.3154e-007	65429	67
0	18	3.12371e-007	65467	69
0	18	2.59768e-007	65508	71
0	18	3.8869e-007	65552	73
0	18	2.54239e-007	65599	75
0	18	2.14733e-007	65650	77
0	18	2.20651e-007	65702	79
0	18	2.05831e-007	65761	81
0	18	1.96249e-007	65814	83
0	18	1.74172e-007	65873	85
0	18	1.7066e-007	65935	87
0	18	2.48626e-007	65997	89
0	18	1.73913e-007	66061	91
0	18	2.22506e-007	66129	93
0	18	1.6145e-007	66202	95
0	18	1.6584e-007	66284	97
0	18	1.5476e-007	66364	99
0	18	1.41103e-007	66445	101
0	18	1.53079e-007	66528	103
0	18	1.91261e-007	66617	105
0	18	1.39986e-007	66712	107
0	18	3.15957e-007	66819	109
0	18	1.38416e-007	66922	111
0	18	1.29749e-007	67033	113
0	18	1.68785e-007	67144	115
0	18	1.33811e-007	67265	117
0	18	1.24475e-007	67389	119
0	18	1.75544e-007	67515	121
0	18	1.85899e-007	67655	123
0	18	1.69181e-007	67818	125
0	18	1.46124e-007	67957	127
0	18	1.40057e-007	68102	128
0	19	2.31481e-007	68108	1
0	19	2.70137e-007	68112	3
0	19	7.00818e-007	68118	5
0	19	5.38695e-007	68123	7
0	19	3.74868e-007	68129	9
0	19	2.77728e-007	68135	11
0	19	2.50751e-007	68141	13
0	19	4.99713e-007	68148	15
0	19	3.23177e-007	68156	17
0	19	2.9259e-007	68164	19
0	19	3.11035e-007	68173	21
0	19	2.9996e-007	68183	23
0	19	5.66027e-007	68194	25
0	19	2.74277e-007	68205	27
0	19	6.33892e-007	68217	29
0	19	3.0336e-007	68229	31
0	19	2.41235e-007	68242	33
0	19	2.621e-007	68257	35
0	19	2.39659e-007	68271	37
0	19	2.50687e-007	68287	39
0	19	2.38834e-007	68306	41
0	19	2.42382e-007	68325	43
0	19	2.368e-007	68347	45
0	19	2.2134e-007	68370	47
0	19	2.49398e-007	68393	49
0	19	1.96358e-007	68423	51
0	19	2.56789e-007	68448	53
0	19	2.40576e-007	68475	55
0	19	1.93251e-007	68506	57
0	19	1.88713e-007	68538	59
0	19	2.35407e-007	68570	61
0	19	1.85546e-007	68604	63
0	19	3.96397e-007	68639	65
0	19	2.72336e-007	68678	67
0	19	1.79953e-007	68715	69
0	19	2.56845e-007	68758	71
0	19	1.77893e-007	68804	73
0	19	1.6973e-007	68852	75
0	19	2.1154e-007	68900	77
0	19	2.47758e-007	68960	79
0	19	3.18132e-007	69018	81
0	19	1.61575e-007	69078	83
0	19	1.72281e-007	69136	85
0	19	1.74576e-007	69197	87
0	19	2.2444e-007	69262	89
0	19	1.8347e-007	69328	91
0	19	1.54384e-007	69399	93
0	19	1.53412e-007	69472	95
0	19	1.44987e-007	69555	97
0	19	1.36946e-007	69633	99
0	19	1.38919e-007	69715	101
0	19	1.50027e-007	69798	103
0	19	1.81083e-007	69886	105
0	19	1.38581e-007	69981	107
0	19	1.28983e-007	70090	109
0	19	1.27398e-007	70187	111
0	19	1.72974e-007	70291	113
0	19	1.65235e-007	70398	115
0	19	1.81522e-007	70513	117
0	19	1.22678e-007	70640	119
0	19	1.36744e-007	70766	121
0	19	1.117e-007	70895	123
0	19	1.42303e-007	71028	125
0	19	1.82527e-007	71174	127
0	19	1.59597e-007	71309	128
0	20	2.42691e-007	71314	1
0	20	3.9709e-007	71318	3
0	20	3.71537e-007	71324	5
0	20	2.77819e-007	71329	7
0	20	2.1846e-007	71335	9
0	20	2.25625e-007	71342	11
0	20	3.81576e-007	71349	13
0	20	2.47538e-007	71355	15
0	20	2.69242e-007	71364	17
0	20	7.26431e-007	71372	19
0	20	1.99584e-007	71382	21
0	20	3.67208e-007	71391	23
0	20	3.19615e-007	71401	25
0	20	3.40482e-007	71412	27
0	20	2.08453e-007	71424	29
0	20	3.53761e-007	71440	31
0	20	1.88515e-007	71455	33
0	20	2.46203e-007	71471	35
0	20	2.53458e-007	71487	37
0	20	2.14295e-007	71504	39
0	20	1.76562e-007	71521	41
0	20	2.14946e-007	71539	43
0	20	2.63339e-007	71558	45
0	20	2.13998e-007	71579	47
0	20	1.69664e-007	71601	49
0	20	2.48393e-007	71631	51
0	20	5.01414e-007	71657	53
0	20	2.09353e-007	71684	55
0	20	1.72021e-007	71713	57
0	20	1.88006e-007	71743	59
0	20	1.73434e-007	71773	61
0	20	1.90645e-007	71806	63
0	20	2.51049e-007	71843	65
0	20	1.86768e-007	71882	67
0	20	1.61412e-007	71921	69
0	20	1.9216e-007	71962	71
0	20	1.53457e-007	72002	73
0	20	1.54873e-007	72046	75
0	20	1.35447e-007	72095	77
0	20	1.84595e-007	72149	79
0	20	1.9843e-007	72209	81
0	20	1.53546e-007	72266	83
0	20	1.65019e-007	72325	85
0	20	1.96542e-007	72390	87
0	20	1.37155e-007	72455	89
0	20	1.59739e-007	72520	91
0	20	1.63621e-007	72590	93
0	20	1.33169e-007	72662	95
0	20	1.23577e-007	72745	97
0	20	1.96679e-007	72828	99
0	20	1.28013e-007	72908	101
0	20	5.48396e-007	72992	103
0	20	1.45641e-007	73076	105
0	20	1.30836e-007	73168	107
0	20	2.09377e-007	73271	109
0	20	1.17324e-007	73368	111
0	20	1.14445e-007	73472	113
0	20	1.20453e-007	73578	115
0	20	1.23854e-007	73691	117
0	20	2.35107e-007	73817	119
0	20	1.07974e-007	73940	121
0	20	1.26573e-007	74070	123
0	20	1.04883e-007	74202	125
0	20	1.47182e-007	74345	127
0	20	1.04734e-007	74479	128
0	21	1.93862e-007	74484	1
0	21	1.03073e-006	74489	3
0	21	3.72481e-007	74494	5
0	21	2.48009e-007	74499	7
0	21	3.31601e-007	74505	9
0	21	2.54246e-007	74512	11
0	21	2.86236e-007	74519	13
0	21	2.60571e-007	74526	15
0	21	4.56611e-007	74533	17
0	21	1.9238e-007	74542	19
0	21	3.13691e-007	74551	21
0	21	2.58505e-007	74561	23
0	21	2.56262e-007	74571	25
0	21	2.15134e-007	74582	27
0	21	1.75638e-007	74594	29
0	21	2.20308e-007	74607	31
0	21	2.64179e-007	74622	33
0	21	2.10835e-007	74637	35
0	21	2.44962e-007	74653	37
0	21	1.76503e-007	74670	39
0	21	2.12741e-007	74688	41
0	21	1.68669e-007	74708	43
0	21	2.80219e-007	74728	45
0	21	2.20946e-007	74748	47
0	21	1.50439e-007	74769	49
0	21	2.34575e-007	74795	51
0	21	1.91445e-007	74822	53
0	21	2.06838e-007	74858	55
0	21	1.8279e-007	74889	57
0	21	1.48892e-007	74919	59
0	21	2.75326e-007	74952	61
0	21	2.09432e-007	74989	63
0	21	1.64386e-007	75027	65
0	21	1.56374e-007	75067	67
0	21	1.21453e-007	75109	69
0	21	4.10205e-007	75152	71
0	21	2.26548e-007	75195	73
0	21	1.67574e-007	75241	75
0	21	1.66191e-007	75292	77
0	21	1.26711e-007	75347	79
0	21	1.31079e-007	75408	81
0	21	1.21852e-007	75469	83
0	21	1.33005e-007	75554	85
0	21	1.29288e-007	75652	87
0	21	1.19266e-007	75758	89
0	21	1.60012e-007	75841	91
0	21	1.44904e-007	75915	93
0	21	1.16656e-007	75985	95
0	21	1.83844e-007	76060	97
0	21	1.58156e-007	76142	99
0	21	1.06083e-007	76221	101
0	21	1.04496e-007	76303	103
0	21	1.23039e-007	76410	105
0	21	1.14343e-007	76514	107
0	21	9.73495e-008	76617	109
0	21	1.57448e-007	76724	111
0	21	1.22359e-007	76838	113
0	21	1.12293e-007	76956	115
0	21	9.69464e-008	77081	117
0	21	1.34707e-007	77211	119
0	21	2.35457e-007	77346	121
0	21	1.09431e-007	77481	123
0	21	1.59275e-007	77634	125
0	21	1.08964e-007	77787	127
0	21	1.52657e-007	77935	128
0	22	2.24419e-007	77941	1
0	22	3.64176e-007	77946	3
0	22	3.58013e-007	77951	5
0	22	2.98658e-007	77956	7
0	22	2.58054e-007	77962	9
0	22	4.09126e-007	77968	11
0	22	2.80292e-007	77975	13
0	22	2.62323e-007	77983	15
0	22	2.35001e-007	77992	17
0	22	2.5213e-007	78001	19
0	22	2.05148e-007	78012	21
0	22	1.73879e-007	78022	23
0	22	4.56405e-007	78035	25
0	22	2.19532e-007	78048	27
0	22	2.21386e-007	78061	29
0	22	2.77599e-007	78074	31
0	22	2.18321e-007	78089	33
0	22	2.57099e-007	78104	35
0	22	2.86076e-007	78119	37
0	22	1.88104e-007	78137	39
0	22	1.87613e-007	78155	41
0	22	2.29187e-007	78175	43
0	22	1.57093e-007	78199	45
0	22	2.12971e-007	78221	47
0	22	1.67936e-007	78251	49
0	22	1.69313e-007	78276	51
0	22	1.48372e-007	78302	53
0	22	2.17814e-007	78331	55
0	22	1.84313e-007	78362	57
0	22	1.81622e-007	78393	59
0	22	1.66702e-007	78426	61
0	22	3.55513e-007	78460	63
0	22	2.26059e-007	78496	65
0	22	2.13411e-007	78535	67
0	22	1.96812e-007	78581	69
0	22	1.74942e-007	78630	71
0	22	1.2491e-007	78673	73
0	22	1.54328e-007	78717	75
0	22	1.23947e-007	78765	77
0	22	1.37732e-007	78817	79
0	22	1.16681e-007	78872	81
0	22	2.17799e-007	78935	83
0	22	2.45311e-007	79000	85
0	22	1.31249e-007	79069	87
0	22	1.67845e-007	79143	89
0	22	1.115e-007	79215	91
0	22	1.12583e-007	79283	93
0	22	1.0793e-007	79355	95
0	22	1.34476e-007	79438	97
0	22	1.34795e-007	79522	99
0	22	1.02892e-007	79607	101
0	22	1.1248e-007	79703	103
0	22	1.30629e-007	79796	105
0	22	1.08648e-007	79892	107
0	22	1.15937e-007	80009	109
0	22	1.65805e-007	80115	111
0	22	1.79546e-007	80234	113
0	22	1.10696e-007	80352	115
0	22	9.91735e-008	80470	117
0	22	1.02213e-007	80590	119
0	22	9.7313e-008	80713	121
0	22	1.36652e-007	80854	123
0	22	9.49881e-008	80992	125
0	22	9.04444e-008	81136	127
0	22	9.01757e-008	81275	128
0	23	1.66236e-007	81280	1
0	23	2.44824e-007	81284	3
0	23	4.26719e-007	81289	5
0	23	2.9998e-007	81296	7
0	23	2.24304e-007	81301	9
0	23	2.54774e-007	81307	11
0	23	1.83011e-007	81314	13
0	23	3.2961e-007	81320	15
0	23	2.47892e-007	81328	17
0	23	2.05054e-007	81336	19
0	23	1.85337e-007	81346	21
0	23	2.22234e-007	81356	23
0	23	2.30926e-007	81367	25
0	23	2.31652e-007	81379	27
0	23	2.17057e-007	81393	29
0	23	2.05082e-007	81406	31
0	23	1.9476e-007	81419	33
0	23	1.46573e-007	81433	35
0	23	2.1704e-007	81449	37
0	23	1.76693e-007	81464	39
0	23	1.43773e-007	81482	41
0	23	1.50627e-007	81499	43
0	23	1.3229e-007	81519	45
0	23	1.43591e-007	81541	47
0	23	2.61003e-007	81565	49
0	23	1.53685e-007	81592	51
0	23	2.77923e-007	81619	53
0	23	1.5131e-007	81647	55
0	23	1.2543e-007	81680	57
0	23	2.95709e-007	81714	59
0	23	1.38698e-007	81747	61
0	23	1.23678e-007	81783	63
0	23	1.84291e-007	81825	65
0	23	1.23165e-007	81863	67
0	23	2.09736e-007	81901	69
0	23	1.43615e-007	81944	71
0	23	1.51301e-007	81987	73
0	23	1.24748e-007	82032	75
0	23	1.64978e-007	82081	77
0	23	1.10993e-007	82136	79
0	23	1.1724e-007	82190	81
0	23	2.14312e-007	82250	83
0	23	1.04116e-007	82312	85
0	23	1.42722e-007	82380	87
0	23	1.26652e-007	82444	89
0	23	1.19284e-007	82512	91
0	23	1.22405e-007	82577	93
0	23	9.86469e-008	82647	95
0	23	1.29702e-007	82724	97
0	23	9.87728e-008	82802	99
0	23	9.27193e-008	82894	101
0	23	1.32321e-007	82982	103
0	23	9.17318e-008	83079	105
0	23	1.43362e-007	83176	107
0	23	1.08868e-007	83284	109
0	23	9.13705e-008	83392	111
0	23	1.87047e-007	83507	113
0	23	1.13159e-007	83622	115
0	23	2.10316e-007	83734	117
0	23	1.72559e-007	83850	119
0	23	8.54328e-008	83974	121
0	23	1.79184e-007	84104	123
0	23	8.64316e-008	84234	125
0	23	9.74023e-008	84372	127
0	23	9.56265e-008	84519	128
0	24	1.81701e-007	84524	1
0	24	5.96497e-007	84530	3
0	24	2.54272e-007	84535	5
0	24	3.24796e-007	84540	7
0	24	3.6792e-007	84546	9
0	24	3.29689e-007	84552	11
0	24	3.62772e-007	84558	13
0	24	1.89531e-007	84566	15
0	24	2.08716e-007	84574	17
0	24	1.83442e-007	84582	19
0	24	2.18051e-007	84591	21
0	24	1.75804e-007	84600	23
0	24	1.64384e-007	84610	25
0	24	1.71442e-007	84622	27
0	24	2.02257e-007	84633	29
0	24	2.30529e-007	84645	31
0	24	1.63924e-007	84659	33
0	24	2.66314e-007	84672	35
0	24	2.35292e-007	84686	37
0	24	1.46478e-007	84703	39
0	24	2.1273e-007	84721	41
0	24	2.04777e-007	84742	43
0	24	1.97959e-007	84764	45
0	24	3.03653e-007	84786	47
0	24	3.12573e-007	84809	49
0	24	1.76157e-007	84833	51
0	24	1.58105e-007	84860	53
0	24	2.35583e-007	84888	55
0	24	1.22464e-007	84917	57
0	24	2.39633e-007	84947	59
0	24	1.21141e-007	84980	61
0	24	1.73961e-007	85013	63
0	24	1.80278e-007	85053	65
0	24	1.38064e-007	85091	67
0	24	1.10347e-007	85132	69
0	24	1.2738e-007	85175	71
0	24	1.53238e-007	85219	73
0	24	1.06519e-007	85265	75
0	24	1.01705e-007	85314	77
0	24	1.60908e-007	85367	79
0	24	9.52788e-008	85423	81
0	24	1.25498e-007	85477	83
0	24	9.93761e-008	85536	85
0	24	1.0885e-007	85608	87
0	24	9.37856e-008	85677	89
0	24	9.57273e-008	85750	91
0	24	1.3797e-007	85822	93
0	24	1.21596e-007	85894	95
0	24	9.14224e-008	85972	97
0	24	1.83758e-007	86050	99
0	24	9.6298e-008	86142	101
0	24	1.07427e-007	86228	103
0	24	1.06109e-007	86323	105
0	24	1.02664e-007	86416	107
0	24	1.0092e-007	86519	109
0	24	8.68554e-008	86624	111
0	24	1.51718e-007	86733	113
0	24	2.07219e-007	86841	115
0	24	1.17429e-007	86957	117
0	24	9.18495e-008	87079	119
0	24	1.12956e-007	87213	121
0	24	9.24937e-008	87342	123
0	24	1.10395e-007	87477	125
0	24	8.76132e-008	87623	127
0	24	1.05172e-007	87769	128
0	25	1.78191e-007	87774	1
0	25	1.00425e-006	87779	3
0	25	4.63385e-007	87783	5
0	25	3.87564e-007	87789	7
0	25	1.90229e-007	87794	9
0	25	2.24032e-007	87801	11
0	25	1.71419e-007	87807	13
0	25	1.75246e-007	87815	15
0	25	2.63019e-007	87823	17
0	25	1.70237e-007	87831	19
0	25	2.32893e-007	87840	21
0	25	1.49133e-007	87850	23
0	25	1.8556e-007	87860	25
0	25	1.85731e-007	87872	27
0	25	1.37447e-007	87884	29
0	25	2.40267e-007	87899	31
0	25	1.37435e-007	87914	33
0	25	1.37733e-007	87929	35
0	25	1.9129e-007	87952	37
0	25	1.58164e-007	87970	39
0	25	1.37812e-007	87988	41
0	25	1.4159e-007	88009	43
0	25	1.50722e-007	88031	45
0	25	2.93097e-007	88052	47
0	25	1.86462e-007	88076	49
0	25	1.35631e-007	88103	51
0	25	1.23209e-007	88130	53
0	25	1.99909e-007	88155	55
0	25	1.44414e-007	88185	57
0	25	1.53245e-007	88216	59
0	25	1.64054e-007	88247	61
0	25	1.1129e-007	88285	63
0	25	1.7502e-007	88321	65
0	25	1.19258e-007	88360	67
0	25	1.33105e-007	88399	69
0	25	1.04991e-007	88441	71
0	25	1.47299e-007	88486	73
0	25	1.80865e-007	88532	75
0	25	1.56313e-007	88581	77
0	25	1.33582e-007	88634	79
0	25	1.03753e-007	88689	81
0	25	1.26689e-007	88747	83
0	25	1.10185e-007	88811	85
0	25	1.3955e-007	88875	87
0	25	1.03604e-007	88938	89
0	25	1.24251e-007	89003	91
0	25	1.06109e-007	89071	93
0	25	9.06721e-008	89146	95
0	25	9.97029e-008	89221	97
0	25	9.85288e-008	89298	99
0	25	8.41616e-008	89387	101
0	25	8.22242e-008	89471	103
0	25	1.57793e-007	89565	105
0	25	8.17853e-008	89660	107
0	25	1.07804e-007	89761	109
0	25	8.43652e-008	89871	111
0	25	8.17116e-008	89976	113
0	25	1.15366e-007	90085	115
0	25	7.6764e-008	90198	117
0	25	9.37096e-008	90321	119
0	25	9.02566e-008	90450	121
0	25	8.60235e-008	90581	123
0	25	7.52898e-008	90713	125
0	25	9.23744e-008	90853	127
0	25	7.699e-008	90997	128
0	26	1.41921e-007	91002	1
0	26	3.25458e-007	91006	3
0	26	1.6133e-007	91012	5
0	26	2.59673e-007	91017	7
0	26	4.27151e-007	91022	9
0	26	1.74212e-007	91029	11
0	26	1.83631e-007	91036	13
0	26	2.88409e-007	91042	15
0	26	2.8323e-007	91050	17
0	26	1.62598e-007	91058	19
0	26	2.48409e-007	91067	21
0	26	1.54278e-007	91076	23
0	26	1.49476e-007	91087	25
0	26	4.87817e-007	91098	27
0	26	3.36764e-007	91110	29
0	26	1.34645e-007	91123	31
0	26	1.22547e-007	91138	33
0	26	1.42328e-007	91152	35
0	26	1.41377e-007	91168	37
0	26	1.38509e-007	91184	39
0	26	1.22767e-007	91200	41
0	26	1.31126e-007	91220	43
0	26	1.12164e-007	91241	45
0	26	1.36645e-007	91262	47
0	26	1.77718e-007	91283	49
0	26	1.50969e-007	91306	51
0	26	1.97849e-007	91331	53
0	26	1.34092e-007	91358	55
0	26	1.57704e-007	91386	57
0	26	1.22302e-007	91415	59
0	26	1.30614e-007	91446	61
0	26	1.90347e-007	91486	63
0	26	2.05705e-007	91522	65
0	26	1.32624e-007	91561	67
0	26	1.73212e-007	91602	69
0	26	1.13677e-007	91647	71
0	26	1.08292e-007	91692	73
0	26	1.05789e-007	91738	75
0	26	1.01279e-007	91788	77
0	26	9.4261e-008	91839	79
0	26	9.01689e-008	91895	81
0	26	1.51875e-007	91950	83
0	26	9.67732e-008	92013	85
0	26	8.71295e-008	92072	87
0	26	9.55903e-008	92136	89
0	26	1.02397e-007	92202	91
0	26	1.98415e-007	92270	93
0	26	1.12589e-007	92342	95
0	26	8.6681e-008	92417	97
0	26	1.22084e-007	92501	99
0	26	1.06077e-007	92592	101
0	26	9.07642e-008	92678	103
0	26	7.70897e-008	92769	105
0	26	9.69592e-008	92860	107
0	26	9.44621e-008	92958	109
0	26	1.20611e-007	93072	111
0	26	8.9489e-008	93181	113
0	26	7.96072e-008	93297	115
0	26	1.45575e-007	93418	117
0	26	7.49559e-008	93541	119
0	26	7.58009e-008	93672	121
0	26	7.10596e-008	93801	123
0	26	1.14013e-007	93933	125
0	26	8.90466e-008	94073	127
0	26	7.70816e-008	94218	128
0	27	1.23336e-007	94223	1
0	27	2.12902e-007	94228	3
0	27	1.73111e-007	94233	5
0	27	1.16246e-007	94239	7
0	27	1.77201e-007	94245	9
0	27	3.40354e-007	94251	11
0	27	2.10725e-007	94258	13
0	27	1.67809e-007	94265	15
0	27	1.56275e-007	94274	17
0	27	1.40611e-007	94283	19
0	27	1.37516e-007	94291	21
0	27	1.72663e-007	94301	23
0	27	1.42595e-007	94311	25
0	27	1.27008e-007	94321	27
0	27	1.21196e-007	94333	29
0	27	2.04896e-007	94346	31
0	27	1.35851e-007	94358	33
0	27	1.5505e-007	94372	35
0	27	1.42428e-007	94388	37
0	27	1.31118e-007	94405	39
0	27	1.34931e-007	94424	41
0	27	1.18641e-007	94445	43
0	27	1.50085e-007	94465	45
0	27	1.12763e-007	94487	47
0	27	1.25726e-007	94509	49
0	27	1.4744e-007	94533	51
0	27	1.31014e-007	94558	53
0	27	1.17437e-007	94582	55
0	27	1.52205e-007	94611	57
0	27	1.18843e-007	94642	59
0	27	1.02032e-007	94675	61
0	27	1.36132e-007	94716	63
0	27	1.14083e-007	94752	65
0	27	1.20948e-007	94790	67
0	27	1.12449e-007	94830	69
0	27	1.21172e-007	94870	71
0	27	1.451e-007	94914	73
0	27	1.18614e-007	94960	75
0	27	1.66745e-007	95009	77
0	27	1.53794e-007	95059	79
0	27	1.45269e-007	95111	81
0	27	8.58729e-008	95167	83
0	27	1.21288e-007	95228	85
0	27	1.91625e-007	95293	87
0	27	1.01322e-007	95357	89
0	27	9.14923e-008	95432	91
0	27	8.57282e-008	95503	93
0	27	7.46995e-008	95578	95
0	27	9.59456e-008	95660	97
0	27	1.129e-007	95743	99
0	27	9.57329e-008	95835	101
0	27	7.42419e-008	95928	103
0	27	1.22022e-007	96025	105
0	27	6.92735e-008	96125	107
0	27	1.15151e-007	96224	109
0	27	1.05465e-007	96331	111
0	27	9.29418e-008	96435	113
0	27	9.16216e-008	96543	115
0	27	1.45405e-007	96656	117
0	27	1.22184e-007	96778	119
0	27	6.78965e-008	96911	121
0	27	8.08171e-008	97042	123
0	27	6.6324e-008	97175	125
0	27	6.89116e-008	97313	127
0	27	6.61438e-008	97453	128
0	28	1.1471e-007	97458	1
0	28	1.54749e-007	97462	3
0	28	4.281e-007	97474	5
0	28	2.90207e-007	97480	7
0	28	1.61779e-007	97487	9
0	28	1.50022e-007	97493	11
0	28	1.67833e-007	97500	13
0	28	2.4501e-007	97507	15
0	28	1.72528e-007	97515	17
0	28	2.1855e-007	97524	19
0	28	1.66495e-007	97533	21
0	28	1.45464e-007	97543	23
0	28	1.3048e-007	97553	25
0	28	1.8808e-007	97564	27
0	28	2.02736e-007	97574	29
0	28	1.46722e-007	97586	31
0	28	1.55332e-007	97599	33
0	28	1.0887e-007	97615	35
0	28	1.70512e-007	97632	37
0	28	1.75366e-007	97651	39
0	28	1.42983e-007	97669	41
0	28	1.58947e-007	97689	43
0	28	1.4472e-007	97710	45
0	28	1.37833e-007	97733	47
0	28	1.07255e-007	97757	49
0	28	1.10053e-007	97783	51
0	28	1.666e-007	97809	53
0	28	2.18299e-007	97837	55
0	28	2.67988e-007	97866	57
0	28	1.52616e-007	97895	59
0	28	1.36294e-007	97934	61
0	28	1.18281e-007	97969	63
0	28	1.26691e-007	98006	65
0	28	1.15087e-007	98045	67
0	28	1.30494e-007	98086	69
0	28	2.1096e-007	98129	71
0	28	1.11349e-007	98170	73
0	28	9.27166e-008	98216	75
0	28	9.17597e-008	98264	77
0	28	3.0498e-007	98313	79
0	28	1.69309e-007	98364	81
0	28	1.00699e-007	98421	83
0	28	1.08314e-007	98484	85
0	28	9.62048e-008	98544	87
0	28	1.16158e-007	98609	89
0	28	8.70991e-008	98673	91
0	28	1.01534e-007	98740	93
0	28	1.10152e-007	98817	95
0	28	8.40116e-008	98901	97
0	28	1.30161e-007	98981	99
0	28	8.88323e-008	99068	101
0	28	7.68896e-008	99161	103
0	28	8.86546e-008	99256	105
0	28	8.49573e-008	99357	107
0	28	7.18136e-008	99454	109
0	28	9.66081e-008	99561	111
0	28	7.57105e-008	99666	113
0	28	7.92281e-008	99783	115
0	28	6.88533e-008	99903	117
0	28	9.48766e-008	100032	119
0	28	6.70237e-008	100163	121
0	28	6.46617e-008	100299	123
0	28	6.43252e-008	100444	125
0	28	6.13919e-008	100689	127
0	28	6.1371e-008	100857	128
0	29	1.20834e-007	100862	1
0	29	4.31223e-007	100867	3
0	29	3.30792e-007	100872	5
0	29	1.34655e-007	100878	7
0	29	1.54059e-007	100884	9
0	29	1.78313e-007	100890	11
0	29	1.32962e-007	100898	13
0	29	1.26014e-007	100904	15
0	29	2.28955e-007	100913	17
0	29	1.75316e-007	100922	19
0	29	1.34993e-007	100932	21
0	29	4.01954e-007	100943	23
0	29	1.45282e-007	100953	25
0	29	1.68716e-007	100965	27
0	29	1.18269e-007	100976	29
0	29	1.63217e-007	100989	31
0	29	1.14404e-007	101003	33
0	29	1.23843e-007	101018	35
0	29	1.34771e-007	101035	37
0	29	1.10437e-007	101053	39
0	29	1.38675e-007	101071	41
0	29	1.04497e-007	101091	43
0	29	1.2706e-007	101116	45
0	29	1.26437e-007	101140	47
0	29	2.8454e-007	101161	49
0	29	1.4717e-007	101183	51
0	29	1.09136e-007	101209	53
0	29	1.52736e-007	101253	55
0	29	1.66857e-007	101294	57
0	29	1.31333e-007	101350	59
0	29	1.52928e-007	101399	61
0	29	1.56544e-007	101455	63
0	29	1.02537e-007	101497	65
0	29	1.00093e-007	101536	67
0	29	7.94095e-008	101578	69
0	29	1.3413e-007	101622	71
0	29	1.13668e-007	101672	73
0	29	1.1708e-007	101724	75
0	29	1.01912e-007	101775	77
0	29	9.47061e-008	101826	79
0	29	9.38254e-008	101883	81
0	29	1.93976e-007	101945	83
0	29	1.30031e-007	102005	85
0	29	1.07153e-007	102064	87
0	29	7.75146e-008	102126	89
0	29	1.07651e-007	102195	91
0	29	7.44242e-008	102274	93
0	29	1.40394e-007	102354	95
0	29	7.40415e-008	102440	97
0	29	9.99354e-008	102523	99
0	29	8.07857e-008	102606	101
0	29	6.8572e-008	102693	103
0	29	6.59365e-008	102786	105
0	29	6.89496e-008	102879	107
0	29	6.45307e-008	102989	109
0	29	1.16166e-007	103092	111
0	29	7.73907e-008	103200	113
0	29	7.38256e-008	103314	115
0	29	9.54781e-008	103432	117
0	29	6.78705e-008	103559	119
0	29	6.02355e-008	103697	121
0	29	6.19962e-008	103838	123
0	29	5.95333e-008	103969	125
0	29	1.11926e-007	104112	127
0	29	7.38232e-008	104248	128
0	30	1.36495e-007	104255	1
0	30	8.41278e-007	104259	3
0	30	3.60703e-007	104265	5
0	30	1.61887e-007	104271	7
0	30	1.8611e-007	104276	9
0	30	3.53496e-007	104283	11
0	30	1.46268e-007	104290	13
0	30	1.65812e-007	104298	15
0	30	1.901e-007	104305	17
0	30	1.36702e-007	104314	19
0	30	1.26665e-007	104322	21
0	30	3.93635e-007	104333	23
0	30	1.55029e-007	104343	25
0	30	1.27087e-007	104358	27
0	30	1.28772e-007	104370	29
0	30	1.22859e-007	104382	31
0	30	2.0174e-007	104395	33
0	30	1.2208e-007	104408	35
0	30	1.139e-007	104424	37
0	30	1.242e-007	104440	39
0	30	1.1283e-007	104458	41
0	30	1.18341e-007	104476	43
0	30	1.06683e-007	104495	45
0	30	1.99432e-007	104518	47
0	30	1.36132e-007	104543	49
0	30	1.45016e-007	104570	51
0	30	1.38235e-007	104599	53
0	30	1.69411e-007	104631	55
0	30	1.3687e-007	104663	57
0	30	1.1112e-007	104696	59
0	30	1.07895e-007	104730	61
0	30	1.02813e-007	104766	63
0	30	1.08884e-007	104805	65
0	30	1.18299e-007	104844	67
0	30	1.00868e-007	104889	69
0	30	9.61744e-008	104931	71
0	30	2.168e-007	104972	73
0	30	1.32345e-007	105016	75
0	30	1.10359e-007	105063	77
0	30	1.45538e-007	105111	79
0	30	1.12995e-007	105169	81
0	30	9.6638e-008	105225	83
0	30	8.60583e-008	105285	85
0	30	8.11213e-008	105348	87
0	30	7.90476e-008	105416	89
0	30	1.06047e-007	105491	91
0	30	7.86846e-008	105565	93
0	30	8.88309e-008	105643	95
0	30	7.41376e-008	105723	97
0	30	6.50162e-008	105805	99
0	30	6.68713e-008	105895	101
0	30	6.58448e-008	105993	103
0	30	6.18258e-008	106089	105
0	30	1.21537e-007	106186	107
0	30	6.00136e-008	106287	109
0	30	5.78922e-008	106390	111
0	30	6.57869e-008	106506	113
0	30	6.05308e-008	106615	115
0	30	5.78712e-008	106732	117
0	30	1.31388e-007	106845	119
0	30	7.07764e-008	106966	121
0	30	7.43579e-008	107097	123
0	30	7.18219e-008	107231	125
0	30	6.23029e-008	107366	127
0	30	6.11016e-008	107500	128
0	31	1.16195e-007	107505	1
0	31	4.04544e-007	107511	3
0	31	1.74856e-007	107517	5
0	31	1.13594e-007	107523	7
0	31	1.99466e-007	107529	9
0	31	7.0778e-007	107535	11
0	31	2.07152e-007	107541	13
0	31	1.43021e-007	107549	15
0	31	2.392e-007	107556	17
0	31	1.23678e-007	107567	19
0	31	1.66268e-007	107575	21
0	31	1.23454e-007	107588	23
0	31	1.54581e-007	107600	25
0	31	1.21062e-007	107611	27
0	31	1.26831e-007	107625	29
0	31	9.85115e-008	107638	31
0	31	9.59815e-007	107651	33
0	31	2.7222e-007	107665	35
0	31	1.53051e-007	107680	37
0	31	1.82188e-007	107696	39
0	31	1.4276e-007	107713	41
0	31	1.32568e-007	107731	43
0	31	1.1114e-007	107752	45
0	31	1.18484e-007	107772	47
0	31	1.33556e-007	107795	49
0	31	1.23601e-007	107819	51
0	31	9.06604e-008	107846	53
0	31	1.65583e-007	107874	55
0	31	8.89758e-008	107904	57
0	31	1.23772e-007	107935	59
0	31	8.36442e-008	107967	61
0	31	1.34814e-007	108002	63
0	31	9.61227e-008	108040	65
0	31	1.24124e-007	108079	67
0	31	1.55258e-007	108124	69
0	31	9.03384e-008	108168	71
0	31	1.00792e-007	108214	73
0	31	9.46921e-008	108260	75
0	31	8.17997e-008	108308	77
0	31	8.141e-008	108363	79
0	31	1.09799e-007	108417	81
0	31	1.06564e-007	108475	83
0	31	7.96918e-008	108536	85
0	31	9.74839e-008	108596	87
0	31	7.2818e-008	108667	89
0	31	9.35597e-008	108732	91
0	31	1.09287e-007	108800	93
0	31	6.73605e-008	108871	95
0	31	6.39916e-008	108944	97
0	31	6.89374e-008	109029	99
0	31	7.54967e-008	109116	101
0	31	6.71238e-008	109209	103
0	31	6.62865e-008	109298	105
0	31	7.11489e-008	109391	107
0	31	6.34247e-008	109487	109
0	31	7.34068e-008	109591	111
0	31	6.41092e-008	109699	113
0	31	7.12778e-008	109815	115
0	31	9.43657e-008	109928	117
0	31	7.69503e-008	110044	119
0	31	7.20192e-008	110169	121
0	31	5.81887e-008	110306	123
0	31	5.72622e-008	110448	125
0	31	7.35388e-008	110591	127
0	31	5.5055e-008	110728	128
0	32	1.00942e-007	110735	1
0	32	5.70803e-007	110740	3
0	32	3.44547e-007	110745	5
0	32	1.67023e-007	110751	7
0	32	1.33193e-007	110757	9
0	32	1.15331e-007	110764	11
0	32	1.06303e-007	110771	13
0	32	4.55816e-007	110778	15
0	32	1.05912e-007	110789	17
0	32	2.1149e-007	110798	19
0	32	1.1922e-007	110807	21
0	32	1.27746e-007	110815	23
0	32	1.09095e-007	110826	25
0	32	2.0846e-007	110838	27
0	32	1.51534e-007	110850	29
0	32	4.58184e-007	110864	31
0	32	1.31238e-007	110879	33
0	32	1.20555e-007	110895	35
0	32	1.11108e-007	110910	37
0	32	1.55173e-007	110928	39
0	32	1.47937e-007	110949	41
0	32	1.03966e-007	110970	43
0	32	1.63096e-007	110990	45
0	32	1.46873e-007	111009	47
0	32	1.11492e-007	111031	49
0	32	1.19572e-007	111055	51
0	32	1.21225e-007	111081	53
0	32	1.33062e-007	111107	55
0	32	1.03943e-007	111135	57
0	32	9.99511e-008	111165	59
0	32	1.28484e-007	111198	61
0	32	8.22293e-008	111232	63
0	32	1.12847e-007	111266	65
0	32	9.80183e-008	111304	67
0	32	9.75227e-008	111349	69
0	32	1.06453e-007	111391	71
0	32	9.60116e-008	111435	73
0	32	9.10624e-008	111480	75
0	32	1.04322e-007	111527	77
0	32	1.24867e-007	111576	79
0	32	1.07893e-007	111630	81
0	32	1.19305e-007	111684	83
0	32	7.60702e-008	111742	85
0	32	1.11073e-007	111802	87
0	32	9.74496e-008	111865	89
0	32	1.1515e-007	111936	91
0	32	7.73082e-008	112005	93
0	32	1.14905e-007	112080	95
0	32	1.05749e-007	112159	97
0	32	8.97282e-008	112246	99
0	32	7.74617e-008	112332	101
0	32	6.92604e-008	112429	103
0	32	7.06109e-008	112523	105
0	32	6.12058e-008	112620	107
0	32	6.08706e-008	112720	109
0	32	5.45871e-008	112827	111
0	32	6.63823e-008	112934	113
0	32	6.13683e-008	113052	115
0	32	6.3377e-008	113176	117
0	32	5.34835e-008	113309	119
0	32	5.63188e-008	113437	121
0	32	5.2234e-008	113579	123
0	32	7.87702e-008	113710	125
0	32	7.82978e-008	113846	127
0	32	5.23021e-008	113983	128
0	33	9.70331e-008	113988	1
0	33	2.50337e-007	113995	3
0	33	1.41969e-007	114000	5
0	33	1.79322e-007	114006	7
0	33	1.20507e-007	114013	9
0	33	5.80049e-007	114022	11
0	33	2.02428e-007	114031	13
0	33	1.74773e-007	114038	15
0	33	1.81074e-007	114046	17
0	33	1.50164e-007	114054	19
0	33	2.47131e-007	114064	21
0	33	1.36083e-007	114074	23
0	33	1.64036e-007	114084	25
0	33	1.36812e-007	114095	27
0	33	1.00278e-007	114107	29
0	33	1.36677e-007	114120	31
0	33	1.0808e-007	114132	33
0	33	9.7107e-008	114147	35
0	33	8.33406e-008	114162	37
0	33	1.5879e-007	114181	39
0	33	1.14372e-007	114201	41
0	33	1.40141e-007	114220	43
0	33	7.78307e-008	114241	45
0	33	8.34366e-008	114263	47
0	33	2.01739e-007	114286	49
0	33	1.25676e-007	114309	51
0	33	7.90204e-008	114334	53
0	33	7.33998e-008	114362	55
0	33	1.24018e-007	114390	57
0	33	7.88614e-008	114421	59
0	33	1.50448e-007	114453	61
0	33	1.09768e-007	114485	63
0	33	9.60394e-008	114519	65
0	33	9.01088e-008	114565	67
0	33	7.81497e-008	114603	69
0	33	1.18273e-007	114646	71
0	33	1.4945e-007	114689	73
0	33	9.33546e-008	114734	75
0	33	7.88552e-008	114781	77
0	33	7.9443e-008	114833	79
0	33	8.1123e-008	114886	81
0	33	6.71481e-008	114944	83
0	33	6.61152e-008	115001	85
0	33	6.57878e-008	115063	87
0	33	1.4457e-007	115134	89
0	33	8.39533e-008	115212	91
0	33	6.82471e-008	115292	93
0	33	6.5051e-008	115363	95
0	33	8.80245e-008	115439	97
0	33	5.82504e-008	115521	99
0	33	1.19188e-007	115606	101
0	33	7.13576e-008	115694	103
0	33	9.03128e-008	115784	105
0	33	7.30775e-008	115873	107
0	33	5.8859e-008	115967	109
0	33	9.3841e-008	116072	111
0	33	7.38273e-008	116183	113
0	33	6.86008e-008	116306	115
0	33	6.03142e-008	116422	117
0	33	5.53494e-008	116541	119
0	33	6.36768e-008	116665	121
0	33	5.20558e-008	116809	123
0	33	4.75876e-008	116946	125
0	33	7.73012e-008	117083	127
0	33	5.48284e-008	117222	128
0	34	9.07289e-008	117227	1
0	34	2.42592e-007	117233	3
0	34	1.43741e-007	117239	5
0	34	1.14296e-007	117245	7
0	34	1.18098e-007	117251	9
0	34	2.81131e-007	117257	11
0	34	1.14402e-007	117264	13
0	34	1.03315e-007	117271	15
0	34	9.66932e-008	117279	17
0	34	1.35339e-007	117291	19
0	34	2.96659e-007	117300	21
0	34	2.29276e-007	117312	23
0	34	2.05665e-007	117322	25
0	34	9.95502e-008	117334	27
0	34	9.48676e-008	117348	29
0	34	1.24621e-007	117362	31
0	34	9.07524e-008	117376	33
0	34	1.99793e-007	117390	35
0	34	9.86039e-008	117405	37
0	34	1.10424e-007	117421	39
0	34	1.37376e-007	117441	41
0	34	9.90939e-008	117469	43
0	34	1.02732e-007	117491	45
0	34	1.29815e-007	117510	47
0	34	9.23275e-008	117532	49
0	34	7.68129e-008	117555	51
0	34	8.95893e-008	117580	53
0	34	9.38253e-008	117607	55
0	34	8.06295e-008	117635	57
0	34	8.23916e-008	117665	59
0	34	7.17799e-008	117697	61
0	34	8.46305e-008	117732	63
0	34	7.6974e-008	117771	65
0	34	9.4791e-008	117812	67
0	34	7.17955e-008	117851	69
0	34	9.68372e-008	117894	71
0	34	6.59405e-008	117934	73
0	34	1.21073e-007	117993	75
0	34	7.29919e-008	118047	77
0	34	9.77738e-008	118099	79
0	34	6.51789e-008	118158	81
0	34	9.37052e-008	118215	83
0	34	1.24674e-007	118277	85
0	34	7.61685e-008	118341	87
0	34	1.16044e-007	118405	89
0	34	9.58433e-008	118471	91
0	34	1.09525e-007	118541	93
0	34	8.53296e-008	118613	95
0	34	7.98969e-008	118690	97
0	34	5.9936e-008	118786	99
0	34	5.71715e-008	118887	101
0	34	5.85214e-008	118975	103
0	34	5.36731e-008	119066	105
0	34	1.13678e-007	119164	107
0	34	1.15423e-007	119267	109
0	34	7.59784e-008	119370	111
0	34	7.46741e-008	119479	113
0	34	6.9177e-008	119609	115
0	34	6.42914e-008	119725	117
0	34	7.95745e-008	119844	119
0	34	5.0478e-008	119971	121
0	34	4.85854e-008	120101	123
0	34	8.74744e-008	120241	125
0	34	5.42244e-008	120377	127
0	34	6.25282e-008	120512	128
0	35	1.0027e-007	120517	1
0	35	2.33419e-007	120521	3
0	35	1.80335e-007	120527	5
0	35	1.41609e-007	120533	7
0	35	1.10097e-007	120538	9
0	35	9.11907e-008	120545	11
0	35	1.45523e-007	120551	13
0	35	9.21912e-008	120558	15
0	35	1.39813e-007	120566	17
0	35	1.22643e-007	120575	19
0	35	1.16181e-007	120584	21
0	35	9.65652e-008	120592	23
0	35	1.15549e-007	120602	25
0	35	9.0136e-008	120613	27
0	35	1.02344e-007	120624	29
0	35	1.00439e-007	120638	31
0	35	1.31253e-007	120651	33
0	35	9.98105e-008	120667	35
0	35	8.04871e-008	120682	37
0	35	9.63364e-008	120700	39
0	35	8.42778e-008	120718	41
0	35	8.52932e-008	120736	43
0	35	1.89447e-007	120759	45
0	35	1.22246e-007	120785	47
0	35	1.13359e-007	120808	49
0	35	1.51076e-007	120833	51
0	35	1.27613e-007	120857	53
0	35	1.08997e-007	120885	55
0	35	1.0791e-007	120916	57
0	35	9.91015e-008	120946	59
0	35	1.04812e-007	120978	61
0	35	1.3164e-007	121011	63
0	35	7.71925e-008	121045	65
0	35	9.03704e-008	121082	67
0	35	8.8331e-008	121123	69
0	35	7.78701e-008	121168	71
0	35	1.31717e-007	121213	73
0	35	9.69939e-008	121260	75
0	35	1.34357e-007	121312	77
0	35	6.76434e-008	121362	79
0	35	8.61188e-008	121414	81
0	35	7.94019e-008	121471	83
0	35	6.67989e-008	121531	85
0	35	1.08322e-007	121597	87
0	35	6.77823e-008	121664	89
0	35	5.92005e-008	121730	91
0	35	1.27444e-007	121803	93
0	35	6.45735e-008	121883	95
0	35	6.0082e-008	121965	97
0	35	7.11904e-008	122050	99
0	35	7.17324e-008	122134	101
0	35	5.64517e-008	122223	103
0	35	6.00395e-008	122311	105
0	35	5.42962e-008	122408	107
0	35	6.70939e-008	122502	109
0	35	5.71005e-008	122602	111
0	35	5.09436e-008	122719	113
0	35	8.79057e-008	122830	115
0	35	4.9075e-008	122944	117
0	35	4.82589e-008	123059	119
0	35	6.21925e-008	123179	121
0	35	5.80464e-008	123305	123
0	35	5.46561e-008	123448	125
0	35	5.26968e-008	123624	127
0	35	5.23934e-008	123760	128
0	36	8.1093e-008	123766	1
0	36	2.88243e-007	123770	3
0	36	2.94509e-007	123775	5
0	36	1.57144e-007	123781	7
0	36	1.1401e-007	123786	9
0	36	1.41478e-007	123792	11
0	36	1.05749e-007	123800	13
0	36	1.26742e-007	123807	15
0	36	1.48069e-007	123815	17
0	36	9.81437e-008	123827	19
0	36	9.86607e-008	123836	21
0	36	1.04671e-007	123846	23
0	36	8.77883e-008	123857	25
0	36	3.21752e-007	123867	27
0	36	1.26652e-007	123881	29
0	36	1.34208e-007	123895	31
0	36	1.01918e-007	123908	33
0	36	7.94893e-008	123923	35
0	36	8.84246e-008	123939	37
0	36	7.43744e-008	123955	39
0	36	8.42763e-008	123972	41
0	36	8.03498e-008	123994	43
0	36	9.20917e-008	124013	45
0	36	1.07755e-007	124033	47
0	36	2.39526e-007	124053	49
0	36	8.51521e-008	124075	51
0	36	8.18587e-008	124099	53
0	36	1.14729e-007	124124	55
0	36	8.023e-008	124152	57
0	36	6.99197e-008	124183	59
0	36	1.20485e-007	124217	61
0	36	7.14271e-008	124252	63
0	36	9.39808e-008	124287	65
0	36	7.72034e-008	124326	67
0	36	6.68087e-008	124364	69
0	36	6.15738e-008	124407	71
0	36	7.46154e-008	124451	73
0	36	8.21987e-008	124500	75
0	36	5.86802e-008	124554	77
0	36	5.60882e-008	124602	79
0	36	5.53238e-008	124657	81
0	36	1.26554e-007	124708	83
0	36	9.0445e-008	124763	85
0	36	7.27161e-008	124820	87
0	36	7.73571e-008	124881	89
0	36	5.60045e-008	124946	91
0	36	7.39865e-008	125014	93
0	36	5.28318e-008	125092	95
0	36	7.58531e-008	125168	97
0	36	5.66352e-008	125249	99
0	36	5.77779e-008	125366	101
0	36	5.42098e-008	125462	103
0	36	6.01205e-008	125560	105
0	36	6.82856e-008	125665	107
0	36	7.06358e-008	125769	109
0	36	8.31864e-008	125869	111
0	36	4.81132e-008	125974	113
0	36	6.37369e-008	126086	115
0	36	4.85081e-008	126207	117
0	36	5.01032e-008	126328	119
0	36	4.77094e-008	126451	121
0	36	6.75256e-008	126583	123
0	36	8.51855e-008	126721	125
0	36	4.66508e-008	126857	127
0	36	4.39363e-008	127025	128
0	37	7.84904e-008	127033	1
0	37	4.37362e-007	127038	3
0	37	2.37081e-007	127045	5
0	37	2.63739e-007	127053	7
0	37	1.53976e-007	127062	9
0	37	1.26562e-007	127071	11
0	37	7.95093e-008	127080	13
0	37	3.35317e-007	127088	15
0	37	1.56209e-007	127096	17
0	37	1.15731e-007	127104	19
0	37	9.93345e-008	127113	21
0	37	9.77316e-008	127122	23
0	37	1.25999e-007	127132	25
0	37	7.89005e-008	127146	27
0	37	1.25894e-007	127161	29
0	37	9.58972e-008	127177	31
0	37	9.27893e-008	127191	33
0	37	8.07102e-008	127207	35
0	37	9.75283e-008	127227	37
0	37	8.23166e-008	127251	39
0	37	1.15517e-007	127270	41
0	37	8.04838e-008	127288	43
0	37	1.47224e-007	127307	45
0	37	6.92065e-008	127327	47
0	37	7.08993e-008	127350	49
0	37	7.14564e-008	127375	51
0	37	8.58693e-008	127403	53
0	37	8.42262e-008	127432	55
0	37	8.07173e-008	127462	57
0	37	1.03996e-007	127497	59
0	37	6.40661e-008	127531	61
0	37	6.68567e-008	127565	63
0	37	9.77783e-008	127601	65
0	37	9.61192e-008	127640	67
0	37	7.17386e-008	127681	69
0	37	7.69193e-008	127722	71
0	37	1.3075e-007	127764	73
0	37	8.56411e-008	127810	75
0	37	9.22845e-008	127858	77
0	37	1.21938e-007	127909	79
0	37	7.01571e-008	127962	81
0	37	5.92829e-008	128018	83
0	37	7.54499e-008	128076	85
0	37	6.1893e-008	128136	87
0	37	7.12593e-008	128198	89
0	37	8.71395e-008	128262	91
0	37	7.79417e-008	128328	93
0	37	6.92e-008	128400	95
0	37	7.75187e-008	128475	97
0	37	5.21381e-008	128560	99
0	37	6.7007e-008	128650	101
0	37	5.09643e-008	128763	103
0	37	7.59793e-008	128877	105
0	37	4.97655e-008	129002	107
0	37	5.6432e-008	129116	109
0	37	5.69752e-008	129242	111
0	37	4.81188e-008	129353	113
0	37	4.61316e-008	129488	115
0	37	4.77551e-008	129621	117
0	37	4.7856e-008	129841	119
0	37	7.07231e-008	130080	121
0	37	4.38849e-008	130311	123
0	37	4.16982e-008	130562	125
0	37	5.28323e-008	130781	127
0	37	3.99467e-008	130931	128
0	38	7.67448e-008	130936	1
0	38	2.12539e-007	130941	3
0	38	1.51195e-007	130946	5
0	38	7.71485e-008	130951	7
0	38	2.40059e-007	130958	9
0	38	1.65047e-007	130965	11
0	38	1.64781e-007	130972	13
0	38	1.05359e-007	130980	15
0	38	8.95584e-008	130989	17
0	38	9.35732e-008	130998	19
0	38	1.68732e-007	131007	21
0	38	1.04036e-007	131018	23
0	38	8.58186e-008	131028	25
0	38	1.08851e-007	131040	27
0	38	9.70922e-008	131052	29
0	38	1.11696e-007	131066	31
0	38	1.08829e-007	131081	33
0	38	7.97364e-008	131099	35
0	38	8.67788e-008	131117	37
0	38	8.32517e-008	131135	39
0	38	3.69832e-007	131153	41
0	38	1.33687e-007	131171	43
0	38	7.33772e-008	131191	45
0	38	6.3972e-008	131215	47
0	38	7.25318e-008	131236	49
0	38	6.90736e-008	131261	51
0	38	7.49726e-008	131288	53
0	38	1.046e-007	131316	55
0	38	5.68253e-008	131348	57
0	38	7.40026e-008	131383	59
0	38	8.34952e-008	131416	61
0	38	5.67766e-008	131450	63
0	38	5.6402e-008	131489	65
0	38	7.91979e-008	131530	67
0	38	6.23167e-008	131575	69
0	38	7.12396e-008	131623	71
0	38	7.75905e-008	131670	73
0	38	6.55105e-008	131715	75
0	38	6.82503e-008	131766	77
0	38	4.89677e-008	131818	79
0	38	4.87345e-008	131871	81
0	38	1.26393e-007	131936	83
0	38	5.77491e-008	131992	85
0	38	6.31836e-008	132054	87
0	38	4.9539e-008	132121	89
0	38	5.64714e-008	132190	91
0	38	8.24135e-008	132262	93
0	38	4.72012e-008	132338	95
