step	level	max error	time	nr. of control nodes
0	0	0.351469	5	1
0	0	0.489155	10	2
0	0	0.282204	14	3
0	0	0.402445	19	4
0	0	0.172208	24	5
0	0	0.124242	29	6
0	0	0.158498	35	7
0	0	0.141168	41	8
0	0	0.168358	47	9
0	0	0.0612545	55	10
0	0	0.045997	61	11
0	0	0.0374113	69	12
0	0	0.0353677	77	13
0	0	0.0347272	85	14
0	0	0.0303963	91	15
0	0	0.0255904	99	16
0	0	0.0144992	107	17
0	0	0.0209804	115	18
0	0	0.0102759	123	19
0	0	0.00861283	132	20
0	0	0.00742215	141	21
0	0	0.00644061	149	22
0	0	0.00490147	161	23
0	0	0.00448898	170	24
0	0	0.00353458	181	25
0	0	0.00320367	190	26
0	0	0.00333519	201	27
0	0	0.00305998	213	28
0	0	0.00301567	224	29
0	0	0.00283785	235	30
0	0	0.00311644	246	31
0	0	0.00280042	257	32
0	1	0.00355038	262	1
0	1	0.00455988	265	2
0	1	0.0041016	268	3
0	1	0.00546944	271	4
0	1	0.00508588	273	5
0	1	0.00460822	278	6
0	1	0.00724975	282	7
0	1	0.00433703	286	8
0	1	0.00709324	290	9
0	1	0.00391404	294	10
0	1	0.00378665	298	11
0	1	0.00345263	302	12
0	1	0.00610969	307	13
0	1	0.0058612	313	14
0	1	0.00421672	318	15
0	1	0.0033141	324	16
0	1	0.00481401	330	17
0	1	0.00302268	336	18
0	1	0.00211455	342	19
0	1	0.00206004	349	20
0	1	0.0018432	356	21
0	1	0.00247808	364	22
0	1	0.00164664	372	23
0	1	0.0015775	379	24
0	1	0.0015214	388	25
0	1	0.00145486	396	26
0	1	0.00191982	404	27
0	1	0.00144873	414	28
0	1	0.00136157	425	29
0	1	0.00128006	436	30
0	1	0.00122021	446	31
0	1	0.00121484	458	32
0	2	0.00207326	463	1
0	2	0.00286259	465	2
0	2	0.00390013	467	3
0	2	0.00115799	471	4
0	2	0.00121011	478	5
0	2	0.00154705	481	6
0	2	0.00208635	485	7
0	2	0.0075838	489	8
0	2	0.00597899	493	9
0	2	0.00399727	498	10
0	2	0.00458674	502	11
0	2	0.0031109	507	12
0	2	0.00180764	512	13
0	2	0.0021452	517	14
0	2	0.00165883	521	15
0	2	0.00215422	528	16
0	2	0.0015081	535	17
0	2	0.00342446	542	18
0	2	0.00262373	548	19
0	2	0.00203658	557	20
0	2	0.00180629	564	21
0	2	0.0012235	571	22
0	2	0.00152358	581	23
0	2	0.00117957	590	24
0	2	0.00108708	599	25
0	2	0.00106007	609	26
0	2	0.0016786	618	27
0	2	0.00129394	628	28
0	2	0.000971195	640	29
0	2	0.0017422	650	30
0	2	0.00103776	660	31
0	2	0.000966103	671	32
0	3	0.0011852	676	1
0	3	0.00263951	679	2
0	3	0.00166154	683	3
0	3	0.00145507	686	4
0	3	0.00107751	689	5
0	3	0.00229491	692	6
0	3	0.00156065	696	7
0	3	0.00216878	699	8
0	3	0.00167747	703	9
0	3	0.00139867	707	10
0	3	0.001256	712	11
0	3	0.00129573	718	12
0	3	0.00124587	721	13
0	3	0.00129681	727	14
0	3	0.00167916	732	15
0	3	0.00305421	737	16
0	3	0.00146361	744	17
0	3	0.00109627	750	18
0	3	0.0017809	756	19
0	3	0.00146749	763	20
0	3	0.0013483	771	21
0	3	0.00114517	778	22
0	3	0.00086968	787	23
0	3	0.00118212	794	24
0	3	0.000851471	804	25
0	3	0.000888245	815	26
0	3	0.000805197	825	27
0	3	0.000778871	835	28
0	3	0.00119957	848	29
0	3	0.000710126	858	30
0	3	0.000667256	871	31
0	3	0.000634023	884	32
0	4	0.000981566	887	1
0	4	0.00114319	890	2
0	4	0.00121271	893	3
0	4	0.000941464	896	4
0	4	0.00115009	899	5
0	4	0.00108805	902	6
0	4	0.00158144	906	7
0	4	0.000858467	910	8
0	4	0.00103539	914	9
0	4	0.00120719	918	10
0	4	0.000951391	922	11
0	4	0.000833171	928	12
0	4	0.00101982	932	13
0	4	0.000999524	938	14
0	4	0.00115021	944	15
0	4	0.000917975	949	16
0	4	0.00082337	955	17
0	4	0.00212077	962	18
0	4	0.000795162	969	19
0	4	0.000807453	977	20
0	4	0.00101107	984	21
0	4	0.00112115	992	22
0	4	0.000787342	1001	23
0	4	0.000787956	1010	24
0	4	0.000789605	1022	25
0	4	0.000767396	1031	26
0	4	0.00108832	1042	27
0	4	0.000783455	1054	28
0	4	0.000723548	1064	29
0	4	0.000642915	1075	30
0	4	0.00057194	1086	31
0	4	0.000549865	1101	32
0	5	0.000733155	1106	1
0	5	0.00240075	1110	2
0	5	0.00131476	1114	3
0	5	0.00113257	1118	4
0	5	0.00271824	1123	5
0	5	0.00119172	1128	6
0	5	0.00096419	1135	7
0	5	0.000968964	1140	8
0	5	0.000766929	1146	9
0	5	0.000870781	1151	10
0	5	0.000971337	1156	11
0	5	0.00117237	1164	12
0	5	0.00104199	1170	13
0	5	0.00112503	1178	14
0	5	0.0008612	1187	15
0	5	0.000821937	1194	16
0	5	0.000810699	1203	17
0	5	0.000826721	1210	18
0	5	0.000780194	1217	19
0	5	0.000618448	1226	20
0	5	0.000573228	1235	21
0	5	0.000651505	1244	22
0	5	0.000617962	1252	23
0	5	0.000569035	1262	24
0	5	0.000590279	1272	25
0	5	0.000596037	1282	26
0	5	0.000729823	1292	27
0	5	0.000722339	1303	28
0	5	0.000654749	1315	29
0	5	0.000588553	1326	30
0	5	0.00070577	1341	31
0	5	0.00060555	1353	32
0	6	0.00079118	1358	1
0	6	0.00276766	1361	2
0	6	0.00143127	1364	3
0	6	0.00103344	1368	4
0	6	0.00100959	1372	5
0	6	0.00107155	1375	6
0	6	0.00090937	1379	7
0	6	0.00127703	1384	8
0	6	0.00101695	1389	9
0	6	0.00194898	1394	10
0	6	0.00103505	1400	11
0	6	0.000926904	1405	12
0	6	0.000712113	1412	13
0	6	0.000844201	1420	14
0	6	0.000766382	1427	15
0	6	0.00187479	1434	16
0	6	0.00119724	1441	17
0	6	0.00119112	1448	18
0	6	0.000860917	1455	19
0	6	0.000682672	1463	20
0	6	0.000667583	1471	21
0	6	0.000665277	1480	22
0	6	0.000690728	1489	23
0	6	0.000635153	1498	24
0	6	0.000583699	1507	25
0	6	0.000726031	1516	26
0	6	0.000469095	1528	27
0	6	0.000442391	1538	28
0	6	0.000451583	1551	29
0	6	0.000408334	1565	30
0	6	0.000636556	1578	31
0	6	0.000364399	1592	32
0	7	0.000547683	1596	1
0	7	0.000861184	1599	2
0	7	0.000572119	1603	3
0	7	0.000770855	1606	4
0	7	0.00081315	1611	5
0	7	0.000641062	1616	6
0	7	0.000664109	1621	7
0	7	0.000553377	1627	8
0	7	0.000452151	1632	9
0	7	0.000677906	1638	10
0	7	0.000599608	1644	11
0	7	0.000541502	1661	12
0	7	0.000527878	1684	13
0	7	0.000692121	1704	14
0	7	0.000478745	1721	15
0	7	0.000490095	1772	16
0	7	0.000471236	1808	17
0	7	0.000402458	1841	18
0	7	0.000507321	1854	19
0	7	0.000658388	1866	20
0	7	0.000726968	1880	21
0	7	0.000919705	1893	22
0	7	0.000475374	1904	23
0	7	0.000499024	1914	24
0	7	0.000580375	1924	25
0	7	0.000418829	1933	26
0	7	0.000498016	1945	27
0	7	0.000547726	1957	28
0	7	0.000413736	1972	29
0	7	0.000388512	1982	30
0	7	0.000394364	1994	31
0	7	0.000382581	2006	32
0	8	0.000620548	2010	1
0	8	0.00158739	2014	2
0	8	0.000747333	2017	3
0	8	0.00062696	2021	4
0	8	0.000892889	2026	5
0	8	0.00059162	2030	6
0	8	0.00101534	2034	7
0	8	0.000976093	2038	8
0	8	0.000597646	2042	9
0	8	0.00125209	2046	10
0	8	0.000767269	2051	11
0	8	0.000692111	2056	12
0	8	0.000653978	2062	13
0	8	0.00054834	2069	14
0	8	0.000858142	2074	15
0	8	0.000633211	2080	16
0	8	0.00105269	2087	17
0	8	0.000584637	2095	18
0	8	0.000676734	2101	19
0	8	0.000447119	2108	20
0	8	0.000425425	2119	21
0	8	0.000619994	2127	22
0	8	0.000416668	2138	23
0	8	0.000409532	2148	24
0	8	0.000739318	2158	25
0	8	0.000458906	2167	26
0	8	0.000434078	2176	27
0	8	0.000400272	2187	28
0	8	0.000382991	2197	29
0	8	0.000373212	2207	30
0	8	0.000598917	2220	31
0	8	0.000360282	2232	32
0	9	0.000579983	2236	1
0	9	0.00112342	2239	2
0	9	0.0010729	2242	3
0	9	0.000932917	2245	4
0	9	0.000619594	2250	5
0	9	0.000688547	2254	6
0	9	0.000593632	2259	7
0	9	0.000745064	2265	8
0	9	0.000619114	2270	9
0	9	0.0006635	2275	10
0	9	0.000444381	2282	11
0	9	0.00113892	2287	12
0	9	0.000539254	2295	13
0	9	0.000479328	2305	14
0	9	0.000449385	2318	15
0	9	0.00157244	2324	16
0	9	0.000664412	2332	17
0	9	0.000691264	2339	18
0	9	0.000603097	2346	19
0	9	0.000522177	2356	20
0	9	0.000505849	2372	21
0	9	0.00054198	2382	22
0	9	0.000452649	2390	23
0	9	0.000413478	2398	24
0	9	0.000491444	2406	25
0	9	0.000398453	2416	26
0	9	0.000389013	2425	27
0	9	0.000426918	2435	28
0	9	0.000408333	2445	29
0	9	0.000283404	2455	30
0	9	0.000308543	2466	31
0	9	0.000246551	2478	32
0	10	0.000427522	2483	1
0	10	0.000725567	2485	2
0	10	0.000609537	2488	3
0	10	0.000417823	2491	4
0	10	0.000407505	2495	5
0	10	0.0005006	2499	6
0	10	0.000499657	2502	7
0	10	0.000592418	2506	8
0	10	0.000444303	2510	9
0	10	0.000466924	2514	10
0	10	0.000519155	2519	11
0	10	0.00049127	2523	12
0	10	0.000426114	2528	13
0	10	0.000504141	2533	14
0	10	0.000519416	2540	15
0	10	0.000456211	2545	16
0	10	0.000767761	2551	17
0	10	0.000444635	2557	18
0	10	0.000438199	2563	19
0	10	0.000648602	2570	20
0	10	0.000530983	2578	21
0	10	0.000406126	2586	22
0	10	0.000297324	2594	23
0	10	0.000316877	2602	24
0	10	0.00032034	2610	25
0	10	0.000301912	2618	26
0	10	0.000292436	2630	27
0	10	0.000287166	2643	28
0	10	0.000250659	2656	29
0	10	0.000388148	2666	30
0	10	0.000390754	2677	31
0	10	0.000302383	2687	32
0	11	0.000481798	2691	1
0	11	0.000715044	2694	2
0	11	0.000877742	2697	3
0	11	0.000535592	2700	4
0	11	0.000559288	2703	5
0	11	0.000503819	2707	6
0	11	0.000808974	2711	7
0	11	0.000387044	2714	8
0	11	0.000552459	2718	9
0	11	0.000436488	2722	10
0	11	0.000696377	2727	11
0	11	0.000368326	2732	12
0	11	0.00035019	2736	13
0	11	0.000390574	2742	14
0	11	0.00034136	2748	15
0	11	0.000338944	2753	16
0	11	0.000308284	2758	17
0	11	0.00031867	2766	18
0	11	0.000308303	2773	19
0	11	0.000509289	2779	20
0	11	0.000290825	2786	21
0	11	0.000286039	2792	22
0	11	0.000371217	2801	23
0	11	0.000304643	2809	24
0	11	0.000280736	2819	25
0	11	0.000568664	2828	26
0	11	0.000425472	2839	27
0	11	0.000247885	2850	28
0	11	0.000277436	2859	29
0	11	0.000244634	2871	30
0	11	0.000230205	2881	31
0	11	0.00034449	2892	32
0	12	0.000650052	2896	1
0	12	0.000986832	2900	2
0	12	0.00111261	2903	3
0	12	0.000821056	2907	4
0	12	0.000707125	2912	5
0	12	0.000461399	2916	6
0	12	0.000780652	2920	7
0	12	0.00038311	2924	8
0	12	0.000385424	2931	9
0	12	0.000520012	2936	10
0	12	0.000340248	2941	11
0	12	0.000325019	2947	12
0	12	0.000375936	2952	13
0	12	0.000392063	2957	14
0	12	0.000312531	2965	15
0	12	0.000378158	2971	16
0	12	0.000317284	2978	17
0	12	0.000312586	2985	18
0	12	0.000224323	2991	19
0	12	0.000255174	3000	20
0	12	0.000261698	3008	21
0	12	0.000345901	3016	22
0	12	0.000495678	3023	23
0	12	0.000281433	3031	24
0	12	0.000266529	3040	25
0	12	0.000253774	3049	26
0	12	0.000229888	3058	27
0	12	0.00022626	3067	28
0	12	0.000312574	3077	29
0	12	0.000234157	3087	30
0	12	0.000204753	3099	31
0	12	0.000508289	3111	32
0	13	0.000897247	3115	1
0	13	0.00126576	3117	2
0	13	0.000968232	3120	3
0	13	0.00295906	3123	4
0	13	0.00112747	3127	5
0	13	0.000887895	3133	6
0	13	0.000458627	3138	7
0	13	0.000476166	3143	8
0	13	0.000533576	3148	9
0	13	0.000557782	3154	10
0	13	0.00039535	3159	11
0	13	0.000363407	3164	12
0	13	0.000355952	3170	13
0	13	0.000309639	3175	14
0	13	0.000540664	3181	15
0	13	0.000567608	3188	16
0	13	0.000455624	3194	17
0	13	0.00086463	3200	18
0	13	0.000388333	3206	19
0	13	0.000343093	3213	20
0	13	0.000329017	3221	21
0	13	0.000300576	3228	22
0	13	0.000283301	3236	23
0	13	0.000279344	3244	24
0	13	0.000268241	3253	25
0	13	0.000260931	3262	26
0	13	0.000238252	3271	27
0	13	0.000219068	3280	28
0	13	0.000351255	3289	29
0	13	0.000208231	3299	30
0	13	0.000381856	3309	31
0	13	0.000200275	3319	32
0	14	0.000325539	3322	1
0	14	0.000394067	3325	2
0	14	0.000645017	3329	3
0	14	0.000283072	3332	4
0	14	0.000306422	3335	5
0	14	0.000313179	3338	6
0	14	0.000341997	3341	7
0	14	0.000332782	3345	8
0	14	0.000299219	3349	9
0	14	0.000316049	3353	10
0	14	0.000330889	3358	11
0	14	0.000274614	3363	12
0	14	0.000469267	3368	13
0	14	0.00044357	3372	14
0	14	0.000426134	3379	15
0	14	0.000396456	3384	16
0	14	0.000375277	3389	17
0	14	0.000295159	3395	18
0	14	0.000349249	3402	19
0	14	0.000225447	3408	20
0	14	0.000233787	3416	21
0	14	0.00021605	3424	22
0	14	0.000335906	3431	23
0	14	0.000232609	3438	24
0	14	0.000397708	3446	25
0	14	0.000210637	3457	26
0	14	0.000200137	3469	27
0	14	0.000189129	3478	28
0	14	0.000401337	3489	29
0	14	0.000275572	3499	30
0	14	0.000250074	3509	31
0	14	0.000238565	3520	32
0	15	0.000365353	3523	1
0	15	0.000882546	3526	2
0	15	0.000406158	3529	3
0	15	0.000370967	3533	4
0	15	0.000383673	3536	5
0	15	0.000328452	3539	6
0	15	0.000263012	3542	7
0	15	0.000279226	3547	8
0	15	0.000255448	3551	9
0	15	0.00061652	3555	10
0	15	0.000250226	3559	11
0	15	0.000370155	3564	12
0	15	0.000277252	3569	13
0	15	0.000244385	3575	14
0	15	0.000344124	3581	15
0	15	0.000247547	3586	16
0	15	0.000325134	3592	17
0	15	0.000291694	3599	18
0	15	0.000250246	3605	19
0	15	0.000250524	3612	20
0	15	0.000468488	3618	21
0	15	0.000354137	3625	22
0	15	0.000319921	3632	23
0	15	0.000239933	3642	24
0	15	0.000249774	3654	25
0	15	0.000300735	3665	26
0	15	0.000236117	3676	27
0	15	0.000332859	3684	28
0	15	0.000232951	3693	29
0	15	0.000228087	3703	30
0	15	0.000171128	3714	31
0	15	0.000272618	3728	32
0	16	0.000421216	3732	1
0	16	0.000468162	3735	2
0	16	0.000454607	3738	3
0	16	0.00042419	3740	4
0	16	0.000377786	3744	5
0	16	0.000242824	3747	6
0	16	0.000302683	3751	7
0	16	0.000203852	3754	8
0	16	0.000952339	3758	9
0	16	0.000345672	3762	10
0	16	0.000264347	3766	11
0	16	0.00031584	3770	12
0	16	0.000241964	3775	13
0	16	0.00021639	3782	14
0	16	0.000269434	3787	15
0	16	0.000216979	3792	16
0	16	0.000233976	3798	17
0	16	0.000302301	3804	18
0	16	0.000210064	3811	19
0	16	0.000210004	3818	20
0	16	0.000299618	3825	21
0	16	0.000268451	3833	22
0	16	0.000196857	3841	23
0	16	0.000180684	3849	24
0	16	0.000175093	3857	25
0	16	0.000179783	3865	26
0	16	0.000176546	3875	27
0	16	0.000169315	3887	28
0	16	0.00063407	3896	29
0	16	0.000291918	3906	30
0	16	0.00016553	3916	31
0	16	0.000157816	3927	32
0	17	0.000231357	3931	1
0	17	0.000305784	3934	2
0	17	0.000214774	3937	3
0	17	0.000289458	3940	4
0	17	0.000335791	3943	5
0	17	0.000245199	3947	6
0	17	0.000242175	3951	7
0	17	0.000245076	3956	8
0	17	0.00024671	3960	9
0	17	0.000281773	3965	10
0	17	0.00023728	3971	11
0	17	0.000249422	3977	12
0	17	0.000828664	3983	13
0	17	0.000222638	3989	14
0	17	0.000205357	3995	15
0	17	0.000204263	4001	16
0	17	0.00044568	4007	17
0	17	0.000366532	4013	18
0	17	0.000337243	4020	19
0	17	0.000326051	4027	20
0	17	0.000159761	4035	21
0	17	0.000226111	4042	22
0	17	0.000227187	4051	23
0	17	0.000175739	4058	24
0	17	0.000377891	4067	25
0	17	0.000254874	4076	26
0	17	0.000214855	4086	27
0	17	0.000193244	4096	28
0	17	0.000159712	4106	29
0	17	0.000160879	4116	30
0	17	0.000172674	4125	31
0	17	0.000171358	4137	32
0	18	0.000261123	4143	1
0	18	0.000266549	4147	2
0	18	0.00032576	4150	3
0	18	0.000381944	4154	4
0	18	0.000277354	4158	5
0	18	0.000310608	4162	6
0	18	0.000338099	4166	7
0	18	0.00035436	4171	8
0	18	0.000273796	4175	9
0	18	0.00106783	4180	10
0	18	0.000627941	4185	11
0	18	0.000365752	4191	12
0	18	0.00119683	4197	13
0	18	0.000530956	4203	14
0	18	0.0005084	4208	15
0	18	0.000436652	4215	16
0	18	0.000351879	4221	17
0	18	0.000522938	4228	18
0	18	0.000310289	4234	19
0	18	0.00033176	4240	20
0	18	0.000308622	4248	21
0	18	0.000250013	4255	22
0	18	0.000307054	4262	23
0	18	0.000280487	4270	24
0	18	0.000201375	4279	25
0	18	0.000167271	4287	26
0	18	0.00015594	4296	27
0	18	0.000154428	4305	28
0	18	0.000153681	4314	29
0	18	0.000165525	4324	30
0	18	0.000222412	4336	31
0	18	0.000163284	4348	32
0	19	0.000223126	4351	1
0	19	0.000269359	4354	2
0	19	0.00027015	4357	3
0	19	0.000789454	4360	4
0	19	0.000528885	4363	5
0	19	0.000322906	4367	6
0	19	0.000533396	4370	7
0	19	0.000401603	4374	8
0	19	0.000296464	4377	9
0	19	0.000242716	4381	10
0	19	0.000202496	4386	11
0	19	0.000833724	4390	12
0	19	0.00045231	4396	13
0	19	0.000431117	4401	14
0	19	0.000478282	4408	15
0	19	0.000462502	4414	16
0	19	0.000317409	4419	17
0	19	0.000327989	4425	18
0	19	0.000296356	4432	19
0	19	0.000195634	4440	20
0	19	0.000190854	4448	21
0	19	0.000173092	4456	22
0	19	0.000242482	4463	23
0	19	0.000172416	4471	24
0	19	0.000172244	4478	25
0	19	0.00016699	4487	26
0	19	0.000162303	4496	27
0	19	0.000312208	4505	28
0	19	0.000137894	4515	29
0	19	0.000167092	4527	30
0	19	0.000132653	4538	31
0	19	0.000140788	4549	32
0	20	0.00024155	4553	1
0	20	0.000425715	4556	2
0	20	0.000419705	4561	3
0	20	0.00037643	4564	4
0	20	0.00033436	4568	5
0	20	0.00023486	4571	6
0	20	0.000203215	4575	7
0	20	0.000269838	4579	8
0	20	0.000169407	4582	9
0	20	0.000366593	4586	10
0	20	0.000235053	4591	11
0	20	0.000209309	4596	12
0	20	0.00017798	4602	13
0	20	0.000460513	4607	14
0	20	0.000245101	4613	15
0	20	0.000209012	4618	16
0	20	0.000297039	4624	17
0	20	0.000239312	4631	18
0	20	0.000154531	4638	19
0	20	0.000171468	4648	20
0	20	0.00015083	4657	21
0	20	0.000185266	4666	22
0	20	0.000169908	4674	23
0	20	0.000137961	4683	24
0	20	0.000640475	4691	25
0	20	0.000290059	4700	26
0	20	0.000136541	4709	27
0	20	0.000134762	4718	28
0	20	0.000210145	4727	29
0	20	0.000132632	4736	30
0	20	0.000108137	4747	31
0	20	0.000310512	4757	32
0	21	0.000383084	4761	1
0	21	0.000973267	4764	2
0	21	0.000972781	4767	3
0	21	0.000556465	4770	4
0	21	0.000505737	4773	5
0	21	0.000464558	4777	6
0	21	0.000376746	4780	7
0	21	0.000423151	4784	8
0	21	0.000521706	4788	9
0	21	0.000257692	4793	10
0	21	0.000352399	4800	11
0	21	0.00025235	4806	12
0	21	0.000231903	4811	13
0	21	0.000203885	4816	14
0	21	0.000180724	4822	15
0	21	0.0001691	4827	16
0	21	0.000190427	4833	17
0	21	0.000180726	4840	18
0	21	0.000171045	4846	19
0	21	0.000145851	4854	20
0	21	0.000209853	4861	21
0	21	0.000130482	4869	22
0	21	0.000126617	4877	23
0	21	0.000144247	4885	24
0	21	0.000122901	4893	25
0	21	0.000169991	4901	26
0	21	0.000128264	4911	27
0	21	0.000157646	4921	28
0	21	0.000141389	4934	29
0	21	0.000175548	4946	30
0	21	0.000134287	4956	31
0	21	0.00014333	4970	32
0	22	0.000233099	4973	1
0	22	0.000457611	4977	2
0	22	0.000414517	4981	3
0	22	0.000359386	4984	4
0	22	0.000189361	4987	5
0	22	0.00130922	4990	6
0	22	0.000925347	4994	7
0	22	0.000279353	4998	8
0	22	0.000270734	5002	9
0	22	0.000248648	5005	10
0	22	0.00026568	5010	11
0	22	0.000229103	5014	12
0	22	0.000190029	5019	13
0	22	0.000182568	5024	14
0	22	0.0001598	5030	15
0	22	0.000150772	5036	16
0	22	0.000149217	5043	17
0	22	0.000189376	5051	18
0	22	0.000152303	5057	19
0	22	0.000137917	5064	20
0	22	0.000136349	5072	21
0	22	0.000130466	5078	22
0	22	0.000127762	5086	23
0	22	0.000214053	5094	24
0	22	0.000122564	5103	25
0	22	0.000130127	5112	26
0	22	0.000281062	5122	27
0	22	0.000158785	5133	28
0	22	0.000146263	5145	29
0	22	0.000129452	5158	30
0	22	0.000118201	5170	31
0	22	0.000211227	5180	32
0	23	0.000325722	5184	1
0	23	0.000385429	5186	2
0	23	0.000304238	5189	3
0	23	0.00308613	5191	4
0	23	0.00243334	5195	5
0	23	0.00112157	5199	6
0	23	0.00114723	5202	7
0	23	0.000975622	5205	8
0	23	0.000499278	5208	9
0	23	0.000641193	5213	10
0	23	0.000590342	5218	11
0	23	0.000324404	5222	12
0	23	0.000754449	5227	13
0	23	0.000456969	5232	14
0	23	0.000243154	5238	15
0	23	0.000216936	5243	16
0	23	0.000197414	5251	17
0	23	0.000166876	5257	18
0	23	0.000184958	5263	19
0	23	0.000175516	5270	20
0	23	0.000155465	5278	21
0	23	0.000159504	5285	22
0	23	0.000135541	5294	23
0	23	0.000131691	5301	24
0	23	0.000117666	5310	25
0	23	0.000111829	5319	26
0	23	0.000117908	5328	27
0	23	0.000110876	5337	28
0	23	0.000107896	5347	29
0	23	0.000141709	5356	30
0	23	0.000112695	5366	31
0	23	0.000111682	5377	32
0	24	0.000194615	5382	1
0	24	0.000314932	5384	2
0	24	0.000172707	5387	3
0	24	0.000251278	5390	4
0	24	0.000273389	5393	5
0	24	0.000200271	5397	6
0	24	0.000197513	5400	7
0	24	0.000315602	5403	8
0	24	0.000173794	5407	9
0	24	0.000152318	5412	10
0	24	0.000178341	5416	11
0	24	0.000225268	5420	12
0	24	0.000150101	5425	13
0	24	0.000138194	5431	14
0	24	0.000169563	5436	15
0	24	0.000185842	5441	16
0	24	0.000154682	5448	17
0	24	0.00018904	5454	18
0	24	0.000137807	5460	19
0	24	0.000132361	5467	20
0	24	0.000203993	5474	21
0	24	0.000168494	5481	22
0	24	0.000144564	5489	23
0	24	0.000338467	5497	24
0	24	0.000194379	5505	25
0	24	0.000184593	5514	26
0	24	0.00014957	5523	27
0	24	0.000133944	5533	28
0	24	0.000117222	5543	29
0	24	0.000106086	5554	30
0	24	0.000142405	5565	31
0	24	0.000106895	5575	32
0	25	0.000158243	5579	1
0	25	0.00020977	5582	2
0	25	0.00016688	5584	3
0	25	0.000221465	5588	4
0	25	0.000147324	5591	5
0	25	0.000184124	5595	6
0	25	0.000172411	5599	7
0	25	0.000464819	5603	8
0	25	0.000167435	5606	9
0	25	0.000174536	5610	10
0	25	0.000173764	5615	11
0	25	0.000236663	5619	12
0	25	0.000155368	5624	13
0	25	0.000152712	5629	14
0	25	0.000142111	5634	15
0	25	0.000140705	5643	16
0	25	0.000267867	5652	17
0	25	0.000126813	5660	18
0	25	0.000116383	5670	19
0	25	0.000111449	5679	20
0	25	0.000731385	5686	21
0	25	0.000445522	5694	22
0	25	0.000212571	5702	23
0	25	0.000197605	5711	24
0	25	0.00023361	5720	25
0	25	0.000220653	5729	26
0	25	0.000280027	5741	27
0	25	0.000181625	5750	28
0	25	0.000114361	5760	29
0	25	0.000102823	5771	30
0	25	9.64936e-005	5783	31
0	25	0.000104152	5793	32
0	26	0.000143511	5797	1
0	26	0.000253073	5799	2
0	26	0.000302361	5802	3
0	26	0.000122024	5805	4
0	26	0.000215113	5808	5
0	26	0.000198579	5812	6
0	26	0.000180943	5816	7
0	26	0.000247985	5819	8
0	26	0.00022977	5824	9
0	26	0.00015562	5828	10
0	26	0.000180319	5832	11
0	26	0.00013524	5837	12
0	26	0.000306844	5842	13
0	26	0.000163353	5848	14
0	26	0.000194669	5853	15
0	26	0.000170509	5868	16
0	26	0.000156873	5875	17
0	26	0.000138446	5881	18
0	26	0.000140436	5888	19
0	26	0.000121363	5895	20
0	26	0.000128588	5902	21
0	26	0.000140781	5912	22
0	26	0.000116185	5923	23
0	26	0.00015282	5931	24
0	26	0.000105927	5940	25
0	26	0.000101792	5950	26
0	26	0.000121434	5959	27
0	26	0.000107459	5969	28
0	26	0.000103363	5981	29
0	26	0.000112743	5994	30
0	26	0.000102689	6009	31
0	26	0.000192982	6020	32
0	27	0.00028894	6024	1
0	27	0.00138069	6027	2
0	27	0.00142637	6030	3
0	27	0.000676456	6033	4
0	27	0.000532962	6036	5
0	27	0.000588078	6040	6
0	27	0.000582998	6043	7
0	27	0.000487642	6047	8
0	27	0.000268914	6052	9
0	27	0.000234186	6056	10
0	27	0.000264278	6062	11
0	27	0.000263336	6067	12
0	27	0.000255256	6073	13
0	27	0.000242337	6079	14
0	27	0.000204028	6084	15
0	27	0.000145662	6090	16
0	27	0.000129169	6096	17
0	27	0.000128585	6103	18
0	27	0.00015661	6110	19
0	27	0.00013177	6118	20
0	27	0.000135812	6126	21
0	27	0.00012576	6133	22
0	27	0.000125095	6142	23
0	27	0.000120855	6152	24
0	27	0.000112969	6163	25
0	27	0.000109025	6174	26
0	27	0.000102414	6184	27
0	27	9.8821e-005	6192	28
0	27	9.66391e-005	6203	29
0	27	0.000733764	6212	30
0	27	0.000283108	6223	31
0	27	0.000105372	6234	32
0	28	0.000199542	6238	1
0	28	0.000878579	6241	2
0	28	0.000449868	6244	3
0	28	0.000289878	6247	4
0	28	0.000328398	6251	5
0	28	0.000243405	6255	6
0	28	0.00066118	6259	7
0	28	0.000286261	6263	8
0	28	0.000262616	6267	9
0	28	0.000175321	6271	10
0	28	0.000264775	6275	11
0	28	0.000151389	6280	12
0	28	0.00014949	6285	13
0	28	0.000142587	6290	14
0	28	0.000231794	6295	15
0	28	0.000219127	6301	16
0	28	0.000190517	6307	17
0	28	0.000175192	6314	18
0	28	0.000169596	6321	19
0	28	0.000142569	6328	20
0	28	0.000131442	6335	21
0	28	0.000121874	6342	22
0	28	0.000167685	6351	23
0	28	0.00013182	6359	24
0	28	0.000159137	6367	25
0	28	0.000126937	6376	26
0	28	0.000125596	6384	27
0	28	0.000121291	6394	28
0	28	0.000113864	6404	29
0	28	9.99593e-005	6414	30
0	28	0.000490502	6424	31
0	28	0.00020197	6434	32
0	29	0.000332612	6438	1
0	29	0.00062587	6441	2
0	29	0.000323294	6444	3
0	29	0.000661875	6448	4
0	29	0.000485744	6451	5
0	29	0.000293473	6454	6
0	29	0.000488707	6458	7
0	29	0.000227356	6462	8
0	29	0.000158919	6466	9
0	29	0.000149353	6470	10
0	29	0.000955841	6479	11
0	29	0.00016969	6485	12
0	29	0.000171397	6490	13
0	29	0.00016154	6495	14
0	29	0.000142885	6501	15
0	29	0.000245314	6506	16
0	29	0.000216721	6512	17
0	29	0.000224225	6518	18
0	29	0.000173238	6524	19
0	29	0.000134028	6531	20
0	29	0.000169614	6538	21
0	29	0.000155514	6546	22
0	29	0.00010616	6553	23
0	29	0.000188019	6562	24
0	29	0.00011571	6569	25
0	29	0.000106659	6580	26
0	29	9.59591e-005	6589	27
0	29	0.000118175	6599	28
0	29	9.28141e-005	6609	29
0	29	0.000110133	6619	30
0	29	9.3364e-005	6630	31
0	29	8.24461e-005	6644	32
0	30	0.000120465	6649	1
0	30	0.000174784	6653	2
0	30	0.000137778	6657	3
0	30	0.000194916	6662	4
0	30	0.000174622	6666	5
0	30	0.000287285	6671	6
0	30	0.000179338	6676	7
0	30	0.000181222	6681	8
0	30	0.0001392	6685	9
0	30	0.000139723	6689	10
0	30	0.000138786	6694	11
0	30	0.00012019	6700	12
0	30	0.000215373	6706	13
0	30	0.000126471	6711	14
0	30	0.000129535	6718	15
0	30	0.000125926	6724	16
0	30	0.000113355	6731	17
0	30	0.000101949	6737	18
0	30	9.45931e-005	6744	19
0	30	0.000205919	6752	20
0	30	9.77525e-005	6761	21
0	30	9.23073e-005	6768	22
0	30	0.000122374	6776	23
0	30	8.74434e-005	6784	24
0	30	0.000466399	6793	25
0	30	0.000187924	6805	26
0	30	8.7229e-005	6816	27
0	30	8.54204e-005	6827	28
0	30	9.42894e-005	6837	29
0	30	8.14772e-005	6848	30
0	30	8.04409e-005	6859	31
0	30	9.73434e-005	6870	32
0	31	0.000174203	6874	1
0	31	0.000302719	6877	2
0	31	0.000342242	6880	3
0	31	0.000205351	6883	4
0	31	0.000242711	6886	5
0	31	0.000131944	6890	6
0	31	0.000146833	6894	7
0	31	0.000133787	6900	8
0	31	0.000132177	6904	9
0	31	0.000131548	6908	10
0	31	0.000167632	6914	11
0	31	0.000110098	6920	12
0	31	0.000155205	6924	13
0	31	0.000109609	6929	14
0	31	0.00013217	6935	15
0	31	0.000132265	6940	16
0	31	0.000115751	6949	17
0	31	0.000105099	6955	18
0	31	0.000129156	6964	19
0	31	0.000100092	6971	20
0	31	0.000189514	6978	21
0	31	0.00013866	6986	22
0	31	0.000101367	6994	23
0	31	0.000100901	7003	24
0	31	0.000108149	7011	25
0	31	9.94202e-005	7024	26
0	31	0.000104018	7033	27
0	31	9.49954e-005	7042	28
0	31	9.11315e-005	7052	29
0	31	9.32793e-005	7062	30
0	31	8.85141e-005	7073	31
0	31	8.59256e-005	7084	32
0	32	0.000148805	7087	1
0	32	0.000296116	7091	2
0	32	0.000363079	7094	3
0	32	0.000286617	7098	4
0	32	0.000284407	7101	5
0	32	0.000113965	7105	6
0	32	0.000186654	7109	7
0	32	0.000107563	7113	8
0	32	0.000185502	7116	9
0	32	0.000125414	7121	10
0	32	0.000137877	7125	11
0	32	0.000244529	7130	12
0	32	0.000145329	7134	13
0	32	0.000173396	7140	14
0	32	0.000129497	7147	15
0	32	0.000165273	7154	16
0	32	0.000124536	7160	17
0	32	0.00017902	7168	18
0	32	0.000110094	7175	19
0	32	0.000112	7182	20
0	32	0.000109791	7188	21
0	32	0.000102511	7195	22
0	32	8.7107e-005	7203	23
0	32	8.78659e-005	7210	24
0	32	7.93393e-005	7218	25
0	32	7.37732e-005	7227	26
0	32	0.000279506	7235	27
0	32	0.000171266	7246	28
0	32	0.000106891	7256	29
0	32	0.000108397	7266	30
0	32	8.00731e-005	7276	31
0	32	7.97772e-005	7288	32
0	33	0.000100947	7291	1
0	33	0.000231353	7295	2
0	33	0.00019192	7298	3
0	33	0.00014995	7301	4
0	33	0.000189668	7304	5
0	33	0.000128141	7308	6
0	33	0.000105495	7312	7
0	33	0.000144936	7316	8
0	33	0.000101872	7319	9
0	33	9.9856e-005	7324	10
0	33	0.000172586	7329	11
0	33	0.000107383	7335	12
0	33	8.93867e-005	7341	13
0	33	0.000145295	7346	14
0	33	8.63122e-005	7351	15
0	33	0.000124438	7358	16
0	33	0.000103829	7364	17
0	33	0.000169841	7370	18
0	33	0.000106588	7379	19
0	33	8.81622e-005	7385	20
0	33	9.41493e-005	7392	21
0	33	0.000206717	7400	22
0	33	9.0723e-005	7408	23
0	33	9.5811e-005	7416	24
0	33	9.14623e-005	7424	25
0	33	9.38485e-005	7433	26
0	33	6.7055e-005	7441	27
0	33	7.37401e-005	7452	28
0	33	9.96413e-005	7462	29
0	33	6.98681e-005	7472	30
0	33	7.89713e-005	7482	31
0	33	7.18769e-005	7494	32
0	34	8.92245e-005	7498	1
0	34	0.000148322	7501	2
0	34	0.000130063	7504	3
0	34	9.04525e-005	7507	4
0	34	9.71293e-005	7510	5
0	34	0.000100193	7514	6
0	34	0.000164767	7517	7
0	34	0.000117747	7520	8
0	34	0.000111967	7524	9
0	34	0.000114956	7528	10
0	34	0.000132533	7533	11
0	34	7.80953e-005	7538	12
0	34	7.96723e-005	7544	13
0	34	7.84087e-005	7551	14
0	34	0.000329884	7556	15
0	34	0.000295437	7562	16
0	34	0.000245841	7569	17
0	34	0.000376792	7576	18
0	34	0.00014488	7582	19
0	34	0.00010582	7588	20
0	34	9.78352e-005	7599	21
0	34	8.45387e-005	7608	22
0	34	8.35108e-005	7616	23
0	34	0.000112344	7624	24
0	34	6.74984e-005	7632	25
0	34	6.63455e-005	7642	26
0	34	0.000350484	7650	27
0	34	0.00014684	7663	28
0	34	0.000105406	7676	29
0	34	6.92041e-005	7691	30
0	34	6.49859e-005	7703	31
0	34	6.41931e-005	7715	32
0	35	0.000107407	7720	1
0	35	0.000169238	7723	2
0	35	0.000119442	7726	3
0	35	0.000110769	7730	4
0	35	9.34416e-005	7733	5
0	35	0.000115106	7737	6
0	35	9.99799e-005	7740	7
0	35	0.000145319	7744	8
0	35	0.000106772	7748	9
0	35	0.000100091	7754	10
0	35	0.000130392	7759	11
0	35	0.000137146	7764	12
0	35	0.000109262	7769	13
0	35	8.68702e-005	7774	14
0	35	0.000140343	7780	15
0	35	9.60841e-005	7786	16
0	35	8.5693e-005	7792	17
0	35	0.000102379	7798	18
0	35	8.38719e-005	7805	19
0	35	0.000230499	7813	20
0	35	9.07898e-005	7819	21
0	35	0.000127637	7829	22
0	35	0.000117677	7837	23
0	35	8.09568e-005	7847	24
0	35	5.90797e-005	7855	25
0	35	5.88147e-005	7867	26
0	35	0.00026946	7877	27
0	35	9.9433e-005	7886	28
0	35	6.30843e-005	7897	29
0	35	5.84585e-005	7908	30
0	35	5.82308e-005	7920	31
0	35	5.61547e-005	7932	32
0	36	9.70242e-005	7935	1
0	36	0.000134988	7938	2
0	36	0.000105846	7941	3
0	36	0.000131323	7944	4
0	36	0.000173786	7948	5
0	36	0.000121872	7950	6
0	36	0.000152117	7954	7
0	36	0.00010406	7958	8
0	36	0.000104063	7962	9
0	36	0.000103694	7967	10
0	36	0.000137574	7971	11
0	36	9.86527e-005	7976	12
0	36	0.000112203	7983	13
0	36	0.000245591	7990	14
0	36	0.00010019	7997	15
0	36	0.000128653	8006	16
0	36	7.74754e-005	8013	17
0	36	7.19021e-005	8019	18
0	36	0.000222123	8026	19
0	36	0.000100941	8033	20
0	36	9.19898e-005	8040	21
0	36	8.57098e-005	8048	22
0	36	0.000108489	8058	23
0	36	7.59134e-005	8065	24
0	36	7.26694e-005	8074	25
0	36	7.06048e-005	8083	26
0	36	6.71673e-005	8093	27
0	36	0.000225082	8103	28
0	36	0.000121401	8114	29
0	36	0.000110123	8127	30
0	36	0.000101456	8138	31
0	36	0.000105192	8150	32
0	37	0.000192979	8155	1
0	37	0.000247083	8158	2
0	37	0.0003329	8162	3
0	37	0.000293671	8166	4
0	37	0.000216882	8170	5
0	37	0.000107105	8174	6
0	37	0.000119213	8179	7
0	37	0.000176601	8184	8
0	37	0.000124241	8188	9
0	37	0.00012747	8193	10
0	37	0.000119956	8198	11
0	37	0.00027922	8203	12
0	37	0.000210034	8208	13
0	37	0.000174722	8214	14
0	37	0.000280408	8219	15
0	37	0.000149551	8224	16
0	37	0.000153681	8230	17
0	37	0.000172375	8236	18
0	37	0.000115746	8242	19
0	37	0.000100489	8249	20
0	37	0.000155003	8256	21
0	37	0.000123713	8262	22
0	37	9.73725e-005	8269	23
0	37	9.43983e-005	8278	24
0	37	9.26138e-005	8285	25
0	37	9.22341e-005	8294	26
0	37	8.97894e-005	8303	27
0	37	8.79327e-005	8314	28
0	37	8.57378e-005	8324	29
0	37	7.03618e-005	8335	30
0	37	6.51572e-005	8346	31
0	37	0.000105297	8357	32
0	38	0.000170889	8361	1
0	38	0.000317475	8363	2
0	38	0.000343275	8366	3
0	38	0.000215894	8370	4
0	38	0.000145623	8374	5
0	38	0.00013461	8378	6
0	38	0.000133235	8382	7
0	38	9.34409e-005	8386	8
0	38	8.67834e-005	8391	9
0	38	0.000101211	8395	10
0	38	0.000100961	8399	11
0	38	0.000146036	8405	12
0	38	8.14118e-005	8411	13
0	38	8.10545e-005	8418	14
0	38	0.000166871	8425	15
0	38	0.000202819	8431	16
0	38	0.000161888	8437	17
0	38	0.000296458	8443	18
0	38	0.000105391	8450	19
0	38	8.3406e-005	8456	20
0	38	7.59341e-005	8464	21
0	38	7.57558e-005	8471	22
0	38	6.08176e-005	8480	23
0	38	6.45832e-005	8486	24
0	38	5.69983e-005	8494	25
0	38	7.84033e-005	8502	26
0	38	9.91669e-005	8512	27
0	38	6.56366e-005	8521	28
0	38	5.84926e-005	8531	29
0	38	5.78007e-005	8541	30
0	38	5.27956e-005	8552	31
0	38	8.8776e-005	8563	32
0	39	0.000136793	8567	1
0	39	0.000141118	8570	2
0	39	0.000879749	8573	3
0	39	0.00088617	8588	4
0	39	0.000253112	8592	5
0	39	0.000267879	8595	6
0	39	0.000303756	8599	7
0	39	0.000198131	8602	8
0	39	0.000189885	8607	9
0	39	0.000179136	8611	10
0	39	0.000168292	8616	11
0	39	0.000123117	8620	12
0	39	0.000125001	8625	13
0	39	0.000116094	8631	14
0	39	0.000204009	8636	15
0	39	0.000131514	8642	16
0	39	0.000133335	8648	17
0	39	0.000123758	8654	18
0	39	0.00010815	8662	19
0	39	0.000121692	8672	20
0	39	9.78146e-005	8682	21
0	39	8.56467e-005	8693	22
0	39	8.06498e-005	8702	23
0	39	7.67835e-005	8711	24
0	39	0.000109911	8720	25
0	39	8.34673e-005	8730	26
0	39	8.13492e-005	8740	27
0	39	6.80776e-005	8751	28
0	39	6.56015e-005	8761	29
0	39	6.544e-005	8772	30
0	39	6.60014e-005	8783	31
0	39	6.49556e-005	8795	32
0	40	0.000123784	8799	1
0	40	0.000545701	8802	2
0	40	0.000555452	8806	3
0	40	0.000307036	8810	4
0	40	0.000221967	8814	5
0	40	0.000192665	8817	6
0	40	0.000234211	8821	7
0	40	0.000146356	8825	8
0	40	0.000490791	8829	9
0	40	0.000284028	8833	10
0	40	0.000166611	8838	11
0	40	0.000138498	8843	12
0	40	0.000135292	8848	13
0	40	0.00012477	8853	14
0	40	0.00012205	8860	15
0	40	0.000118145	8865	16
0	40	8.8408e-005	8870	17
0	40	6.93485e-005	8877	18
0	40	8.09245e-005	8883	19
0	40	9.40664e-005	8889	20
0	40	6.11906e-005	8896	21
0	40	7.50399e-005	8904	22
0	40	6.17083e-005	8911	23
0	40	5.52883e-005	8920	24
0	40	6.14237e-005	8929	25
0	40	5.26204e-005	8938	26
0	40	5.66012e-005	8948	27
0	40	5.55976e-005	8957	28
0	40	5.19558e-005	8968	29
0	40	6.30823e-005	8978	30
0	40	5.18591e-005	8989	31
0	40	5.16772e-005	9001	32
0	41	7.1583e-005	9006	1
0	41	0.000201751	9008	2
0	41	0.000188332	9011	3
0	41	0.00012415	9014	4
0	41	0.000145507	9018	5
0	41	9.17604e-005	9021	6
0	41	0.000204814	9024	7
0	41	0.000120271	9028	8
0	41	8.22352e-005	9032	9
0	41	7.86503e-005	9036	10
0	41	0.000111742	9040	11
0	41	0.000101991	9045	12
0	41	8.01354e-005	9050	13
0	41	0.000124117	9055	14
0	41	7.98524e-005	9061	15
0	41	7.45814e-005	9067	16
0	41	6.85901e-005	9072	17
0	41	8.85218e-005	9079	18
0	41	8.00786e-005	9085	19
0	41	7.40035e-005	9092	20
0	41	6.88741e-005	9099	21
0	41	6.58077e-005	9105	22
0	41	7.32517e-005	9113	23
0	41	6.57729e-005	9120	24
0	41	8.4323e-005	9129	25
0	41	0.00012511	9138	26
0	41	9.67603e-005	9147	27
0	41	6.44579e-005	9157	28
0	41	6.11168e-005	9167	29
0	41	5.53041e-005	9175	30
0	41	5.02843e-005	9186	31
0	41	4.96542e-005	9202	32
0	42	7.19509e-005	9211	1
0	42	0.000111656	9215	2
0	42	6.68027e-005	9219	3
0	42	0.000139434	9222	4
0	42	0.000138094	9225	5
0	42	8.94676e-005	9229	6
0	42	0.000230794	9232	7
0	42	0.000185482	9236	8
0	42	8.52191e-005	9240	9
0	42	0.000211135	9244	10
0	42	0.000104886	9249	11
0	42	6.01235e-005	9253	12
0	42	5.79516e-005	9258	13
0	42	7.05852e-005	9263	14
0	42	6.07941e-005	9268	15
0	42	5.86988e-005	9273	16
0	42	6.2248e-005	9279	17
0	42	5.56555e-005	9285	18
0	42	7.66855e-005	9291	19
0	42	6.30501e-005	9299	20
0	42	5.68377e-005	9306	21
0	42	6.52162e-005	9313	22
0	42	6.01539e-005	9321	23
0	42	5.68234e-005	9329	24
0	42	5.3385e-005	9337	25
0	42	6.53081e-005	9346	26
0	42	5.15789e-005	9354	27
0	42	6.00506e-005	9364	28
0	42	4.9219e-005	9373	29
0	42	4.88292e-005	9384	30
0	42	5.00697e-005	9394	31
0	42	5.10858e-005	9405	32
0	43	8.08695e-005	9409	1
0	43	9.91646e-005	9412	2
0	43	8.5405e-005	9415	3
0	43	0.000270594	9418	4
0	43	0.00013375	9421	5
0	43	0.000104642	9425	6
0	43	0.000164542	9428	7
0	43	0.000103105	9432	8
0	43	0.000103369	9436	9
0	43	9.74705e-005	9442	10
0	43	0.00012709	9447	11
0	43	9.48718e-005	9452	12
0	43	7.02477e-005	9456	13
0	43	0.000151345	9461	14
0	43	9.87989e-005	9467	15
0	43	9.55064e-005	9473	16
0	43	9.17822e-005	9479	17
0	43	7.27758e-005	9485	18
0	43	6.1495e-005	9491	19
0	43	5.88173e-005	9499	20
0	43	6.81194e-005	9506	21
0	43	6.36372e-005	9515	22
0	43	5.86196e-005	9525	23
0	43	6.25907e-005	9533	24
0	43	5.49978e-005	9540	25
0	43	8.04883e-005	9553	26
0	43	5.02521e-005	9563	27
0	43	0.000293073	9572	28
0	43	0.000124227	9582	29
0	43	6.91815e-005	9594	30
0	43	6.14206e-005	9606	31
0	43	5.01675e-005	9617	32
0	44	8.01485e-005	9621	1
0	44	0.000106741	9623	2
0	44	7.64334e-005	9626	3
0	44	0.000110998	9630	4
0	44	8.66909e-005	9634	5
0	44	0.000108382	9638	6
0	44	8.64048e-005	9642	7
0	44	9.4982e-005	9646	8
0	44	7.81715e-005	9650	9
0	44	0.000114891	9656	10
0	44	8.09239e-005	9659	11
0	44	0.000346899	9665	12
0	44	0.000215423	9671	13
0	44	0.000139218	9677	14
0	44	0.000233196	9684	15
0	44	0.000106461	9692	16
0	44	8.84362e-005	9698	17
0	44	6.7031e-005	9704	18
0	44	6.72029e-005	9712	19
0	44	7.63797e-005	9722	20
0	44	7.78517e-005	9732	21
0	44	6.73574e-005	9743	22
0	44	8.59268e-005	9751	23
0	44	6.3621e-005	9760	24
0	44	6.36435e-005	9768	25
0	44	5.68192e-005	9778	26
0	44	5.6338e-005	9787	27
0	44	5.31829e-005	9797	28
0	44	5.83332e-005	9806	29
0	44	5.13375e-005	9817	30
0	44	4.98431e-005	9826	31
0	44	5.85294e-005	9838	32
0	45	0.000102106	9843	1
0	45	0.000196159	9846	2
0	45	0.0001024	9850	3
0	45	8.20624e-005	9852	4
0	45	0.000218994	9856	5
0	45	0.000127987	9859	6
0	45	8.08948e-005	9863	7
0	45	8.80495e-005	9868	8
0	45	9.55474e-005	9873	9
0	45	8.1732e-005	9877	10
0	45	0.000108351	9881	11
0	45	8.22972e-005	9886	12
0	45	0.000118602	9891	13
0	45	7.97608e-005	9896	14
0	45	0.000108948	9902	15
0	45	8.81706e-005	9908	16
0	45	7.6254e-005	9913	17
0	45	8.96308e-005	9919	18
0	45	8.03293e-005	9926	19
0	45	8.95996e-005	9933	20
0	45	7.88499e-005	9939	21
0	45	7.30705e-005	9947	22
0	45	7.17679e-005	9953	23
0	45	9.32074e-005	9963	24
0	45	0.000120588	9971	25
0	45	5.97617e-005	9980	26
0	45	5.52188e-005	9989	27
0	45	5.43273e-005	9998	28
0	45	4.94805e-005	10008	29
0	45	0.000227464	10018	30
0	45	7.94692e-005	10028	31
0	45	4.92495e-005	10038	32
0	46	8.46853e-005	10043	1
0	46	0.00031675	10047	2
0	46	0.00030044	10050	3
0	46	0.00021158	10052	4
0	46	0.000158142	10056	5
0	46	0.000154405	10060	6
0	46	0.000130928	10064	7
0	46	0.000187898	10069	8
0	46	9.44175e-005	10073	9
0	46	0.00020571	10079	10
0	46	0.000160565	10085	11
0	46	0.000143539	10090	12
0	46	0.000130145	10096	13
0	46	7.95461e-005	10101	14
0	46	7.41646e-005	10107	15
0	46	0.000154867	10112	16
0	46	8.57009e-005	10119	17
0	46	9.42504e-005	10124	18
0	46	8.1467e-005	10131	19
0	46	0.0002738	10138	20
0	46	0.000107373	10144	21
0	46	0.000103549	10151	22
0	46	6.9541e-005	10158	23
0	46	6.41177e-005	10166	24
0	46	6.17819e-005	10174	25
0	46	5.50651e-005	10184	26
0	46	5.29082e-005	10192	27
0	46	5.0626e-005	10202	28
0	46	5.84583e-005	10212	29
0	46	5.23247e-005	10226	30
0	46	4.96789e-005	10238	31
0	46	5.51343e-005	10250	32
0	47	9.94053e-005	10254	1
0	47	0.000412303	10256	2
0	47	0.000427849	10259	3
0	47	0.0001398	10262	4
0	47	0.000530651	10265	5
0	47	0.000418233	10268	6
0	47	0.000138863	10272	7
0	47	0.000107375	10276	8
0	47	0.00012423	10280	9
0	47	0.000124837	10284	10
0	47	9.83305e-005	10288	11
0	47	0.000110599	10293	12
0	47	9.38764e-005	10298	13
0	47	0.000173452	10304	14
0	47	0.000159771	10309	15
0	47	0.000121506	10314	16
0	47	8.5069e-005	10320	17
0	47	0.00014392	10327	18
0	47	0.000131529	10333	19
0	47	7.48597e-005	10339	20
0	47	6.24654e-005	10347	21
0	47	6.09592e-005	10354	22
0	47	5.66754e-005	10362	23
0	47	5.30123e-005	10370	24
0	47	8.30772e-005	10378	25
0	47	7.53961e-005	10386	26
0	47	6.5615e-005	10394	27
0	47	7.70118e-005	10403	28
0	47	5.29825e-005	10413	29
0	47	5.0581e-005	10423	30
0	47	4.97744e-005	10434	31
0	47	6.99417e-005	10445	32
0	48	0.000102742	10449	1
0	48	0.00012107	10451	2
0	48	9.94128e-005	10454	3
0	48	0.000654418	10458	4
0	48	0.000634132	10462	5
0	48	0.000131944	10466	6
0	48	0.00018262	10469	7
0	48	0.000130444	10474	8
0	48	0.000200986	10478	9
0	48	0.000125266	10482	10
0	48	0.000111296	10486	11
0	48	0.000109153	10491	12
0	48	0.000115487	10495	13
0	48	9.28174e-005	10500	14
0	48	7.27839e-005	10506	15
0	48	6.85784e-005	10511	16
0	48	6.55635e-005	10516	17
0	48	5.53106e-005	10524	18
0	48	5.10785e-005	10530	19
0	48	0.000101317	10536	20
0	48	5.08398e-005	10543	21
0	48	5.06283e-005	10550	22
0	48	7.18704e-005	10558	23
0	48	5.33731e-005	10566	24
0	48	7.05014e-005	10574	25
0	48	7.964e-005	10583	26
0	48	4.90076e-005	10593	27
0	48	4.57593e-005	10602	28
0	48	6.34391e-005	10612	29
0	48	4.71022e-005	10622	30
0	48	0.000103154	10633	31
0	48	4.84941e-005	10646	32
0	49	8.31863e-005	10649	1
0	49	0.000108838	10652	2
0	49	9.22571e-005	10654	3
0	49	0.000327947	10657	4
0	49	0.000134914	10660	5
0	49	9.65931e-005	10664	6
0	49	8.22771e-005	10667	7
0	49	9.70386e-005	10671	8
0	49	0.000119816	10675	9
0	49	9.74531e-005	10680	10
0	49	8.28637e-005	10685	11
0	49	9.66492e-005	10689	12
0	49	7.16462e-005	10694	13
0	49	7.3757e-005	10699	14
0	49	0.000127789	10704	15
0	49	7.97402e-005	10710	16
0	49	7.38168e-005	10719	17
0	49	7.90969e-005	10727	18
0	49	5.68374e-005	10736	19
0	49	5.76772e-005	10745	20
0	49	6.73768e-005	10754	21
0	49	6.82909e-005	10763	22
0	49	6.6369e-005	10773	23
0	49	6.12865e-005	10781	24
0	49	5.07957e-005	10791	25
0	49	4.67029e-005	10800	26
0	49	4.66995e-005	10809	27
0	49	7.96023e-005	10818	28
0	49	4.80756e-005	10830	29
0	49	4.53687e-005	10841	30
0	49	6.25842e-005	10851	31
0	49	4.32886e-005	10863	32
0	50	6.46295e-005	10866	1
0	50	0.000166313	10869	2
0	50	0.000111383	10872	3
0	50	7.43005e-005	10876	4
0	50	9.65437e-005	10880	5
0	50	6.77965e-005	10884	6
0	50	6.96098e-005	10888	7
0	50	6.56244e-005	10892	8
0	50	0.000179273	10897	9
0	50	0.000126253	10902	10
0	50	9.52564e-005	10908	11
0	50	6.66649e-005	10913	12
0	50	0.00012947	10918	13
0	50	8.6141e-005	10923	14
0	50	0.000127456	10930	15
0	50	8.45315e-005	10935	16
0	50	6.84762e-005	10941	17
0	50	6.85409e-005	10948	18
0	50	0.000120023	10954	19
0	50	6.65068e-005	10961	20
0	50	5.86075e-005	10969	21
0	50	5.34075e-005	10979	22
0	50	7.00163e-005	10986	23
0	50	6.5847e-005	10994	24
0	50	5.08993e-005	11002	25
0	50	5.07838e-005	11011	26
0	50	4.77723e-005	11020	27
0	50	5.05e-005	11030	28
0	50	4.99812e-005	11040	29
0	50	8.41884e-005	11051	30
0	50	6.73565e-005	11062	31
0	50	5.5449e-005	11074	32
0	51	9.60711e-005	11078	1
0	51	0.000257313	11081	2
0	51	0.000142807	11083	3
0	51	0.000140099	11086	4
0	51	8.36069e-005	11090	5
0	51	9.42004e-005	11093	6
0	51	7.39817e-005	11097	7
0	51	0.000108228	11101	8
0	51	7.73905e-005	11104	9
0	51	0.000169498	11108	10
0	51	0.000136791	11113	11
0	51	7.08983e-005	11117	12
0	51	0.000111418	11122	13
0	51	6.66969e-005	11127	14
0	51	7.70406e-005	11133	15
0	51	9.17295e-005	11140	16
0	51	6.90244e-005	11148	17
0	51	6.91712e-005	11154	18
0	51	8.54067e-005	11160	19
0	51	8.08157e-005	11168	20
0	51	5.97761e-005	11174	21
0	51	0.000252215	11184	22
0	51	6.28224e-005	11192	23
0	51	5.5307e-005	11201	24
0	51	4.82761e-005	11209	25
0	51	4.78084e-005	11218	26
0	51	6.05084e-005	11229	27
0	51	4.61956e-005	11242	28
0	51	4.4214e-005	11254	29
0	51	4.4067e-005	11266	30
0	51	4.10907e-005	11277	31
0	51	7.13458e-005	11288	32
0	52	9.79532e-005	11292	1
0	52	0.000119053	11295	2
0	52	0.000231762	11298	3
0	52	0.000151051	11301	4
0	52	0.00016899	11304	5
0	52	0.000114216	11308	6
0	52	0.000114441	11311	7
0	52	9.53899e-005	11315	8
0	52	0.000203188	11319	9
0	52	9.11841e-005	11324	10
0	52	7.86986e-005	11329	11
0	52	7.04795e-005	11333	12
0	52	5.46656e-005	11338	13
0	52	5.25528e-005	11343	14
0	52	5.84247e-005	11348	15
0	52	5.44555e-005	11354	16
0	52	8.0836e-005	11359	17
0	52	4.38613e-005	11366	18
0	52	4.25743e-005	11372	19
0	52	4.25487e-005	11380	20
0	52	4.84932e-005	11387	21
0	52	4.2924e-005	11395	22
0	52	7.87862e-005	11403	23
0	52	5.93817e-005	11411	24
0	52	7.49608e-005	11419	25
0	52	6.46638e-005	11429	26
0	52	4.39044e-005	11437	27
0	52	4.01259e-005	11447	28
0	52	9.15074e-005	11457	29
0	52	5.07515e-005	11468	30
0	52	3.73561e-005	11479	31
0	52	5.5611e-005	11491	32
0	53	8.4077e-005	11495	1
0	53	0.0014434	11498	2
0	53	0.00140415	11501	3
0	53	0.000428598	11504	4
0	53	0.000259611	11506	5
0	53	0.000449725	11510	6
0	53	0.000258621	11514	7
0	53	0.00024301	11517	8
0	53	0.000226218	11522	9
0	53	0.000180814	11526	10
0	53	0.000170295	11530	11
0	53	0.00106619	11534	12
0	53	0.000272123	11539	13
0	53	0.00020143	11545	14
0	53	0.000169657	11550	15
0	53	9.21197e-005	11557	16
0	53	5.74241e-005	11563	17
0	53	5.53182e-005	11569	18
0	53	7.23932e-005	11575	19
0	53	4.77993e-005	11582	20
0	53	4.64108e-005	11588	21
0	53	7.04432e-005	11596	22
0	53	8.72397e-005	11604	23
0	53	6.3606e-005	11612	24
0	53	4.4712e-005	11621	25
0	53	3.81239e-005	11629	26
0	53	0.000140088	11638	27
0	53	9.4222e-005	11648	28
0	53	6.7887e-005	11665	29
0	53	6.50166e-005	11677	30
0	53	3.72804e-005	11688	31
0	53	3.68931e-005	11698	32
0	54	6.11373e-005	11702	1
0	54	6.87749e-005	11704	2
0	54	6.92326e-005	11707	3
0	54	6.54659e-005	11711	4
0	54	5.8432e-005	11715	5
0	54	8.40183e-005	11718	6
0	54	7.08865e-005	11721	7
0	54	8.25537e-005	11725	8
0	54	4.86071e-005	11730	9
0	54	0.000108614	11735	10
0	54	0.000113141	11741	11
0	54	8.02781e-005	11748	12
0	54	5.8939e-005	11756	13
0	54	5.41291e-005	11763	14
0	54	4.55084e-005	11768	15
0	54	5.3522e-005	11774	16
0	54	5.40261e-005	11780	17
0	54	4.4617e-005	11786	18
0	54	7.92238e-005	11793	19
0	54	5.32179e-005	11800	20
0	54	4.378e-005	11807	21
0	54	4.86672e-005	11814	22
0	54	4.02768e-005	11822	23
0	54	7.68276e-005	11832	24
0	54	5.00772e-005	11842	25
0	54	6.73764e-005	11851	26
0	54	5.20469e-005	11860	27
0	54	7.49307e-005	11870	28
0	54	4.89851e-005	11883	29
0	54	3.6255e-005	11895	30
0	54	3.57083e-005	11907	31
0	54	4.17059e-005	11920	32
0	55	6.34479e-005	11925	1
0	55	0.000129103	11928	2
0	55	8.86717e-005	11931	3
0	55	8.63287e-005	11934	4
0	55	8.99237e-005	11937	5
0	55	7.8566e-005	11940	6
0	55	8.2573e-005	11945	7
0	55	5.27126e-005	11948	8
0	55	0.000120678	11952	9
0	55	7.92525e-005	11956	10
0	55	8.33273e-005	11962	11
0	55	6.37794e-005	11967	12
0	55	5.67373e-005	11972	13
0	55	7.1282e-005	11978	14
0	55	7.76706e-005	11985	15
0	55	6.38241e-005	11992	16
0	55	5.61501e-005	11999	17
0	55	9.72017e-005	12005	18
0	55	6.12324e-005	12012	19
0	55	5.23263e-005	12019	20
0	55	5.07079e-005	12025	21
0	55	5.88303e-005	12033	22
0	55	4.27733e-005	12041	23
0	55	3.99037e-005	12049	24
0	55	4.25602e-005	12057	25
0	55	3.77869e-005	12065	26
0	55	3.38105e-005	12073	27
0	55	3.65986e-005	12083	28
0	55	3.22281e-005	12093	29
0	55	5.25702e-005	12103	30
0	55	4.92391e-005	12113	31
0	55	4.24489e-005	12124	32
0	56	6.67239e-005	12128	1
0	56	9.67706e-005	12130	2
0	56	9.98037e-005	12133	3
0	56	6.14296e-005	12137	4
0	56	7.12543e-005	12140	5
0	56	6.48492e-005	12144	6
0	56	0.000365947	12147	7
0	56	0.000193791	12150	8
0	56	0.000161224	12154	9
0	56	0.000108177	12158	10
0	56	8.47271e-005	12163	11
0	56	7.02862e-005	12167	12
0	56	6.27961e-005	12172	13
0	56	9.37873e-005	12177	14
0	56	6.26707e-005	12182	15
0	56	6.29789e-005	12189	16
0	56	6.10104e-005	12194	17
0	56	5.69801e-005	12200	18
0	56	5.21681e-005	12206	19
0	56	5.68871e-005	12213	20
0	56	4.51488e-005	12220	21
0	56	6.71192e-005	12228	22
0	56	4.11903e-005	12237	23
0	56	5.09065e-005	12248	24
0	56	5.29755e-005	12258	25
0	56	8.61398e-005	12268	26
0	56	4.15697e-005	12277	27
0	56	3.95448e-005	12287	28
0	56	3.92275e-005	12297	29
0	56	3.64673e-005	12307	30
0	56	5.68657e-005	12317	31
0	56	4.64393e-005	12328	32
0	57	8.35257e-005	12332	1
0	57	0.000111638	12334	2
0	57	0.000113158	12337	3
0	57	0.000125555	12340	4
0	57	8.35974e-005	12343	5
0	57	6.1899e-005	12347	6
0	57	7.14052e-005	12350	7
0	57	0.000119058	12354	8
0	57	6.66392e-005	12358	9
0	57	0.000204878	12362	10
0	57	0.000108937	12367	11
0	57	7.57843e-005	12371	12
0	57	5.64833e-005	12376	13
0	57	0.000156321	12381	14
0	57	0.000171476	12386	15
0	57	9.87366e-005	12391	16
0	57	6.62676e-005	12397	17
0	57	6.42323e-005	12403	18
0	57	6.11854e-005	12410	19
0	57	6.16644e-005	12417	20
0	57	5.3352e-005	12424	21
0	57	4.98634e-005	12432	22
0	57	4.61592e-005	12439	23
0	57	5.7068e-005	12448	24
0	57	5.48975e-005	12455	25
0	57	4.40118e-005	12465	26
0	57	5.79575e-005	12473	27
0	57	4.31973e-005	12483	28
0	57	4.13316e-005	12494	29
0	57	3.94649e-005	12504	30
0	57	4.58533e-005	12515	31
0	57	3.48136e-005	12526	32
0	58	6.28718e-005	12530	1
0	58	0.000120768	12533	2
0	58	0.000115948	12536	3
0	58	8.70819e-005	12539	4
0	58	8.06815e-005	12542	5
0	58	7.50985e-005	12545	6
0	58	6.02217e-005	12549	7
0	58	5.50648e-005	12552	8
0	58	9.59427e-005	12557	9
0	58	0.000115811	12561	10
0	58	0.000100053	12565	11
0	58	7.76178e-005	12570	12
0	58	6.26271e-005	12575	13
0	58	5.88844e-005	12580	14
0	58	0.000116121	12586	15
0	58	6.22268e-005	12591	16
0	58	6.17289e-005	12597	17
0	58	0.000130749	12604	18
0	58	8.48226e-005	12611	19
0	58	5.73952e-005	12618	20
0	58	5.17647e-005	12624	21
0	58	4.75987e-005	12632	22
0	58	4.56463e-005	12640	23
0	58	4.76456e-005	12648	24
0	58	4.39634e-005	12660	25
0	58	4.81418e-005	12669	26
0	58	4.15007e-005	12679	27
0	58	4.59568e-005	12689	28
0	58	3.98707e-005	12698	29
0	58	4.40318e-005	12708	30
0	58	3.40871e-005	12719	31
0	58	3.54374e-005	12735	32
0	59	6.10876e-005	12739	1
0	59	6.97531e-005	12742	2
0	59	6.23379e-005	12746	3
0	59	0.000403999	12750	4
0	59	0.000335034	12754	5
0	59	9.28392e-005	12758	6
0	59	9.50546e-005	12762	7
0	59	8.17785e-005	12766	8
0	59	7.48747e-005	12770	9
0	59	6.3183e-005	12774	10
0	59	6.13457e-005	12779	11
0	59	7.12554e-005	12783	12
0	59	5.39904e-005	12788	13
0	59	6.01969e-005	12793	14
0	59	5.11867e-005	12798	15
0	59	5.25296e-005	12803	16
0	59	5.65235e-005	12809	17
0	59	4.93078e-005	12816	18
0	59	4.25441e-005	12824	19
0	59	7.39717e-005	12833	20
0	59	4.97639e-005	12840	21
0	59	6.59389e-005	12848	22
0	59	4.12044e-005	12855	23
0	59	4.08534e-005	12863	24
0	59	4.34596e-005	12872	25
0	59	4.02947e-005	12884	26
0	59	3.93179e-005	12895	27
0	59	4.59877e-005	12905	28
0	59	4.13979e-005	12915	29
0	59	3.06778e-005	12926	30
0	59	2.72834e-005	12936	31
0	59	0.000138282	12949	32
0	60	0.000183597	12953	1
0	60	0.000399546	12957	2
0	60	0.000233831	12960	3
0	60	0.000512058	12965	4
0	60	0.000266066	12970	5
0	60	0.000245975	12974	6
0	60	0.000128008	12979	7
0	60	8.61928e-005	12984	8
0	60	8.72791e-005	12989	9
0	60	8.22215e-005	12993	10
0	60	8.17858e-005	12998	11
0	60	6.34715e-005	13003	12
0	60	6.71041e-005	13010	13
0	60	6.58739e-005	13016	14
0	60	4.73755e-005	13021	15
0	60	6.83303e-005	13027	16
0	60	6.08009e-005	13033	17
0	60	4.91083e-005	13039	18
0	60	6.69756e-005	13045	19
0	60	6.26578e-005	13053	20
0	60	4.70827e-005	13059	21
0	60	4.15418e-005	13066	22
0	60	3.72953e-005	13074	23
0	60	3.63272e-005	13082	24
0	60	3.55598e-005	13092	25
0	60	6.99928e-005	13101	26
0	60	3.493e-005	13110	27
0	60	4.35064e-005	13119	28
0	60	3.42834e-005	13129	29
0	60	2.94584e-005	13139	30
0	60	2.94008e-005	13149	31
0	60	4.59397e-005	13160	32
0	61	7.76888e-005	13164	1
0	61	0.000596816	13167	2
0	61	0.000591946	13170	3
0	61	0.000245932	13172	4
0	61	0.000634831	13175	5
0	61	0.0003391	13179	6
0	61	0.000108136	13183	7
0	61	0.000342671	13187	8
0	61	0.000165325	13191	9
0	61	0.000137759	13196	10
0	61	0.000135621	13200	11
0	61	0.000187138	13204	12
0	61	0.000112525	13210	13
0	61	7.76994e-005	13215	14
0	61	6.49092e-005	13220	15
0	61	5.79008e-005	13226	16
0	61	9.52826e-005	13233	17
0	61	5.65751e-005	13241	18
0	61	5.37175e-005	13249	19
0	61	4.46544e-005	13258	20
0	61	4.42732e-005	13264	21
0	61	5.07112e-005	13272	22
0	61	5.11373e-005	13279	23
0	61	3.85875e-005	13288	24
0	61	4.4061e-005	13295	25
0	61	4.2317e-005	13304	26
0	61	3.748e-005	13313	27
0	61	3.26583e-005	13323	28
0	61	3.08522e-005	13335	29
0	61	2.96099e-005	13348	30
0	61	2.88078e-005	13360	31
0	61	4.30913e-005	13371	32
0	62	6.30972e-005	13375	1
0	62	0.000166231	13378	2
0	62	0.000168098	13381	3
0	62	8.76067e-005	13384	4
0	62	8.00907e-005	13387	5
0	62	7.23254e-005	13390	6
0	62	6.75837e-005	13394	7
0	62	6.92058e-005	13398	8
0	62	6.34445e-005	13402	9
0	62	5.24027e-005	13405	10
0	62	5.9608e-005	13410	11
0	62	3.83379e-005	13414	12
0	62	6.53792e-005	13419	13
0	62	4.00671e-005	13424	14
0	62	3.68775e-005	13429	15
0	62	7.61183e-005	13434	16
0	62	3.9926e-005	13440	17
0	62	4.64841e-005	13447	18
0	62	4.5708e-005	13453	19
0	62	3.90802e-005	13459	20
0	62	3.65158e-005	13467	21
0	62	4.03221e-005	13474	22
0	62	3.62375e-005	13481	23
0	62	3.28379e-005	13489	24
0	62	6.0265e-005	13497	25
0	62	2.88102e-005	13505	26
0	62	3.55812e-005	13513	27
0	62	3.25377e-005	13523	28
0	62	2.99393e-005	13534	29
0	62	3.23002e-005	13544	30
0	62	2.83279e-005	13554	31
0	62	9.57527e-005	13565	32
0	63	0.000120585	13568	1
0	63	0.000594686	13571	2
0	63	0.000297172	13573	3
0	63	0.000129821	13577	4
0	63	0.00011944	13580	5
0	63	0.000112952	13584	6
0	63	0.000104241	13588	7
0	63	8.66864e-005	13591	8
0	63	7.03592e-005	13596	9
0	63	5.26314e-005	13600	10
0	63	4.25333e-005	13604	11
0	63	3.7505e-005	13609	12
0	63	4.71485e-005	13615	13
0	63	4.22417e-005	13622	14
0	63	3.86572e-005	13629	15
0	63	4.87966e-005	13634	16
0	63	5.17495e-005	13641	17
0	63	3.99183e-005	13647	18
0	63	3.70202e-005	13653	19
0	63	5.24146e-005	13660	20
0	63	3.84387e-005	13668	21
0	63	3.78576e-005	13675	22
0	63	4.74033e-005	13685	23
0	63	4.47777e-005	13693	24
0	63	4.35987e-005	13702	25
0	63	4.12802e-005	13711	26
0	63	3.55967e-005	13720	27
0	63	3.37753e-005	13730	28
0	63	3.12588e-005	13742	29
0	63	2.98408e-005	13755	30
0	63	2.78394e-005	13767	31
0	63	3.50975e-005	13777	32
0	64	5.88445e-005	13782	1
0	64	0.000137323	13785	2
0	64	0.000133061	13789	3
0	64	5.0729e-005	13791	4
0	64	4.32947e-005	13795	5
0	64	0.000107241	13799	6
0	64	7.85652e-005	13803	7
0	64	4.78844e-005	13806	8
0	64	7.65632e-005	13810	9
0	64	5.10842e-005	13815	10
0	64	5.45384e-005	13820	11
0	64	4.82702e-005	13824	12
0	64	4.25775e-005	13829	13
0	64	4.24573e-005	13834	14
0	64	4.49304e-005	13839	15
0	64	4.03065e-005	13845	16
0	64	3.85363e-005	13850	17
0	64	3.56733e-005	13856	18
0	64	5.19957e-005	13862	19
0	64	5.13142e-005	13869	20
0	64	6.22881e-005	13876	21
0	64	5.07508e-005	13882	22
0	64	3.77408e-005	13890	23
0	64	2.94549e-005	13898	24
0	64	5.69177e-005	13907	25
0	64	2.85021e-005	13916	26
0	64	5.04749e-005	13926	27
0	64	3.17197e-005	13935	28
0	64	4.58718e-005	13945	29
0	64	2.81603e-005	13954	30
0	64	2.67717e-005	13965	31
0	64	3.43187e-005	13976	32
0	65	4.77058e-005	13980	1
0	65	7.14489e-005	13982	2
0	65	5.90658e-005	13985	3
0	65	0.00011827	13989	4
0	65	6.49871e-005	13993	5
0	65	4.75201e-005	13996	6
0	65	6.44534e-005	13999	7
0	65	5.01992e-005	14003	8
0	65	7.67996e-005	14006	9
0	65	5.96336e-005	14011	10
0	65	4.67966e-005	14015	11
0	65	6.18473e-005	14019	12
0	65	4.37661e-005	14023	13
0	65	4.22036e-005	14029	14
0	65	4.18549e-005	14035	15
0	65	3.78158e-005	14048	16
0	65	8.54557e-005	14053	17
0	65	3.6271e-005	14059	18
0	65	3.41192e-005	14067	19
0	65	5.31709e-005	14073	20
0	65	4.86927e-005	14079	21
0	65	3.43869e-005	14086	22
0	65	6.04323e-005	14093	23
0	65	4.29413e-005	14101	24
0	65	3.12326e-005	14109	25
0	65	3.26464e-005	14118	26
0	65	5.17403e-005	14126	27
0	65	5.37185e-005	14135	28
0	65	3.86912e-005	14146	29
0	65	3.07092e-005	14157	30
0	65	2.76835e-005	14169	31
0	65	3.64956e-005	14181	32
0	66	5.36254e-005	14184	1
0	66	0.000109883	14186	2
0	66	6.71811e-005	14189	3
0	66	5.64233e-005	14192	4
0	66	7.11143e-005	14195	5
0	66	9.70742e-005	14199	6
0	66	0.000108131	14203	7
0	66	9.20338e-005	14206	8
0	66	6.20233e-005	14209	9
0	66	6.76633e-005	14214	10
0	66	5.69852e-005	14218	11
0	66	4.76838e-005	14223	12
0	66	4.46319e-005	14228	13
0	66	4.37946e-005	14233	14
0	66	5.37952e-005	14238	15
0	66	3.95733e-005	14244	16
0	66	7.33738e-005	14253	17
0	66	5.37755e-005	14259	18
0	66	3.64122e-005	14267	19
0	66	7.69608e-005	14275	20
0	66	6.7912e-005	14283	21
0	66	3.46697e-005	14290	22
0	66	4.54303e-005	14297	23
0	66	3.88426e-005	14305	24
0	66	5.99071e-005	14313	25
0	66	4.44745e-005	14322	26
0	66	3.41575e-005	14330	27
0	66	3.3198e-005	14340	28
0	66	2.69414e-005	14349	29
0	66	2.67121e-005	14360	30
0	66	4.75956e-005	14370	31
0	66	3.43345e-005	14380	32
0	67	6.40594e-005	14384	1
0	67	0.000474349	14388	2
0	67	0.000487086	14391	3
0	67	0.000129442	14393	4
0	67	0.000123056	14397	5
0	67	9.23239e-005	14400	6
0	67	8.88881e-005	14403	7
0	67	9.28147e-005	14407	8
0	67	7.12743e-005	14412	9
0	67	6.48777e-005	14415	10
0	67	6.62124e-005	14420	11
0	67	6.21237e-005	14424	12
0	67	6.79489e-005	14429	13
0	67	4.93017e-005	14434	14
0	67	5.57914e-005	14439	15
0	67	4.83625e-005	14445	16
0	67	8.73655e-005	14451	17
0	67	5.00888e-005	14457	18
0	67	0.000181303	14464	19
0	67	7.70924e-005	14472	20
0	67	5.32501e-005	14481	21
0	67	4.87294e-005	14487	22
0	67	4.56464e-005	14496	23
0	67	6.05277e-005	14503	24
0	67	4.11072e-005	14511	25
0	67	3.06781e-005	14521	26
0	67	3.02668e-005	14529	27
0	67	2.9651e-005	14538	28
0	67	3.61058e-005	14548	29
0	67	3.06595e-005	14558	30
0	67	2.77531e-005	14570	31
0	67	3.11996e-005	14583	32
0	68	5.14915e-005	14588	1
0	68	0.000116091	14591	2
0	68	7.42376e-005	14594	3
0	68	4.70966e-005	14597	4
0	68	6.17149e-005	14601	5
0	68	5.32598e-005	14605	6
0	68	7.32927e-005	14609	7
0	68	4.95991e-005	14613	8
0	68	7.16467e-005	14617	9
0	68	4.53892e-005	14621	10
0	68	4.65748e-005	14625	11
0	68	6.86028e-005	14630	12
0	68	5.02435e-005	14635	13
0	68	4.31435e-005	14640	14
0	68	4.08925e-005	14645	15
0	68	5.05163e-005	14650	16
0	68	4.30635e-005	14655	17
0	68	8.45801e-005	14662	18
0	68	4.60602e-005	14668	19
0	68	3.62536e-005	14675	20
0	68	3.44993e-005	14683	21
0	68	3.40926e-005	14691	22
0	68	3.38123e-005	14701	23
0	68	3.48668e-005	14709	24
0	68	3.24746e-005	14717	25
0	68	4.40199e-005	14725	26
0	68	3.41652e-005	14734	27
0	68	3.08426e-005	14743	28
0	68	3.40421e-005	14756	29
0	68	2.66194e-005	14772	30
0	68	0.000148369	14783	31
0	68	6.75542e-005	14795	32
0	69	0.000109263	14799	1
0	69	0.000338145	14802	2
0	69	0.000184744	14805	3
0	69	0.000121276	14809	4
0	69	0.00145522	14813	5
0	69	0.000449122	14817	6
0	69	0.000390127	14822	7
0	69	0.000134453	14826	8
0	69	8.68657e-005	14832	9
0	69	0.000105104	14838	10
0	69	0.000124447	14844	11
0	69	5.57576e-005	14849	12
0	69	5.11904e-005	14854	13
0	69	0.00019097	14859	14
0	69	8.8575e-005	14864	15
0	69	8.69031e-005	14870	16
0	69	6.3014e-005	14877	17
0	69	9.94646e-005	14883	18
0	69	6.21299e-005	14890	19
0	69	4.54281e-005	14896	20
0	69	6.58385e-005	14903	21
0	69	5.8123e-005	14910	22
0	69	5.57303e-005	14917	23
0	69	4.89366e-005	14925	24
0	69	4.38386e-005	14934	25
0	69	3.30921e-005	14943	26
0	69	3.17035e-005	14953	27
0	69	3.04942e-005	14963	28
0	69	6.67223e-005	14973	29
0	69	3.50394e-005	14984	30
0	69	3.14147e-005	14993	31
0	69	2.61365e-005	15005	32
0	70	4.73435e-005	15008	1
0	70	6.15475e-005	15010	2
0	70	6.78102e-005	15015	3
0	70	4.84253e-005	15018	4
0	70	0.000121925	15022	5
0	70	8.79178e-005	15025	6
0	70	4.43115e-005	15028	7
0	70	5.01026e-005	15032	8
0	70	3.81762e-005	15038	9
0	70	7.52427e-005	15044	10
0	70	4.65629e-005	15048	11
0	70	4.21255e-005	15053	12
0	70	5.27186e-005	15058	13
0	70	3.50128e-005	15064	14
0	70	3.4923e-005	15069	15
0	70	3.08893e-005	15075	16
0	70	4.23792e-005	15080	17
0	70	6.27487e-005	15087	18
0	70	5.10433e-005	15094	19
0	70	2.97052e-005	15101	20
0	70	2.83551e-005	15108	21
0	70	4.00236e-005	15114	22
0	70	2.8489e-005	15121	23
0	70	4.27276e-005	15131	24
0	70	2.73634e-005	15139	25
0	70	0.000100517	15148	26
0	70	5.71588e-005	15157	27
0	70	4.17313e-005	15166	28
0	70	5.17276e-005	15175	29
0	70	3.96696e-005	15188	30
0	70	3.23723e-005	15199	31
0	70	3.91685e-005	15209	32
0	71	5.27535e-005	15215	1
0	71	6.55626e-005	15218	2
0	71	6.74315e-005	15221	3
0	71	7.63492e-005	15224	4
0	71	5.97007e-005	15227	5
0	71	6.92253e-005	15230	6
0	71	9.74555e-005	15234	7
0	71	7.1209e-005	15237	8
0	71	5.82387e-005	15241	9
0	71	4.49982e-005	15245	10
0	71	4.64737e-005	15250	11
0	71	4.74286e-005	15255	12
0	71	3.87332e-005	15262	13
0	71	4.09141e-005	15269	14
0	71	4.68316e-005	15275	15
0	71	0.000120151	15282	16
0	71	8.46522e-005	15289	17
0	71	0.000129074	15296	18
0	71	8.0702e-005	15302	19
0	71	3.9605e-005	15308	20
0	71	4.86366e-005	15315	21
0	71	3.25849e-005	15322	22
0	71	3.19791e-005	15330	23
0	71	5.38916e-005	15338	24
0	71	2.65801e-005	15347	25
0	71	2.55246e-005	15356	26
0	71	2.45792e-005	15365	27
0	71	2.41396e-005	15375	28
0	71	2.42694e-005	15384	29
0	71	3.33977e-005	15395	30
0	71	2.34936e-005	15415	31
0	71	2.93112e-005	15426	32
0	72	5.2445e-005	15430	1
0	72	0.000358683	15433	2
0	72	0.000364043	15435	3
0	72	0.000105809	15438	4
0	72	9.32276e-005	15442	5
0	72	7.65028e-005	15446	6
0	72	4.89099e-005	15449	7
0	72	5.55501e-005	15453	8
0	72	5.26427e-005	15457	9
0	72	5.78098e-005	15461	10
0	72	5.09639e-005	15466	11
0	72	4.42098e-005	15470	12
0	72	6.26814e-005	15475	13
0	72	5.63107e-005	15480	14
0	72	4.85624e-005	15485	15
0	72	7.09053e-005	15491	16
0	72	3.47887e-005	15496	17
0	72	3.22303e-005	15502	18
0	72	4.25296e-005	15509	19
0	72	3.14283e-005	15515	20
0	72	2.98957e-005	15522	21
0	72	8.86505e-005	15530	22
0	72	3.65088e-005	15537	23
0	72	4.02157e-005	15545	24
0	72	3.56824e-005	15556	25
0	72	2.65198e-005	15564	26
0	72	2.58613e-005	15574	27
0	72	2.66195e-005	15584	28
0	72	2.61729e-005	15595	29
0	72	2.46562e-005	15607	30
0	72	2.64312e-005	15617	31
0	72	2.73059e-005	15629	32
0	73	3.61317e-005	15635	1
0	73	4.59713e-005	15640	2
0	73	3.90126e-005	15643	3
0	73	0.000282113	15646	4
0	73	0.000148776	15650	5
0	73	6.75448e-005	15653	6
0	73	8.19166e-005	15658	7
0	73	6.41538e-005	15663	8
0	73	7.66521e-005	15667	9
0	73	5.78196e-005	15671	10
0	73	4.34421e-005	15675	11
0	73	4.42239e-005	15681	12
0	73	3.71277e-005	15686	13
0	73	4.79484e-005	15690	14
0	73	3.31054e-005	15696	15
0	73	9.0278e-005	15702	16
0	73	6.43786e-005	15708	17
0	73	5.66426e-005	15714	18
0	73	4.52339e-005	15720	19
0	73	4.13992e-005	15729	20
0	73	3.28429e-005	15735	21
0	73	3.44056e-005	15742	22
0	73	3.31335e-005	15750	23
0	73	7.09012e-005	15756	24
0	73	2.89441e-005	15765	25
0	73	2.72798e-005	15773	26
0	73	6.70839e-005	15785	27
0	73	2.73978e-005	15796	28
0	73	2.88441e-005	15808	29
0	73	2.38681e-005	15817	30
0	73	2.3432e-005	15829	31
0	73	2.36175e-005	15839	32
0	74	3.85145e-005	15843	1
0	74	8.24261e-005	15846	2
0	74	8.8973e-005	15850	3
0	74	4.861e-005	15853	4
0	74	4.33733e-005	15856	5
0	74	4.60033e-005	15859	6
0	74	5.05787e-005	15863	7
0	74	6.49211e-005	15867	8
0	74	3.8787e-005	15870	9
0	74	6.44279e-005	15874	10
0	74	5.23599e-005	15878	11
0	74	4.44178e-005	15883	12
0	74	4.23124e-005	15888	13
0	74	3.73825e-005	15893	14
0	74	8.49611e-005	15898	15
0	74	4.31537e-005	15904	16
0	74	3.6558e-005	15910	17
0	74	3.20522e-005	15916	18
0	74	3.42603e-005	15923	19
0	74	3.9165e-005	15930	20
0	74	2.80742e-005	15937	21
0	74	2.57336e-005	15945	22
0	74	2.7949e-005	15952	23
0	74	2.46009e-005	15960	24
0	74	2.61015e-005	15969	25
0	74	2.55283e-005	15979	26
0	74	2.28998e-005	15988	27
0	74	3.24134e-005	15997	28
0	74	2.16163e-005	16006	29
0	74	2.19872e-005	16015	30
0	74	2.08912e-005	16025	31
0	74	3.69455e-005	16035	32
0	75	5.26891e-005	16039	1
0	75	8.33972e-005	16042	2
0	75	4.65576e-005	16045	3
0	75	3.29466e-005	16049	4
0	75	0.000152486	16052	5
0	75	7.2979e-005	16056	6
0	75	5.58135e-005	16060	7
0	75	7.18763e-005	16064	8
0	75	5.93113e-005	16068	9
0	75	4.16984e-005	16072	10
0	75	6.66683e-005	16076	11
0	75	3.62814e-005	16081	12
0	75	4.82403e-005	16086	13
0	75	3.62582e-005	16091	14
0	75	3.49563e-005	16097	15
0	75	7.05801e-005	16102	16
0	75	4.57778e-005	16108	17
0	75	4.48279e-005	16114	18
0	75	4.31701e-005	16121	19
0	75	5.00549e-005	16129	20
0	75	3.51539e-005	16136	21
0	75	4.44524e-005	16145	22
0	75	2.7083e-005	16154	23
0	75	6.51857e-005	16161	24
0	75	3.3939e-005	16168	25
0	75	3.00246e-005	16176	26
0	75	2.836e-005	16188	27
0	75	2.6229e-005	16197	28
0	75	2.45725e-005	16207	29
0	75	3.17309e-005	16218	30
0	75	2.23465e-005	16228	31
0	75	7.54842e-005	16240	32
0	76	0.000106361	16244	1
0	76	0.000732249	16246	2
0	76	0.000666316	16249	3
0	76	0.000322115	16252	4
0	76	0.00025302	16255	5
0	76	0.00011198	16259	6
0	76	0.000650377	16263	7
0	76	0.000203443	16267	8
0	76	0.000107324	16271	9
0	76	0.000101396	16275	10
0	76	0.000128813	16280	11
0	76	0.000100361	16285	12
0	76	0.000169499	16291	13
0	76	9.69433e-005	16298	14
0	76	6.85954e-005	16305	15
0	76	6.01593e-005	16313	16
0	76	4.48755e-005	16321	17
0	76	4.56458e-005	16328	18
0	76	3.66186e-005	16334	19
0	76	2.70552e-005	16341	20
0	76	2.53272e-005	16347	21
0	76	2.68587e-005	16354	22
0	76	2.69679e-005	16362	23
0	76	2.50671e-005	16370	24
0	76	2.50045e-005	16378	25
0	76	5.51792e-005	16387	26
0	76	2.40634e-005	16397	27
0	76	2.33368e-005	16406	28
0	76	3.6822e-005	16419	29
0	76	2.19058e-005	16430	30
0	76	2.16233e-005	16442	31
0	76	2.14483e-005	16454	32
0	77	2.89851e-005	16458	1
0	77	3.89169e-005	16462	2
0	77	4.35838e-005	16466	3
0	77	3.68592e-005	16470	4
0	77	9.80843e-005	16473	5
0	77	0.000100837	16476	6
0	77	3.96437e-005	16480	7
0	77	4.27999e-005	16484	8
0	77	4.13149e-005	16488	9
0	77	7.0019e-005	16491	10
0	77	3.1946e-005	16496	11
0	77	9.13052e-005	16501	12
0	77	5.37988e-005	16505	13
0	77	3.75215e-005	16511	14
0	77	3.86761e-005	16515	15
0	77	3.3986e-005	16521	16
0	77	3.8214e-005	16528	17
0	77	3.11269e-005	16534	18
0	77	3.60567e-005	16542	19
0	77	3.021e-005	16549	20
0	77	3.88108e-005	16556	21
0	77	2.9549e-005	16564	22
0	77	2.72708e-005	16572	23
0	77	9.41607e-005	16580	24
0	77	4.75484e-005	16590	25
0	77	4.74607e-005	16599	26
0	77	6.08423e-005	16608	27
0	77	5.13915e-005	16617	28
0	77	3.28303e-005	16628	29
0	77	3.03288e-005	16637	30
0	77	4.21745e-005	16648	31
0	77	2.97807e-005	16659	32
0	78	4.20013e-005	16664	1
0	78	6.23927e-005	16667	2
0	78	5.95558e-005	16671	3
0	78	5.46194e-005	16674	4
0	78	4.88217e-005	16678	5
0	78	4.26275e-005	16681	6
0	78	4.20473e-005	16685	7
0	78	5.38017e-005	16688	8
0	78	5.21893e-005	16692	9
0	78	5.72376e-005	16698	10
0	78	5.09316e-005	16704	11
0	78	6.49984e-005	16709	12
0	78	3.88186e-005	16715	13
0	78	3.37039e-005	16721	14
0	78	2.93134e-005	16726	15
0	78	7.15361e-005	16733	16
0	78	3.10357e-005	16741	17
0	78	3.01244e-005	16750	18
0	78	5.8165e-005	16759	19
0	78	3.48864e-005	16769	20
0	78	5.29311e-005	16777	21
0	78	3.64715e-005	16784	22
0	78	4.90496e-005	16793	23
0	78	4.11289e-005	16803	24
0	78	5.03726e-005	16813	25
0	78	2.64982e-005	16827	26
0	78	3.15913e-005	16836	27
0	78	4.45375e-005	16845	28
0	78	2.64337e-005	16854	29
0	78	2.56491e-005	16867	30
0	78	2.26457e-005	16878	31
0	78	2.23635e-005	16890	32
0	79	3.7822e-005	16895	1
0	79	5.8205e-005	16899	2
0	79	4.90101e-005	16903	3
0	79	3.23837e-005	16906	4
0	79	7.80882e-005	16911	5
0	79	5.05677e-005	16914	6
0	79	4.59839e-005	16918	7
0	79	7.45145e-005	16922	8
0	79	3.9372e-005	16926	9
0	79	3.76414e-005	16930	10
0	79	5.07096e-005	16936	11
0	79	3.56534e-005	16942	12
0	79	9.16887e-005	16950	13
0	79	4.50251e-005	16956	14
0	79	4.43529e-005	16963	15
0	79	3.78783e-005	16969	16
0	79	4.18068e-005	16975	17
0	79	3.42881e-005	16983	18
0	79	3.77184e-005	16992	19
0	79	3.0824e-005	17000	20
0	79	3.04895e-005	17008	21
0	79	2.29136e-005	17017	22
0	79	5.22634e-005	17025	23
0	79	2.73321e-005	17033	24
0	79	2.35858e-005	17042	25
0	79	4.30657e-005	17052	26
0	79	3.40681e-005	17062	27
0	79	2.39904e-005	17071	28
0	79	3.98171e-005	17081	29
0	79	2.74608e-005	17093	30
0	79	2.58061e-005	17103	31
0	79	2.77767e-005	17116	32
0	80	4.45179e-005	17121	1
0	80	0.000146848	17124	2
0	80	9.30706e-005	17128	3
0	80	4.54276e-005	17131	4
0	80	4.56129e-005	17136	5
0	80	5.61549e-005	17140	6
0	80	3.40056e-005	17143	7
0	80	5.53998e-005	17147	8
0	80	5.01043e-005	17150	9
0	80	0.000139253	17155	10
0	80	6.21163e-005	17159	11
0	80	9.03645e-005	17164	12
0	80	7.06416e-005	17169	13
0	80	6.48082e-005	17175	14
0	80	4.58082e-005	17181	15
0	80	5.62525e-005	17187	16
0	80	4.30151e-005	17193	17
0	80	7.24069e-005	17203	18
0	80	4.18363e-005	17212	19
0	80	4.02388e-005	17220	20
0	80	4.11554e-005	17226	21
0	80	4.47614e-005	17233	22
0	80	4.32706e-005	17241	23
0	80	3.13631e-005	17249	24
0	80	3.04645e-005	17258	25
0	80	2.83717e-005	17268	26
0	80	2.79692e-005	17281	27
0	80	2.18023e-005	17291	28
0	80	3.33935e-005	17302	29
0	80	2.17442e-005	17313	30
0	80	2.7659e-005	17324	31
0	80	2.1423e-005	17337	32
0	81	4.06238e-005	17342	1
0	81	0.000278591	17345	2
0	81	0.000130342	17348	3
0	81	0.000110888	17352	4
0	81	6.50713e-005	17356	5
0	81	7.42102e-005	17361	6
0	81	5.33416e-005	17365	7
0	81	3.63197e-005	17369	8
0	81	6.19325e-005	17374	9
0	81	3.76802e-005	17379	10
0	81	3.26344e-005	17383	11
0	81	3.94762e-005	17388	12
0	81	6.18421e-005	17393	13
0	81	5.69711e-005	17398	14
0	81	6.28761e-005	17404	15
0	81	4.99992e-005	17410	16
0	81	3.81512e-005	17416	17
0	81	2.86063e-005	17422	18
0	81	3.82069e-005	17430	19
0	81	5.25207e-005	17437	20
0	81	3.14537e-005	17445	21
0	81	4.35055e-005	17452	22
0	81	3.95848e-005	17459	23
0	81	3.84138e-005	17469	24
0	81	2.71537e-005	17477	25
0	81	3.24412e-005	17487	26
0	81	2.58204e-005	17495	27
0	81	2.20483e-005	17504	28
0	81	0.000145345	17515	29
0	81	6.15829e-005	17526	30
0	81	2.85331e-005	17539	31
0	81	2.39306e-005	17552	32
0	82	3.99521e-005	17556	1
0	82	7.54034e-005	17558	2
0	82	4.25267e-005	17561	3
0	82	4.35689e-005	17564	4
0	82	0.000109948	17568	5
0	82	6.22708e-005	17571	6
0	82	4.23454e-005	17575	7
0	82	4.94085e-005	17579	8
0	82	4.32344e-005	17583	9
0	82	9.0039e-005	17587	10
0	82	5.77744e-005	17592	11
0	82	6.1635e-005	17597	12
0	82	4.44586e-005	17601	13
0	82	4.0042e-005	17607	14
0	82	3.24554e-005	17613	15
0	82	4.38595e-005	17619	16
0	82	3.98981e-005	17625	17
0	82	3.58755e-005	17633	18
0	82	3.96806e-005	17640	19
0	82	3.20877e-005	17647	20
0	82	3.351e-005	17654	21
0	82	2.88173e-005	17662	22
0	82	2.41016e-005	17670	23
0	82	5.5444e-005	17678	24
0	82	2.42339e-005	17688	25
0	82	2.1761e-005	17697	26
0	82	5.71526e-005	17707	27
0	82	3.67253e-005	17717	28
0	82	2.68935e-005	17727	29
0	82	2.80217e-005	17737	30
0	82	2.49725e-005	17749	31
0	82	2.37012e-005	17760	32
0	83	4.42028e-005	17764	1
0	83	7.34133e-005	17766	2
0	83	8.08161e-005	17770	3
0	83	2.52282e-005	17773	4
0	83	3.5288e-005	17777	5
0	83	3.84417e-005	17781	6
0	83	8.55633e-005	17785	7
0	83	4.96918e-005	17790	8
0	83	3.45904e-005	17795	9
0	83	7.53018e-005	17800	10
0	83	9.63714e-005	17805	11
0	83	5.43276e-005	17810	12
0	83	4.48118e-005	17815	13
0	83	5.09889e-005	17821	14
0	83	4.73472e-005	17827	15
0	83	3.97678e-005	17833	16
0	83	3.80957e-005	17839	17
0	83	3.90487e-005	17847	18
0	83	3.18178e-005	17856	19
0	83	3.95402e-005	17864	20
0	83	2.63767e-005	17873	21
0	83	2.5461e-005	17882	22
0	83	6.87996e-005	17890	23
0	83	3.31045e-005	17899	24
0	83	2.20807e-005	17907	25
0	83	2.19149e-005	17917	26
0	83	3.17686e-005	17926	27
0	83	2.10353e-005	17935	28
0	83	2.09897e-005	17945	29
0	83	2.49199e-005	17955	30
0	83	2.26183e-005	17967	31
0	83	1.93975e-005	17979	32
0	84	3.35313e-005	17982	1
0	84	9.14173e-005	17985	2
0	84	9.15096e-005	17988	3
0	84	6.3731e-005	17991	4
0	84	5.68338e-005	17994	5
0	84	3.73229e-005	17997	6
0	84	3.51033e-005	18001	7
0	84	0.000238513	18005	8
0	84	9.26664e-005	18010	9
0	84	5.14384e-005	18015	10
0	84	3.94339e-005	18020	11
0	84	4.22643e-005	18026	12
0	84	4.47719e-005	18032	13
0	84	4.4183e-005	18037	14
0	84	3.56247e-005	18044	15
0	84	3.63361e-005	18052	16
0	84	3.32871e-005	18058	17
0	84	5.41094e-005	18064	18
0	84	3.18716e-005	18071	19
0	84	3.12519e-005	18081	20
0	84	3.08022e-005	18089	21
0	84	3.37249e-005	18097	22
0	84	3.35338e-005	18105	23
0	84	2.90914e-005	18114	24
0	84	2.19098e-005	18122	25
0	84	2.40805e-005	18132	26
0	84	2.11307e-005	18142	27
0	84	2.24318e-005	18152	28
0	84	2.22007e-005	18162	29
0	84	2.07766e-005	18172	30
0	84	3.03597e-005	18183	31
0	84	1.95867e-005	18193	32
0	85	3.18372e-005	18198	1
0	85	5.14201e-005	18200	2
0	85	4.35536e-005	18204	3
0	85	3.04878e-005	18207	4
0	85	4.03062e-005	18210	5
0	85	3.97838e-005	18213	6
0	85	5.26583e-005	18217	7
0	85	3.11244e-005	18221	8
0	85	2.80602e-005	18225	9
0	85	6.89713e-005	18229	10
0	85	2.8318e-005	18234	11
0	85	2.53265e-005	18238	12
0	85	4.91235e-005	18243	13
0	85	2.50295e-005	18248	14
0	85	2.48917e-005	18254	15
0	85	4.09238e-005	18261	16
0	85	4.83323e-005	18267	17
0	85	3.13172e-005	18272	18
0	85	3.54266e-005	18278	19
0	85	3.16536e-005	18284	20
0	85	2.64172e-005	18292	21
0	85	1.98808e-005	18299	22
0	85	4.01711e-005	18306	23
0	85	2.05383e-005	18314	24
0	85	1.98907e-005	18322	25
0	85	3.35168e-005	18331	26
0	85	2.24841e-005	18344	27
0	85	2.03028e-005	18354	28
0	85	1.91847e-005	18366	29
0	85	1.9059e-005	18376	30
0	85	0.000190522	18388	31
0	85	7.47338e-005	18403	32
0	86	0.00012229	18407	1
0	86	0.000297523	18410	2
0	86	0.000158588	18413	3
0	86	0.000171162	18416	4
0	86	0.000224712	18420	5
0	86	0.00014489	18423	6
0	86	0.000137046	18426	7
0	86	9.88332e-005	18430	8
0	86	5.61892e-005	18434	9
0	86	7.65243e-005	18438	10
0	86	5.52155e-005	18443	11
0	86	4.99275e-005	18447	12
0	86	4.54434e-005	18452	13
0	86	4.55597e-005	18458	14
0	86	3.80055e-005	18463	15
0	86	2.83559e-005	18468	16
0	86	3.21422e-005	18474	17
0	86	2.73439e-005	18480	18
0	86	2.90952e-005	18487	19
0	86	2.80504e-005	18494	20
0	86	2.6349e-005	18501	21
0	86	5.14048e-005	18509	22
0	86	4.23954e-005	18517	23
0	86	4.37192e-005	18526	24
0	86	3.13095e-005	18534	25
0	86	3.41005e-005	18543	26
0	86	2.7117e-005	18552	27
0	86	3.01512e-005	18562	28
0	86	3.91111e-005	18572	29
0	86	2.55984e-005	18583	30
0	86	2.39375e-005	18594	31
0	86	2.45522e-005	18605	32
0	87	3.6505e-005	18609	1
0	87	4.4298e-005	18612	2
0	87	0.000179295	18615	3
0	87	0.000160574	18619	4
0	87	0.000104396	18622	5
0	87	7.05713e-005	18625	6
0	87	0.000101991	18629	7
0	87	7.46237e-005	18633	8
0	87	4.80622e-005	18637	9
0	87	4.93604e-005	18642	10
0	87	4.5431e-005	18648	11
0	87	5.87852e-005	18654	12
0	87	5.90889e-005	18661	13
0	87	4.46679e-005	18666	14
0	87	4.46336e-005	18671	15
0	87	3.05247e-005	18677	16
0	87	6.06563e-005	18684	17
0	87	3.69557e-005	18690	18
0	87	2.18643e-005	18697	19
0	87	2.88451e-005	18704	20
0	87	2.58984e-005	18712	21
0	87	2.65562e-005	18718	22
0	87	2.6614e-005	18727	23
0	87	2.3629e-005	18735	24
0	87	2.37492e-005	18744	25
0	87	2.05667e-005	18753	26
0	87	1.98322e-005	18763	27
0	87	2.06183e-005	18772	28
0	87	1.95897e-005	18782	29
0	87	2.83465e-005	18793	30
0	87	1.73173e-005	18805	31
0	87	1.85789e-005	18817	32
0	88	3.32511e-005	18821	1
0	88	8.44132e-005	18824	2
0	88	5.76357e-005	18828	3
0	88	5.78548e-005	18830	4
0	88	3.31012e-005	18834	5
0	88	3.23321e-005	18838	6
0	88	4.12225e-005	18842	7
0	88	3.21105e-005	18847	8
0	88	3.5653e-005	18852	9
0	88	2.9534e-005	18858	10
0	88	2.94397e-005	18863	11
0	88	4.36525e-005	18869	12
0	88	2.89009e-005	18874	13
0	88	2.73916e-005	18879	14
0	88	4.23066e-005	18884	15
0	88	2.47929e-005	18890	16
0	88	2.7351e-005	18895	17
0	88	2.19198e-005	18901	18
0	88	4.01351e-005	18908	19
0	88	3.55482e-005	18914	20
0	88	3.24745e-005	18921	21
0	88	2.96753e-005	18928	22
0	88	2.76062e-005	18936	23
0	88	2.36565e-005	18947	24
0	88	2.16634e-005	18957	25
0	88	2.2918e-005	18969	26
0	88	2.1006e-005	18983	27
0	88	0.000114903	18993	28
0	88	5.27064e-005	19003	29
0	88	2.88309e-005	19014	30
0	88	2.51214e-005	19024	31
0	88	2.87194e-005	19035	32
0	89	4.04393e-005	19040	1
0	89	0.000207757	19043	2
0	89	0.000102067	19047	3
0	89	0.000113164	19050	4
0	89	7.15803e-005	19053	5
0	89	9.08063e-005	19057	6
0	89	4.24094e-005	19061	7
0	89	0.000110782	19065	8
0	89	0.000105929	19069	9
0	89	0.000117865	19073	10
0	89	4.89308e-005	19078	11
0	89	4.88322e-005	19083	12
0	89	6.19064e-005	19088	13
0	89	3.50926e-005	19093	14
0	89	0.000113182	19099	15
0	89	5.8267e-005	19104	16
0	89	3.91125e-005	19110	17
0	89	4.89012e-005	19115	18
0	89	3.34533e-005	19122	19
0	89	3.19051e-005	19129	20
0	89	3.81334e-005	19135	21
0	89	2.38191e-005	19142	22
0	89	4.13425e-005	19150	23
0	89	3.34947e-005	19158	24
0	89	3.20113e-005	19166	25
0	89	2.28346e-005	19173	26
0	89	3.11981e-005	19183	27
0	89	2.00215e-005	19192	28
0	89	1.95943e-005	19201	29
0	89	2.40909e-005	19212	30
0	89	2.50452e-005	19223	31
0	89	1.95685e-005	19235	32
0	90	3.21695e-005	19240	1
0	90	0.000168167	19244	2
0	90	7.33902e-005	19247	3
0	90	6.61326e-005	19250	4
0	90	6.24927e-005	19253	5
0	90	6.04545e-005	19256	6
0	90	6.66122e-005	19259	7
0	90	5.4871e-005	19263	8
0	90	5.96754e-005	19267	9
0	90	4.39654e-005	19271	10
0	90	3.50047e-005	19275	11
0	90	3.45206e-005	19281	12
0	90	3.58014e-005	19285	13
0	90	5.31933e-005	19291	14
0	90	3.22645e-005	19297	15
0	90	5.60909e-005	19304	16
0	90	5.15423e-005	19309	17
0	90	3.00073e-005	19315	18
0	90	2.98528e-005	19321	19
0	90	3.72895e-005	19328	20
0	90	3.73477e-005	19335	21
0	90	2.47166e-005	19343	22
0	90	5.60962e-005	19354	23
0	90	2.99616e-005	19363	24
0	90	2.41533e-005	19374	25
0	90	2.36016e-005	19384	26
0	90	2.20105e-005	19393	27
0	90	1.89173e-005	19403	28
0	90	3.61804e-005	19412	29
0	90	2.00491e-005	19422	30
0	90	1.83606e-005	19432	31
0	90	3.10636e-005	19443	32
0	91	5.29743e-005	19447	1
0	91	0.000135299	19450	2
0	91	0.000134363	19452	3
0	91	5.07222e-005	19456	4
0	91	5.32721e-005	19459	5
0	91	3.05711e-005	19465	6
0	91	0.000118286	19469	7
0	91	6.09343e-005	19473	8
0	91	3.56436e-005	19478	9
0	91	4.15422e-005	19482	10
0	91	3.27453e-005	19490	11
0	91	8.90332e-005	19495	12
0	91	3.84465e-005	19500	13
0	91	4.67107e-005	19505	14
0	91	4.56674e-005	19512	15
0	91	3.07468e-005	19519	16
0	91	2.81035e-005	19527	17
0	91	3.68101e-005	19532	18
0	91	3.28969e-005	19538	19
0	91	2.56989e-005	19545	20
0	91	2.645e-005	19553	21
0	91	2.60408e-005	19561	22
0	91	2.44128e-005	19569	23
0	91	2.39862e-005	19578	24
0	91	2.33709e-005	19589	25
0	91	2.86227e-005	19598	26
0	91	2.33661e-005	19608	27
0	91	2.62509e-005	19620	28
0	91	2.22006e-005	19631	29
0	91	1.78218e-005	19643	30
0	91	1.74261e-005	19656	31
0	91	1.69804e-005	19667	32
0	92	3.10454e-005	19671	1
0	92	6.95976e-005	19674	2
0	92	4.54676e-005	19677	3
0	92	6.61233e-005	19680	4
0	92	4.41153e-005	19683	5
0	92	4.05968e-005	19687	6
0	92	3.08711e-005	19690	7
0	92	8.66767e-005	19695	8
0	92	5.11438e-005	19699	9
0	92	4.21067e-005	19704	10
0	92	4.62264e-005	19708	11
0	92	2.56212e-005	19714	12
0	92	3.66059e-005	19719	13
0	92	2.5888e-005	19725	14
0	92	2.32992e-005	19731	15
0	92	2.76878e-005	19739	16
0	92	3.65772e-005	19745	17
0	92	3.31227e-005	19752	18
0	92	2.90862e-005	19759	19
0	92	2.38944e-005	19767	20
0	92	2.13691e-005	19777	21
0	92	1.77909e-005	19784	22
0	92	1.76686e-005	19792	23
0	92	1.99946e-005	19800	24
0	92	1.9151e-005	19809	25
0	92	1.86166e-005	19818	26
0	92	2.45547e-005	19827	27
0	92	1.81227e-005	19837	28
0	92	2.42359e-005	19850	29
0	92	1.52447e-005	19864	30
0	92	1.51625e-005	19878	31
0	92	6.24397e-005	19889	32
0	93	8.27293e-005	19892	1
0	93	0.000216987	19896	2
0	93	0.000197937	19898	3
0	93	0.000131273	19901	4
0	93	9.38933e-005	19905	5
0	93	6.85747e-005	19908	6
0	93	5.52175e-005	19912	7
0	93	2.55232e-005	19916	8
0	93	3.25991e-005	19920	9
0	93	3.72412e-005	19925	10
0	93	2.73527e-005	19929	11
0	93	2.87726e-005	19934	12
0	93	3.01677e-005	19940	13
0	93	4.26515e-005	19945	14
0	93	2.49072e-005	19952	15
0	93	2.3914e-005	19958	16
0	93	2.90518e-005	19964	17
0	93	2.36383e-005	19972	18
0	93	2.82297e-005	19979	19
0	93	2.47021e-005	19986	20
0	93	4.2717e-005	19996	21
0	93	2.25719e-005	20004	22
0	93	1.99285e-005	20013	23
0	93	3.65616e-005	20021	24
0	93	3.02797e-005	20030	25
0	93	2.81987e-005	20038	26
0	93	3.54702e-005	20048	27
0	93	2.06291e-005	20058	28
0	93	2.02059e-005	20068	29
0	93	2.64551e-005	20079	30
0	93	1.95317e-005	20090	31
0	93	2.36149e-005	20103	32
0	94	3.402e-005	20106	1
0	94	7.7337e-005	20109	2
0	94	4.80203e-005	20112	3
0	94	4.73093e-005	20115	4
0	94	4.04636e-005	20119	5
0	94	4.49191e-005	20123	6
0	94	2.78208e-005	20127	7
0	94	4.29947e-005	20130	8
0	94	4.0387e-005	20134	9
0	94	2.96627e-005	20139	10
0	94	3.46166e-005	20143	11
0	94	2.87724e-005	20148	12
0	94	2.80681e-005	20153	13
0	94	5.36256e-005	20159	14
0	94	5.44702e-005	20164	15
0	94	3.44375e-005	20171	16
0	94	2.33915e-005	20178	17
0	94	2.60174e-005	20184	18
0	94	3.46925e-005	20191	19
0	94	2.59396e-005	20198	20
0	94	2.46307e-005	20207	21
0	94	1.92705e-005	20215	22
0	94	2.099e-005	20222	23
0	94	1.8004e-005	20232	24
0	94	1.66024e-005	20240	25
0	94	1.62837e-005	20249	26
0	94	2.10579e-005	20261	27
0	94	1.60177e-005	20270	28
0	94	5.10893e-005	20280	29
0	94	2.2795e-005	20289	30
0	94	3.04835e-005	20303	31
0	94	1.81922e-005	20315	32
0	95	2.91222e-005	20318	1
0	95	3.56294e-005	20321	2
0	95	3.29491e-005	20323	3
0	95	3.5314e-005	20326	4
0	95	4.81702e-005	20330	5
0	95	4.83016e-005	20334	6
0	95	3.86111e-005	20336	7
0	95	2.83681e-005	20340	8
0	95	4.54781e-005	20345	9
0	95	6.30539e-005	20350	10
0	95	4.24532e-005	20356	11
0	95	3.24009e-005	20362	12
0	95	6.18206e-005	20369	13
0	95	4.44913e-005	20375	14
0	95	3.50301e-005	20381	15
0	95	4.52748e-005	20388	16
0	95	3.68815e-005	20394	17
0	95	3.64564e-005	20400	18
0	95	3.51926e-005	20406	19
0	95	2.93455e-005	20412	20
0	95	2.53551e-005	20419	21
0	95	2.50435e-005	20427	22
0	95	2.98867e-005	20434	23
0	95	2.56697e-005	20442	24
0	95	2.24748e-005	20450	25
0	95	2.51935e-005	20458	26
0	95	2.13889e-005	20466	27
0	95	2.84505e-005	20476	28
0	95	1.69449e-005	20486	29
0	95	1.68971e-005	20497	30
0	95	1.53963e-005	20506	31
0	95	1.447e-005	20516	32
0	96	2.16299e-005	20521	1
0	96	2.77542e-005	20523	2
0	96	2.26882e-005	20526	3
0	96	2.63105e-005	20530	4
0	96	4.87869e-005	20533	5
0	96	4.0344e-005	20536	6
0	96	2.74569e-005	20539	7
0	96	2.45239e-005	20543	8
0	96	2.81464e-005	20548	9
0	96	2.93538e-005	20552	10
0	96	2.35169e-005	20556	11
0	96	2.16458e-005	20560	12
0	96	4.33205e-005	20566	13
0	96	2.43565e-005	20571	14
0	96	2.26981e-005	20577	15
0	96	4.7819e-005	20582	16
0	96	2.51072e-005	20588	17
0	96	2.17645e-005	20594	18
0	96	1.92802e-005	20600	19
0	96	1.83522e-005	20607	20
0	96	1.90733e-005	20614	21
0	96	1.79813e-005	20621	22
0	96	1.85457e-005	20629	23
0	96	1.73373e-005	20637	24
0	96	4.7561e-005	20646	25
0	96	2.17053e-005	20655	26
0	96	1.74446e-005	20665	27
0	96	1.90607e-005	20675	28
0	96	1.69563e-005	20685	29
0	96	1.74712e-005	20695	30
0	96	1.65367e-005	20706	31
0	96	2.73597e-005	20717	32
0	97	3.82879e-005	20721	1
0	97	0.000101004	20724	2
0	97	9.57919e-005	20728	3
0	97	6.07489e-005	20730	4
0	97	4.80378e-005	20734	5
0	97	0.000179508	20737	6
0	97	0.000131848	20740	7
0	97	4.99921e-005	20744	8
0	97	4.36981e-005	20748	9
0	97	3.15935e-005	20752	10
0	97	4.31861e-005	20756	11
0	97	3.14588e-005	20761	12
0	97	2.22407e-005	20765	13
0	97	2.63042e-005	20770	14
0	97	2.68199e-005	20776	15
0	97	2.809e-005	20783	16
0	97	2.14283e-005	20789	17
0	97	2.09387e-005	20795	18
0	97	2.10201e-005	20801	19
0	97	1.99032e-005	20808	20
0	97	1.90387e-005	20816	21
0	97	3.97821e-005	20823	22
0	97	1.87463e-005	20830	23
0	97	1.6864e-005	20838	24
0	97	5.5612e-005	20847	25
0	97	3.28852e-005	20858	26
0	97	1.50911e-005	20872	27
0	97	3.469e-005	20883	28
0	97	5.46386e-005	20895	29
0	97	1.92066e-005	20905	30
0	97	1.83521e-005	20915	31
0	97	1.50313e-005	20925	32
0	98	2.96732e-005	20929	1
0	98	0.000125904	20932	2
0	98	7.26401e-005	20935	3
0	98	4.50388e-005	20938	4
0	98	4.06324e-005	20941	5
0	98	4.90173e-005	20945	6
0	98	3.38467e-005	20948	7
0	98	0.000128751	20952	8
0	98	4.17772e-005	20956	9
0	98	3.75969e-005	20960	10
0	98	3.67379e-005	20965	11
0	98	3.22277e-005	20970	12
0	98	3.17188e-005	20975	13
0	98	3.78447e-005	20981	14
0	98	3.54435e-005	20987	15
0	98	3.05263e-005	20993	16
0	98	2.89694e-005	20999	17
0	98	2.73531e-005	21006	18
0	98	2.94582e-005	21014	19
0	98	2.51985e-005	21021	20
0	98	2.37182e-005	21029	21
0	98	2.566e-005	21036	22
0	98	2.39516e-005	21044	23
0	98	3.1255e-005	21052	24
0	98	2.0399e-005	21060	25
0	98	1.86994e-005	21071	26
0	98	1.93611e-005	21080	27
0	98	2.09021e-005	21089	28
0	98	1.62238e-005	21099	29
0	98	1.57069e-005	21110	30
0	98	5.08315e-005	21122	31
0	98	3.74789e-005	21135	32
0	99	6.53198e-005	21138	1
0	99	0.000222505	21141	2
0	99	0.000236019	21145	3
0	99	9.33056e-005	21149	4
0	99	0.000244256	21153	5
0	99	0.000210536	21157	6
0	99	8.19932e-005	21162	7
0	99	6.3551e-005	21167	8
0	99	6.85357e-005	21171	9
0	99	3.94256e-005	21176	10
0	99	3.76095e-005	21180	11
0	99	0.000104606	21184	12
0	99	3.79566e-005	21190	13
0	99	4.05295e-005	21197	14
0	99	2.92512e-005	21201	15
0	99	3.90259e-005	21207	16
0	99	3.90081e-005	21213	17
0	99	3.60215e-005	21219	18
0	99	2.48011e-005	21228	19
0	99	2.20401e-005	21235	20
0	99	2.27216e-005	21242	21
0	99	2.7048e-005	21249	22
0	99	2.92456e-005	21255	23
0	99	2.15278e-005	21263	24
0	99	1.77126e-005	21271	25
0	99	1.72177e-005	21280	26
0	99	1.71339e-005	21288	27
0	99	1.59797e-005	21298	28
0	99	1.62412e-005	21308	29
0	99	1.80833e-005	21318	30
0	99	1.97624e-005	21329	31
0	99	1.48855e-005	21344	32
0	100	2.20784e-005	21348	1
0	100	2.70746e-005	21351	2
0	100	2.50682e-005	21353	3
0	100	4.8513e-005	21356	4
0	100	3.05687e-005	21361	5
0	100	4.31359e-005	21365	6
0	100	2.56289e-005	21368	7
0	100	2.45722e-005	21372	8
0	100	2.52305e-005	21376	9
0	100	2.61022e-005	21382	10
0	100	2.15124e-005	21387	11
0	100	5.30788e-005	21391	12
0	100	3.69182e-005	21398	13
0	100	6.84248e-005	21404	14
0	100	1.87784e-005	21411	15
0	100	1.73713e-005	21417	16
0	100	1.70238e-005	21426	17
0	100	3.53579e-005	21432	18
0	100	1.85259e-005	21438	19
0	100	1.78545e-005	21445	20
0	100	1.66872e-005	21452	21
0	100	2.63031e-005	21460	22
0	100	2.10751e-005	21467	23
0	100	1.75025e-005	21476	24
0	100	1.62368e-005	21484	25
0	100	1.96237e-005	21493	26
0	100	1.67773e-005	21504	27
0	100	1.59307e-005	21512	28
0	100	4.36008e-005	21522	29
0	100	3.94334e-005	21532	30
0	100	2.67511e-005	21544	31
0	100	2.25572e-005	21555	32
0	101	3.64144e-005	21560	1
0	101	7.42484e-005	21563	2
0	101	5.24364e-005	21566	3
0	101	4.51616e-005	21569	4
0	101	2.77808e-005	21571	5
0	101	3.51123e-005	21574	6
0	101	2.7545e-005	21579	7
0	101	2.66681e-005	21582	8
0	101	4.22562e-005	21586	9
0	101	2.3616e-005	21590	10
0	101	3.93041e-005	21595	11
0	101	5.07332e-005	21599	12
0	101	2.50968e-005	21604	13
0	101	5.14645e-005	21609	14
0	101	2.53251e-005	21615	15
0	101	3.03519e-005	21620	16
0	101	2.36562e-005	21626	17
0	101	4.14049e-005	21632	18
0	101	3.89742e-005	21638	19
0	101	2.28075e-005	21645	20
0	101	2.29811e-005	21652	21
0	101	3.64197e-005	21660	22
0	101	2.047e-005	21667	23
0	101	0.000107078	21674	24
0	101	2.09064e-005	21683	25
0	101	2.06146e-005	21692	26
0	101	2.73977e-005	21707	27
0	101	1.94442e-005	21718	28
0	101	1.82618e-005	21730	29
0	101	2.12092e-005	21741	30
0	101	1.69181e-005	21751	31
0	101	1.73661e-005	21763	32
0	102	2.92211e-005	21768	1
0	102	5.34796e-005	21771	2
0	102	4.41683e-005	21774	3
0	102	2.32757e-005	21778	4
0	102	3.93845e-005	21781	5
0	102	2.58961e-005	21784	6
0	102	2.9471e-005	21788	7
0	102	2.57196e-005	21792	8
0	102	4.66736e-005	21796	9
0	102	2.50401e-005	21801	10
0	102	3.71738e-005	21805	11
0	102	3.37974e-005	21810	12
0	102	2.54486e-005	21816	13
0	102	2.56085e-005	21821	14
0	102	2.6163e-005	21826	15
0	102	2.42357e-005	21832	16
0	102	2.68542e-005	21838	17
0	102	2.67481e-005	21844	18
0	102	2.05379e-005	21851	19
0	102	2.09805e-005	21857	20
0	102	1.98807e-005	21865	21
0	102	5.98876e-005	21873	22
0	102	1.92045e-005	21881	23
0	102	2.47016e-005	21888	24
0	102	2.13458e-005	21897	25
0	102	1.70086e-005	21905	26
0	102	1.61415e-005	21917	27
0	102	1.94468e-005	21927	28
0	102	1.5805e-005	21943	29
0	102	1.47721e-005	21956	30
0	102	1.46864e-005	21966	31
0	102	2.6205e-005	21978	32
0	103	4.16925e-005	21983	1
0	103	0.00020514	21985	2
0	103	0.000209188	21989	3
0	103	0.000102372	21992	4
0	103	7.75966e-005	21995	5
0	103	0.000175002	21999	6
0	103	0.000144266	22002	7
0	103	5.04046e-005	22006	8
0	103	5.11612e-005	22010	9
0	103	3.61898e-005	22014	10
0	103	3.09481e-005	22019	11
0	103	3.45158e-005	22023	12
0	103	2.81573e-005	22028	13
0	103	2.76219e-005	22033	14
0	103	2.56792e-005	22038	15
0	103	2.2157e-005	22044	16
0	103	2.21245e-005	22050	17
0	103	2.12419e-005	22056	18
0	103	1.99674e-005	22064	19
0	103	1.91652e-005	22070	20
0	103	2.11503e-005	22077	21
0	103	1.84011e-005	22084	22
0	103	1.82174e-005	22091	23
0	103	1.58508e-005	22099	24
0	103	2.18992e-005	22107	25
0	103	1.59096e-005	22115	26
0	103	1.44686e-005	22124	27
0	103	1.73287e-005	22133	28
0	103	1.38384e-005	22143	29
0	103	3.65754e-005	22153	30
0	103	1.38708e-005	22162	31
0	103	2.4186e-005	22173	32
0	104	3.54884e-005	22177	1
0	104	0.000123652	22180	2
0	104	6.02933e-005	22183	3
0	104	4.87065e-005	22187	4
0	104	9.91695e-005	22190	5
0	104	5.63396e-005	22193	6
0	104	4.65009e-005	22197	7
0	104	5.05942e-005	22201	8
0	104	4.22954e-005	22205	9
0	104	6.137e-005	22209	10
0	104	3.44634e-005	22213	11
0	104	2.50882e-005	22217	12
0	104	1.79188e-005	22231	13
0	104	2.89246e-005	22236	14
0	104	1.96717e-005	22241	15
0	104	2.13204e-005	22247	16
0	104	1.64004e-005	22253	17
0	104	1.61809e-005	22259	18
0	104	2.51942e-005	22267	19
0	104	2.21525e-005	22277	20
0	104	1.87275e-005	22287	21
0	104	1.98643e-005	22299	22
0	104	2.68448e-005	22309	23
0	104	2.15873e-005	22317	24
0	104	1.71109e-005	22326	25
0	104	1.71705e-005	22337	26
0	104	2.60431e-005	22348	27
0	104	1.71197e-005	22357	28
0	104	1.57602e-005	22367	29
0	104	4.34611e-005	22379	30
0	104	3.73512e-005	22391	31
0	104	2.55837e-005	22402	32
0	105	3.89685e-005	22406	1
0	105	0.000217301	22409	2
0	105	0.00021148	22411	3
0	105	9.29474e-005	22414	4
0	105	4.0552e-005	22419	5
0	105	3.6287e-005	22423	6
0	105	3.52392e-005	22429	7
0	105	0.00026218	22433	8
0	105	5.39291e-005	22436	9
0	105	6.25426e-005	22441	10
0	105	4.84346e-005	22449	11
0	105	0.000155455	22454	12
0	105	3.97847e-005	22461	13
0	105	3.41714e-005	22469	14
0	105	2.86124e-005	22474	15
0	105	2.38948e-005	22481	16
0	105	2.37719e-005	22487	17
0	105	2.28178e-005	22495	18
0	105	2.28322e-005	22501	19
0	105	2.21263e-005	22507	20
0	105	2.15616e-005	22515	21
0	105	2.59421e-005	22525	22
0	105	3.17107e-005	22533	23
0	105	2.14324e-005	22542	24
0	105	2.10839e-005	22551	25
0	105	2.03881e-005	22560	26
0	105	1.63872e-005	22569	27
0	105	1.57624e-005	22578	28
0	105	2.51304e-005	22587	29
0	105	1.5394e-005	22600	30
0	105	1.44704e-005	22610	31
0	105	4.09445e-005	22620	32
0	106	6.10327e-005	22624	1
0	106	0.000168827	22627	2
0	106	8.50867e-005	22630	3
0	106	5.32845e-005	22633	4
0	106	6.4932e-005	22637	5
0	106	5.24614e-005	22640	6
0	106	3.3837e-005	22644	7
0	106	3.35903e-005	22648	8
0	106	2.86977e-005	22653	9
0	106	2.61628e-005	22658	10
0	106	2.49142e-005	22663	11
0	106	6.8927e-005	22668	12
0	106	6.01736e-005	22673	13
0	106	4.3773e-005	22678	14
0	106	5.1728e-005	22684	15
0	106	3.3999e-005	22690	16
0	106	3.01493e-005	22696	17
0	106	2.43918e-005	22702	18
0	106	2.09837e-005	22709	19
0	106	3.22854e-005	22717	20
0	106	1.80129e-005	22726	21
0	106	1.6908e-005	22733	22
0	106	1.63421e-005	22741	23
0	106	1.49327e-005	22749	24
0	106	1.54048e-005	22756	25
0	106	2.02653e-005	22765	26
0	106	1.97137e-005	22774	27
0	106	1.46444e-005	22784	28
0	106	1.40125e-005	22796	29
0	106	0.000219181	22806	30
0	106	8.6574e-005	22816	31
0	106	3.66042e-005	22828	32
0	107	6.07296e-005	22832	1
0	107	0.000204043	22835	2
0	107	0.000105115	22837	3
0	107	6.54738e-005	22841	4
0	107	6.38621e-005	22844	5
0	107	5.63077e-005	22848	6
0	107	0.000152153	22851	7
0	107	8.14743e-005	22855	8
0	107	6.78547e-005	22859	9
0	107	4.5618e-005	22863	10
0	107	4.15288e-005	22867	11
0	107	4.04496e-005	22879	12
0	107	3.14921e-005	22885	13
0	107	2.93451e-005	22889	14
0	107	2.98438e-005	22894	15
0	107	2.60124e-005	22900	16
0	107	2.8491e-005	22905	17
0	107	2.21854e-005	22911	18
0	107	3.39483e-005	22918	19
0	107	3.95073e-005	22926	20
0	107	1.93164e-005	22939	21
0	107	1.8237e-005	22948	22
0	107	1.70509e-005	22958	23
0	107	5.3104e-005	22968	24
0	107	3.13563e-005	22978	25
0	107	1.88497e-005	22986	26
0	107	3.07714e-005	22996	27
0	107	2.38092e-005	23005	28
0	107	2.01182e-005	23014	29
0	107	1.67653e-005	23024	30
0	107	2.0976e-005	23034	31
0	107	3.28023e-005	23046	32
0	108	5.92493e-005	23049	1
0	108	0.000118087	23053	2
0	108	6.87709e-005	23055	3
0	108	0.000104681	23058	4
0	108	5.55574e-005	23061	5
0	108	7.10454e-005	23064	6
0	108	6.28729e-005	23068	7
0	108	4.49981e-005	23072	8
0	108	3.3267e-005	23075	9
0	108	9.4326e-005	23081	10
0	108	5.32687e-005	23086	11
0	108	3.877e-005	23090	12
0	108	5.29393e-005	23095	13
0	108	3.45436e-005	23101	14
0	108	5.12663e-005	23106	15
0	108	4.48175e-005	23112	16
0	108	3.33416e-005	23118	17
0	108	2.92797e-005	23124	18
0	108	2.73072e-005	23130	19
0	108	2.19688e-005	23138	20
0	108	3.99459e-005	23145	21
0	108	2.16768e-005	23152	22
0	108	8.04293e-005	23159	23
0	108	3.07129e-005	23167	24
0	108	2.38236e-005	23175	25
0	108	2.14521e-005	23183	26
0	108	2.0175e-005	23191	27
0	108	2.69572e-005	23201	28
0	108	2.31817e-005	23211	29
0	108	2.28729e-005	23221	30
0	108	1.47134e-005	23232	31
0	108	1.42075e-005	23244	32
0	109	2.2485e-005	23248	1
0	109	0.000108095	23251	2
0	109	0.000112321	23254	3
0	109	5.0381e-005	23256	4
0	109	5.61324e-005	23260	5
0	109	4.17033e-005	23263	6
0	109	0.000134166	23266	7
0	109	5.21742e-005	23270	8
0	109	4.36605e-005	23274	9
0	109	4.14349e-005	23279	10
0	109	3.24239e-005	23283	11
0	109	3.44966e-005	23287	12
0	109	3.18931e-005	23292	13
0	109	2.77049e-005	23297	14
0	109	7.64355e-005	23302	15
0	109	5.3029e-005	23308	16
0	109	3.19767e-005	23314	17
0	109	2.40007e-005	23319	18
0	109	3.29767e-005	23326	19
0	109	3.14771e-005	23333	20
0	109	2.6338e-005	23340	21
0	109	1.96606e-005	23349	22
0	109	1.76854e-005	23360	23
0	109	1.67244e-005	23369	24
0	109	1.65612e-005	23378	25
0	109	3.00134e-005	23390	26
0	109	1.60941e-005	23400	27
0	109	1.49504e-005	23409	28
0	109	1.57918e-005	23419	29
0	109	1.4616e-005	23430	30
0	109	1.33468e-005	23442	31
0	109	1.28458e-005	23455	32
0	110	2.23726e-005	23460	1
0	110	0.000106943	23464	2
0	110	5.1967e-005	23467	3
0	110	4.72169e-005	23470	4
0	110	2.97741e-005	23474	5
0	110	2.24654e-005	23477	6
0	110	2.96214e-005	23481	7
0	110	2.0418e-005	23484	8
0	110	2.15588e-005	23489	9
0	110	5.15441e-005	23493	10
0	110	2.19825e-005	23497	11
0	110	2.90562e-005	23502	12
0	110	2.64956e-005	23507	13
0	110	2.13214e-005	23514	14
