step	level	max error	time	nr. of control nodes
0	0	0.416163	10	2
0	0	0.45595	27	4
0	0	0.247531	44	6
0	0	0.090812	61	8
0	1	0.501985	78	2
0	1	4.6777	83	4
0	1	1.98886	89	6
0	1	0.761491	95	8
0	1	0.755356	101	10
0	1	0.522281	107	12
0	1	0.2112	116	14
0	1	0.170231	125	16
0	1	0.11962	134	18
0	1	0.100994	144	20
0	1	0.0950883	155	22
0	1	0.264894	166	24
0	1	0.0898312	178	26
0	1	0.088029	191	28
0	1	0.0813952	205	30
0	1	0.0459596	221	32
0	1	0.0322681	235	34
0	2	0.0446509	240	2
0	2	0.568135	246	4
0	2	0.25418	251	6
0	2	0.219612	257	8
0	2	0.119672	263	10
0	2	0.084171	269	12
0	2	0.0561865	277	14
0	2	0.222362	286	16
0	2	0.101812	296	18
0	2	0.0575838	305	20
0	2	0.0629786	316	22
0	2	0.0246103	328	24
0	2	0.0221445	340	26
0	2	0.0234503	352	28
0	2	0.0218434	367	30
0	2	0.0191892	385	32
0	2	0.0300542	404	34
0	2	0.0272751	420	36
0	2	0.0180619	436	38
0	2	0.0128308	456	40
0	3	0.0167338	461	2
0	3	0.171971	467	4
0	3	0.100156	474	6
0	3	0.0604437	480	8
0	3	0.0456595	487	10
0	3	0.0297003	493	12
0	3	0.0165958	501	14
0	3	0.0168078	510	16
0	3	0.0209888	521	18
0	3	0.0126796	530	20
0	3	0.0114603	543	22
0	3	0.0151871	556	24
0	3	0.0109719	567	26
0	3	0.00824383	579	28
0	3	0.00757219	593	30
0	3	0.00684442	608	32
0	3	0.00666949	624	34
0	3	0.00604342	643	36
0	4	0.007849	649	2
0	4	0.012391	655	4
0	4	0.0111909	661	6
0	4	0.0495355	667	8
0	4	0.0220727	673	10
0	4	0.0155415	680	12
0	4	0.0157113	688	14
0	4	0.00759905	696	16
0	4	0.0100528	705	18
0	4	0.00977315	716	20
0	4	0.0106955	726	22
0	4	0.00470166	736	24
0	4	0.0293657	750	26
0	4	0.011796	762	28
0	4	0.00597679	776	30
0	4	0.00511103	793	32
0	4	0.00595578	809	34
0	4	0.00498013	825	36
0	4	0.0042724	841	38
0	4	0.00501158	860	40
0	4	0.00373941	882	42
0	4	0.00402764	903	44
0	4	0.0038663	924	46
0	4	0.00492585	948	48
0	4	0.00335117	974	50
0	4	0.00241138	998	52
0	5	0.00454579	1004	2
0	5	0.0113928	1012	4
0	5	0.00717267	1017	6
0	5	0.00624295	1023	8
0	5	0.00454837	1030	10
0	5	0.00485934	1036	12
0	5	0.0157853	1044	14
0	5	0.00653129	1052	16
0	5	0.00763758	1061	18
0	5	0.00578519	1073	20
0	5	0.00520482	1094	22
0	5	0.00350569	1108	24
0	5	0.00333	1119	26
0	5	0.00343655	1132	28
0	5	0.00593077	1146	30
0	5	0.00359244	1161	32
0	5	0.00267993	1177	34
0	5	0.00264784	1196	36
0	5	0.00305389	1211	38
0	5	0.0024263	1231	40
0	5	0.00292887	1250	42
0	5	0.00214064	1274	44
0	5	0.00202882	1298	46
0	5	0.00188864	1321	48
0	5	0.00149302	1351	50
0	5	0.00137854	1376	52
0	5	0.00192759	1405	54
0	5	0.0013969	1437	56
0	5	0.0013021	1467	58
0	5	0.00110126	1497	60
0	6	0.00210997	1502	2
0	6	0.00956231	1508	4
0	6	0.00777335	1514	6
0	6	0.00483672	1519	8
0	6	0.00336015	1527	10
0	6	0.0031712	1534	12
0	6	0.00236545	1541	14
0	6	0.00210766	1548	16
0	6	0.00158033	1557	18
0	6	0.00194916	1568	20
0	6	0.00216768	1583	22
0	6	0.00187348	1596	24
0	6	0.00132481	1608	26
0	6	0.00307536	1625	28
0	6	0.001742	1646	30
0	6	0.0015025	1661	32
0	6	0.00126236	1677	34
0	6	0.00151387	1693	36
0	6	0.00118651	1711	38
0	6	0.000996144	1731	40
0	6	0.00096878	1750	42
0	6	0.0015071	1772	44
0	6	0.000860976	1796	46
0	6	0.000921698	1819	48
0	6	0.000921552	1845	50
0	6	0.000670678	1871	52
0	6	0.000799933	1904	54
0	6	0.000598031	1938	56
0	6	0.000636967	1970	58
0	6	0.000685865	2004	60
0	6	0.000563885	2046	62
0	6	0.000463853	2094	64
0	7	0.000880521	2102	2
0	7	0.00149767	2109	4
0	7	0.00109765	2115	6
0	7	0.000787456	2122	8
0	7	0.0106517	2128	10
0	7	0.00528473	2135	12
0	7	0.00245572	2144	14
0	7	0.00190506	2153	16
0	7	0.00101897	2165	18
0	7	0.000775704	2176	20
0	7	0.00079734	2186	22
0	7	0.000894031	2198	24
0	7	0.000845572	2209	26
0	7	0.00136468	2221	28
0	7	0.000728685	2235	30
0	7	0.000663113	2249	32
0	7	0.000734385	2264	34
0	7	0.000954712	2281	36
0	7	0.000687663	2299	38
0	7	0.000619614	2318	40
0	7	0.000816547	2342	42
0	7	0.000588781	2366	44
0	7	0.000577449	2387	46
0	7	0.000779091	2413	48
0	7	0.000954788	2442	50
0	7	0.000753042	2469	52
0	7	0.000523507	2500	54
0	7	0.000610319	2534	56
0	7	0.000407274	2576	58
0	7	0.000771117	2616	60
0	7	0.000462624	2652	62
0	7	0.000372464	2691	64
0	7	0.000357233	2732	66
0	7	0.000340024	2777	68
0	7	0.000455034	2822	70
0	7	0.000288076	2870	72
0	7	0.000335555	2921	74
0	7	0.000284695	2990	76
0	7	0.000284424	3057	78
0	7	0.000251914	3126	80
0	7	0.000250553	3193	82
0	7	0.000238257	3255	84
0	7	0.00021426	3321	86
0	8	0.000456698	3327	2
0	8	0.000996542	3333	4
0	8	0.000753856	3338	6
0	8	0.00055602	3346	8
0	8	0.00129208	3354	10
0	8	0.000547869	3360	12
0	8	0.000461705	3368	14
0	8	0.00187792	3376	16
0	8	0.000909401	3385	18
0	8	0.000745909	3397	20
0	8	0.00045153	3408	22
0	8	0.000659367	3420	24
0	8	0.000923342	3435	26
0	8	0.000454913	3449	28
0	8	0.000492874	3463	30
0	8	0.000402314	3478	32
0	8	0.000372933	3495	34
0	8	0.000349569	3512	36
0	8	0.000451816	3530	38
0	8	0.000873522	3548	40
0	8	0.000393453	3571	42
0	8	0.000345128	3592	44
0	8	0.000298483	3618	46
0	8	0.000280473	3642	48
0	8	0.00022843	3669	50
0	8	0.000422328	3694	52
0	8	0.000334154	3719	54
0	8	0.000272751	3749	56
0	8	0.000409991	3782	58
0	8	0.000319452	3823	60
0	8	0.000246569	3861	62
0	8	0.000300548	3905	64
0	8	0.000207469	3945	66
0	8	0.000335753	3996	68
0	8	0.000224662	4046	70
0	8	0.00025954	4097	72
0	8	0.000243203	4148	74
0	8	0.000216638	4201	76
0	8	0.000264895	4255	78
0	8	0.000198837	4310	80
0	8	0.000186653	4367	82
0	8	0.000169404	4425	84
0	8	0.000151946	4491	86
0	8	0.000150989	4560	88
0	8	0.000144782	4636	90
0	8	0.000151267	4713	92
0	8	0.000156875	4793	94
0	8	0.000132323	4869	96
0	8	0.000122137	4959	98
0	8	0.000153547	5048	100
0	8	0.000120494	5142	102
0	8	0.000120277	5239	104
0	8	0.000118949	5339	106
0	8	0.000107225	5454	108
0	8	0.000102689	5559	110
0	9	0.00119811	5564	2
0	9	0.00036215	5569	4
0	9	0.000238203	5576	6
0	9	0.000414879	5583	8
0	9	0.00026793	5591	10
0	9	0.000218983	5598	12
0	9	0.000217696	5607	14
0	9	0.000195044	5615	16
0	9	0.000176854	5624	18
0	9	0.000152134	5633	20
0	9	0.000801297	5644	22
0	9	0.000375296	5654	24
0	9	0.000268476	5665	26
0	9	0.000183039	5676	28
0	9	0.000193689	5690	30
0	9	0.000151364	5705	32
0	9	0.000133412	5722	34
0	9	0.000970974	5738	36
0	9	0.000270458	5755	38
0	9	0.000181781	5775	40
0	9	0.000153106	5795	42
0	9	0.000132749	5816	44
0	9	0.000120484	5839	46
0	9	0.000112962	5864	48
0	9	0.0001313	5888	50
0	9	0.000125992	5916	52
0	9	0.000112883	5946	54
0	9	0.000130492	5980	56
0	9	0.000235633	6013	58
0	9	0.000195215	6049	60
0	9	9.59567e-005	6093	62
0	9	0.000106108	6134	64
0	9	8.18326e-005	6171	66
0	9	9.71274e-005	6213	68
0	9	0.000143277	6256	70
0	9	0.00021881	6304	72
0	9	0.000138731	6354	74
0	9	9.09555e-005	6407	76
0	9	9.75423e-005	6461	78
0	9	7.57584e-005	6517	80
0	9	6.99568e-005	6587	82
0	9	6.96164e-005	6649	84
0	9	6.93653e-005	6712	86
0	9	8.14263e-005	6779	88
0	9	8.43787e-005	6850	90
0	9	6.31297e-005	6929	92
0	9	6.01059e-005	7004	94
0	9	9.0221e-005	7090	96
0	9	5.79017e-005	7174	98
0	9	5.54567e-005	7259	100
0	9	0.000127394	7351	102
0	9	5.4723e-005	7440	104
0	9	8.51724e-005	7540	106
0	9	6.91372e-005	7645	108
0	9	5.41115e-005	7766	110
0	9	7.03931e-005	7882	112
0	9	6.15807e-005	7997	114
0	9	6.88371e-005	8118	116
0	9	6.12737e-005	8250	118
0	9	5.23021e-005	8381	120
0	9	7.76442e-005	8514	122
0	9	7.66009e-005	8659	124
0	9	5.10813e-005	8806	126
0	10	8.83717e-005	8812	2
0	10	0.000363184	8817	4
0	10	0.00015004	8823	6
0	10	0.000136842	8830	8
0	10	0.000121328	8836	10
0	10	0.000118592	8843	12
0	10	0.000125085	8851	14
0	10	0.000113836	8860	16
0	10	0.000196323	8868	18
0	10	0.000201159	8880	20
0	10	9.67936e-005	8892	22
0	10	0.000123943	8906	24
0	10	8.67997e-005	8920	26
0	10	0.000132556	8933	28
0	10	8.93682e-005	8945	30
0	10	9.71899e-005	8961	32
0	10	0.00012652	8975	34
0	10	7.79143e-005	8991	36
0	10	9.94504e-005	9008	38
0	10	7.58637e-005	9028	40
0	10	6.8623e-005	9049	42
0	10	8.36977e-005	9072	44
0	10	8.47291e-005	9092	46
0	10	9.15496e-005	9117	48
0	10	6.4039e-005	9143	50
0	10	6.47597e-005	9170	52
0	10	6.51459e-005	9200	54
0	10	5.42458e-005	9231	56
0	10	5.2349e-005	9262	58
0	10	5.89541e-005	9295	60
0	10	5.11589e-005	9328	62
0	10	5.06491e-005	9365	64
0	10	4.97075e-005	9403	66
0	10	6.04338e-005	9448	68
0	10	4.3603e-005	9489	70
0	10	4.30332e-005	9537	72
0	10	9.59516e-005	9583	74
0	10	7.83096e-005	9634	76
0	10	4.53541e-005	9688	78
0	10	4.40312e-005	9737	80
0	10	4.29804e-005	9804	82
0	10	6.1006e-005	9864	84
0	10	5.05178e-005	9932	86
0	10	4.97562e-005	10004	88
0	10	4.63094e-005	10078	90
0	10	4.05683e-005	10153	92
0	10	3.82196e-005	10231	94
0	10	3.81827e-005	10312	96
0	10	5.19048e-005	10398	98
0	10	4.605e-005	10492	100
0	10	3.81411e-005	10586	102
0	10	3.7238e-005	10682	104
0	10	3.64742e-005	10780	106
0	10	4.15904e-005	10883	108
0	10	3.63895e-005	10990	110
0	10	4.57223e-005	11103	112
0	10	3.38319e-005	11225	114
0	10	3.1199e-005	11345	116
0	10	3.44553e-005	11473	118
0	10	2.66534e-005	11603	120
0	10	2.63919e-005	11743	122
0	10	4.00658e-005	11887	124
0	10	2.77189e-005	12038	126
0	10	3.27978e-005	12196	128
0	10	2.56756e-005	12353	130
0	10	2.40614e-005	12516	132
0	11	4.82946e-005	12521	2
0	11	0.000147816	12527	4
0	11	0.000536746	12531	6
0	11	0.000362381	12537	8
0	11	0.00012558	12544	10
0	11	7.6165e-005	12552	12
0	11	7.35458e-005	12559	14
0	11	6.64498e-005	12567	16
0	11	5.11646e-005	12576	18
0	11	4.43517e-005	12585	20
0	11	7.84436e-005	12596	22
0	11	4.72677e-005	12606	24
0	11	3.59516e-005	12617	26
0	11	6.47532e-005	12630	28
0	11	6.24028e-005	12643	30
0	11	4.1954e-005	12660	32
0	11	4.00245e-005	12679	34
0	11	4.43867e-005	12699	36
0	11	5.08569e-005	12719	38
0	11	5.46032e-005	12737	40
0	11	3.97731e-005	12755	42
0	11	5.96158e-005	12773	44
0	11	4.92706e-005	12793	46
0	11	3.28577e-005	12816	48
0	11	3.26313e-005	12845	50
0	11	7.00096e-005	12871	52
0	11	4.84243e-005	12898	54
0	11	3.98088e-005	12925	56
0	11	3.23848e-005	12954	58
0	11	2.87244e-005	12985	60
0	11	4.16235e-005	13017	62
0	11	3.36421e-005	13055	64
0	11	3.06699e-005	13093	66
0	11	3.88856e-005	13132	68
0	11	2.39482e-005	13177	70
0	11	2.63364e-005	13223	72
0	11	3.70486e-005	13275	74
0	11	2.56702e-005	13325	76
0	11	2.47224e-005	13380	78
0	11	2.46697e-005	13432	80
0	11	2.85021e-005	13495	82
0	11	2.45438e-005	13554	84
0	11	2.36243e-005	13616	86
0	11	2.35218e-005	13689	88
0	11	2.34499e-005	13758	90
0	11	2.33372e-005	13842	92
0	11	2.83788e-005	13921	94
0	11	3.29733e-005	14005	96
0	11	2.12177e-005	14092	98
0	11	2.10995e-005	14180	100
0	11	2.0464e-005	14276	102
0	11	2.06029e-005	14373	104
0	11	2.16833e-005	14474	106
0	11	1.94713e-005	14576	108
0	11	1.84918e-005	14678	110
0	11	1.80354e-005	14791	112
0	11	3.18932e-005	14910	114
0	11	2.55093e-005	15035	116
0	11	2.21369e-005	15170	118
0	11	2.10678e-005	15303	120
0	11	1.7528e-005	15442	122
0	11	1.69994e-005	15586	124
0	11	2.0122e-005	15733	126
0	11	3.37041e-005	15887	128
0	11	3.17456e-005	16043	130
0	11	1.7309e-005	16214	132
0	11	1.64219e-005	16385	134
0	11	1.58744e-005	16559	136
0	11	1.55709e-005	16733	138
0	11	2.46037e-005	16921	140
0	11	1.46642e-005	17111	142
0	11	1.50668e-005	17323	144
0	11	1.39853e-005	17529	146
0	11	1.52417e-005	17750	148
0	11	1.34887e-005	17967	150
0	11	1.33286e-005	18186	152
0	11	1.74528e-005	18422	154
0	11	1.29292e-005	18659	156
0	11	1.90591e-005	18909	158
0	11	1.79219e-005	19148	160
0	11	1.55787e-005	19419	162
0	11	1.47603e-005	19691	164
0	11	1.23851e-005	19981	166
0	11	1.1867e-005	20255	168
0	12	1.99094e-005	20261	2
0	12	0.000122531	20267	4
0	12	9.37204e-005	20273	6
0	12	7.04668e-005	20280	8
0	12	2.96817e-005	20285	10
0	12	2.33746e-005	20293	12
0	12	2.27559e-005	20301	14
0	12	3.83574e-005	20311	16
0	12	2.68701e-005	20321	18
0	12	1.91713e-005	20330	20
0	12	3.74304e-005	20341	22
0	12	2.65268e-005	20353	24
0	12	2.15646e-005	20367	26
0	12	2.42122e-005	20380	28
0	12	2.74535e-005	20392	30
0	12	3.39698e-005	20405	32
0	12	2.88373e-005	20422	34
0	12	3.88134e-005	20441	36
0	12	3.10274e-005	20458	38
0	12	1.98809e-005	20477	40
0	12	2.43397e-005	20494	42
0	12	2.35189e-005	20514	44
0	12	2.52967e-005	20536	46
0	12	2.46103e-005	20557	48
0	12	2.48154e-005	20583	50
0	12	2.08243e-005	20610	52
0	12	1.73277e-005	20637	54
0	12	1.98351e-005	20668	56
0	12	1.93295e-005	20700	58
0	12	1.79364e-005	20736	60
0	12	2.22426e-005	20774	62
0	12	1.65566e-005	20815	64
0	12	1.59203e-005	20863	66
0	12	1.76142e-005	20907	68
0	12	1.87453e-005	20950	70
0	12	1.81175e-005	21000	72
0	12	1.51097e-005	21051	74
0	12	1.482e-005	21100	76
0	12	1.5555e-005	21153	78
0	12	1.37149e-005	21209	80
0	12	1.34352e-005	21266	82
0	12	1.43265e-005	21329	84
0	12	1.66082e-005	21399	86
0	12	1.52783e-005	21470	88
0	12	1.44065e-005	21543	90
0	12	1.77998e-005	21614	92
0	12	1.32267e-005	21694	94
0	12	1.30914e-005	21780	96
0	12	1.19536e-005	21874	98
0	12	1.55305e-005	21960	100
0	12	1.72761e-005	22052	102
0	12	1.16408e-005	22150	104
0	12	1.20417e-005	22247	106
0	12	1.19868e-005	22348	108
0	12	1.99323e-005	22455	110
0	12	1.38305e-005	22566	112
0	12	2.04e-005	22689	114
0	12	1.87361e-005	22809	116
0	12	1.09477e-005	22939	118
0	12	1.95152e-005	23067	120
0	12	1.68683e-005	23203	122
0	12	1.01314e-005	23344	124
0	12	1.33345e-005	23492	126
0	12	9.97861e-006	23643	128
0	12	1.1373e-005	23796	130
0	12	1.11081e-005	23958	132
0	12	9.18478e-006	24116	134
0	12	1.1821e-005	24296	136
0	12	1.0059e-005	24476	138
0	12	9.87235e-006	24716	140
0	12	1.20999e-005	24908	142
0	12	8.95887e-006	25105	144
0	12	8.94585e-006	25366	146
0	12	8.36446e-006	25579	148
0	12	8.34224e-006	25789	150
0	12	8.25425e-006	26020	152
0	12	7.61479e-006	26269	154
0	12	7.90269e-006	26526	156
0	12	7.78454e-006	26814	158
0	12	7.40374e-006	27108	160
0	12	7.16739e-006	27387	162
0	12	7.76939e-006	27833	164
0	12	7.13136e-006	28241	166
0	12	6.68406e-006	28533	168
0	12	6.6631e-006	28831	170
0	12	9.46766e-006	29138	172
0	12	6.49731e-006	29451	174
0	12	6.04026e-006	29794	176
0	12	6.61462e-006	30138	178
0	12	6.4412e-006	30485	180
0	12	6.66929e-006	30854	182
0	12	5.66225e-006	31233	184
0	13	0.000296157	31240	2
0	13	0.000374078	31245	4
0	13	0.000122503	31251	6
0	13	0.000114412	31258	8
0	13	5.16646e-005	31264	10
0	13	2.78224e-005	31272	12
0	13	2.08104e-005	31279	14
0	13	2.08566e-005	31287	16
0	13	1.02943e-005	31296	18
0	13	4.52573e-005	31305	20
0	13	2.05823e-005	31315	22
0	13	2.18939e-005	31326	24
0	13	1.21348e-005	31338	26
0	13	1.18006e-005	31350	28
0	13	9.12536e-006	31363	30
0	13	8.66209e-006	31379	32
0	13	7.65835e-006	31394	34
0	13	1.39745e-005	31409	36
0	13	9.53712e-006	31427	38
0	13	1.23506e-005	31449	40
0	13	9.76713e-006	31470	42
0	13	8.72529e-006	31497	44
0	13	7.96213e-006	31523	46
0	13	8.41608e-006	31544	48
0	13	1.06815e-005	31572	50
0	13	7.45981e-006	31600	52
0	13	7.13734e-006	31630	54
0	13	9.30986e-006	31660	56
0	13	7.56886e-006	31702	58
0	13	6.78047e-006	31733	60
0	13	1.17903e-005	31773	62
0	13	8.86599e-006	31812	64
0	13	1.3674e-005	31855	66
0	13	1.09088e-005	31899	68
0	13	9.56456e-006	31942	70
0	13	1.03378e-005	32004	72
0	13	7.67254e-006	32060	74
0	13	6.99163e-006	32119	76
0	13	8.48081e-006	32178	78
0	13	7.66119e-006	32240	80
0	13	6.50446e-006	32300	82
0	13	6.87576e-006	32366	84
0	13	6.4465e-006	32430	86
0	13	1.01286e-005	32497	88
0	13	7.95071e-006	32564	90
0	13	1.00491e-005	32637	92
0	13	9.94802e-006	32730	94
0	13	8.14422e-006	32838	96
0	13	7.11783e-006	32922	98
0	13	1.49819e-005	33009	100
0	13	7.14836e-006	33104	102
0	13	6.54164e-006	33204	104
0	13	6.1928e-006	33307	106
0	13	5.83673e-006	33411	108
0	13	1.5066e-005	33517	110
0	13	9.91187e-006	33631	112
0	13	6.24645e-006	33763	114
0	13	5.82548e-006	33885	116
0	13	6.90542e-006	34012	118
0	13	6.09877e-006	34145	120
0	13	7.10553e-006	34319	122
0	13	7.81356e-006	34461	124
0	13	5.04194e-006	34599	126
0	13	5.67129e-006	34743	128
0	13	6.43324e-006	34892	130
0	13	5.77483e-006	35058	132
0	13	6.15457e-006	35223	134
0	13	4.49644e-006	35392	136
0	13	6.99933e-006	35580	138
0	13	8.55782e-006	35768	140
0	13	4.44724e-006	35965	142
0	13	4.28678e-006	36171	144
0	13	9.38632e-006	36377	146
0	13	4.61505e-006	36576	148
0	13	5.19218e-006	36798	150
0	13	4.43911e-006	37036	152
0	13	4.06855e-006	37276	154
0	13	3.99973e-006	37519	156
0	13	5.41486e-006	37771	158
0	13	6.64404e-006	38023	160
0	13	4.88641e-006	38298	162
0	13	3.79207e-006	38578	164
0	13	3.79037e-006	38864	166
0	13	3.68062e-006	39138	168
0	13	5.87456e-006	39451	170
0	13	5.98307e-006	39752	172
0	13	4.19102e-006	40059	174
0	13	4.57643e-006	40393	176
0	13	3.86564e-006	40721	178
0	13	4.93914e-006	41066	180
0	13	3.5389e-006	41408	182
0	13	5.17768e-006	41769	184
0	13	3.4967e-006	42150	186
0	13	3.94131e-006	42557	188
0	13	3.49387e-006	42950	190
0	13	3.88778e-006	43360	192
0	13	4.74275e-006	43795	194
0	13	3.34422e-006	44218	196
0	13	3.07336e-006	44646	198
0	13	3.05674e-006	45112	200
0	13	3.62739e-006	45593	202
0	13	3.31158e-006	46064	204
0	13	2.99741e-006	46554	206
0	13	4.90999e-006	47047	208
0	13	3.43796e-006	47558	210
0	13	3.72e-006	48099	212
0	13	3.22805e-006	48637	214
0	13	3.03364e-006	49186	216
0	13	3.19674e-006	49741	218
0	13	4.29966e-006	50325	220
0	13	3.1794e-006	50914	222
0	13	2.6629e-006	51530	224
0	14	4.66379e-006	51537	2
0	14	1.87053e-005	51542	4
0	14	9.22834e-006	51548	6
0	14	1.85799e-005	51553	8
0	14	7.91577e-006	51560	10
0	14	7.07194e-006	51567	12
0	14	9.24539e-006	51574	14
0	14	5.41576e-006	51582	16
0	14	6.74213e-006	51590	18
0	14	5.48433e-006	51599	20
0	14	4.97634e-006	51608	22
0	14	4.34853e-006	51619	24
0	14	1.95725e-005	51631	26
0	14	6.90163e-006	51644	28
0	14	5.17655e-006	51658	30
0	14	5.91022e-006	51672	32
0	14	4.74427e-006	51688	34
0	14	7.18649e-006	51703	36
0	14	4.19576e-006	51722	38
0	14	5.21792e-006	51740	40
0	14	6.76369e-006	51760	42
0	14	7.46684e-006	51782	44
0	14	8.3625e-006	51804	46
0	14	4.75146e-006	51835	48
0	14	4.9067e-006	51862	50
0	14	4.54191e-006	51893	52
0	14	4.23276e-006	51922	54
0	14	8.31187e-006	51952	56
0	14	3.80854e-006	51989	58
0	14	5.43444e-006	52023	60
0	14	1.02858e-005	52062	62
0	14	3.73313e-006	52101	64
0	14	3.36211e-006	52148	66
0	14	3.3453e-006	52189	68
0	14	3.34917e-006	52234	70
0	14	4.9783e-006	52294	72
0	14	4.36029e-006	52348	74
0	14	4.25337e-006	52401	76
0	14	3.76495e-006	52459	78
0	14	3.9599e-006	52517	80
0	14	4.06259e-006	52571	82
0	14	3.95475e-006	52626	84
0	14	3.24193e-006	52685	86
0	14	3.77572e-006	52755	88
0	14	5.01656e-006	52827	90
0	14	3.30069e-006	52901	92
0	14	3.05787e-006	52980	94
0	14	3.71379e-006	53064	96
0	14	4.43219e-006	53145	98
0	14	2.92638e-006	53231	100
0	14	2.89803e-006	53321	102
0	14	9.73148e-006	53409	104
0	14	3.91639e-006	53506	106
0	14	2.94937e-006	53607	108
0	14	3.6564e-006	53709	110
0	14	6.74882e-006	53812	112
0	14	3.92575e-006	53927	114
0	14	3.24714e-006	54048	116
0	14	2.9049e-006	54176	118
0	14	2.88579e-006	54302	120
0	14	3.12266e-006	54437	122
0	14	2.93366e-006	54588	124
0	14	4.09165e-006	54742	126
0	14	3.79197e-006	54902	128
0	14	2.58341e-006	55076	130
0	14	3.71903e-006	55246	132
0	14	4.62364e-006	55411	134
0	14	2.95351e-006	55589	136
0	14	2.89639e-006	55780	138
0	14	2.50975e-006	55984	140
0	14	2.36842e-006	56176	142
0	14	3.64135e-006	56384	144
0	14	2.39497e-006	56642	146
0	14	2.3642e-006	56903	148
0	14	3.14279e-006	57184	150
0	14	4.09223e-006	57435	152
0	14	2.36034e-006	57718	154
0	14	2.29253e-006	57983	156
0	14	3.67172e-006	58281	158
0	14	2.8766e-006	58546	160
0	14	2.27991e-006	58843	162
0	14	3.29301e-006	59150	164
0	14	2.7684e-006	59477	166
0	14	2.20569e-006	59777	168
0	14	2.11267e-006	60095	170
0	14	2.3564e-006	60416	172
0	14	2.09851e-006	60747	174
0	14	2.06782e-006	61074	176
