step	level	max error	mean error	time
0	0	0.423572	0.104009	0.022027	2
0	0	0.475009	0.0627225	0.050044	3
0	0	0.0581724	0.00905707	0.082034	4
0	0	0.315072	0.0759658	0.120028	5
0	0	0.256951	0.0365075	0.162993	6
0	0	0.0731204	0.0105429	0.208031	7
0	0	0.0769646	0.011999	0.261032	8
0	0	0.066024	0.00992638	0.317037	9
0	0	0.0615162	0.00759907	0.379027	10
0	0	0.0585677	0.0070428	0.447035	11
0	0	0.054136	0.00684329	0.519032	12
0	0	0.0826289	0.0106076	0.594033	13
0	0	0.0843025	0.0109106	0.676032	14
0	0	0.0694532	0.0100728	0.762032	15
0	0	0.0880797	0.0102299	0.857997	16
0	0	0.0625333	0.00782893	0.956993	17
0	0	0.0587233	0.00719515	1.07199	18
0	0	0.0583337	0.0069055	1.18299	19
0	0	0.0506873	0.00692945	1.29603	20
0	0	0.051619	0.00641722	1.41403	21
0	0	0.0554447	0.0062081	1.53799	22
0	0	0.0398191	0.00520257	1.67903	23
0	0	0.0329072	0.00467531	1.81499	24
0	0	0.0320976	0.00463487	1.96199	25
0	0	0.0635346	0.00707812	2.12099	26
0	0	0.0482454	0.006247	2.27603	27
0	0	0.0436188	0.00579544	2.43403	28
0	0	0.0391881	0.00546216	2.60703	29
0	0	0.0383693	0.00506622	2.791	30
0	0	0.0370139	0.00463874	2.98404	31
0	0	0.0307652	0.00428523	3.17203	32
0	0	0.0305245	0.00401968	3.37703	33
0	0	0.0279364	0.00367058	3.56499	34
0	0	0.0247933	0.00321568	3.80699	35
0	0	0.0236959	0.00284775	4.04799	36
0	0	0.0242327	0.00250003	4.29004	37
0	0	0.0263366	0.00322159	4.49899	38
0	0	0.0252857	0.00301163	4.71702	39
0	0	0.0214	0.00276391	4.93603	40
0	0	0.0210962	0.00256982	5.15803	41
0	0	0.019417	0.00238814	5.43099	42
0	0	0.0182715	0.00212581	5.70303	43
0	0	0.0172183	0.0020105	5.94305	44
0	0	0.0168907	0.00187768	6.24499	45
0	0	0.0206264	0.00180807	6.50103	46
0	0	0.0135283	0.00161179	6.79701	47
0	0	0.0138746	0.00152403	7.04999	48
0	0	0.0132307	0.00148164	7.32703	49
0	0	0.014328	0.00140298	7.58699	50
0	0	0.0111674	0.00130953	7.87503	51
0	0	0.0118636	0.00135977	8.18703	52
0	0	0.0118093	0.00133161	8.48403	53
0	0	0.0103087	0.00124986	8.81003	54
0	0	0.00976361	0.00117563	9.11403	55
0	0	0.00874732	0.00115873	9.42803	56
0	0	0.00866503	0.00109053	9.74203	57
0	0	0.0103777	0.001092	10.055	58
0	0	0.00814185	0.0010229	10.411	59
0	0	0.0082256	0.00102066	10.773	60
0	0	0.00794757	0.000950839	11.101	61
0	0	0.00792117	0.000913094	11.471	62
0	0	0.00712212	0.000881516	11.8647	63
0	0	0.00707976	0.000847789	12.2467	64
0	0	0.00681417	0.000815247	12.5967	65
0	0	0.00634543	0.000784955	12.9657	66
0	0	0.00782245	0.000791789	13.3377	67
0	0	0.00628611	0.000756902	13.7037	68
0	0	0.00596057	0.000759424	14.0867	69
0	0	0.0057662	0.000718669	14.4717	70
0	0	0.0054362	0.000724523	14.8527	71
0	0	0.00535587	0.000709952	15.2297	72
0	0	0.00572594	0.000692685	15.6317	73
0	0	0.00525341	0.000673917	16.0447	74
0	0	0.00558943	0.000687622	16.4627	75
0	0	0.00514131	0.000661383	16.8787	76
0	0	0.00465768	0.000625233	17.2877	77
0	0	0.00480639	0.00060062	17.7007	78
0	0	0.00446302	0.000577611	18.1417	79
0	0	0.00429104	0.000553476	18.5877	80
0	0	0.00419886	0.000552185	19.0277	81
0	0	0.00522772	0.000542587	19.4797	82
0	0	0.00399072	0.000526594	19.9397	83
0	0	0.00516442	0.00052122	20.4047	84
0	0	0.00421485	0.000533816	20.8747	85
0	0	0.00461043	0.000525318	21.3427	86
0	0	0.0037839	0.000515532	21.8207	87
0	0	0.00370027	0.000492904	22.3087	88
0	0	0.00346607	0.000476522	22.7987	89
0	0	0.00466971	0.000477084	23.2887	90
0	0	0.00318338	0.000468832	23.7877	91
0	0	0.00307107	0.000462944	24.3047	92
0	0	0.00342746	0.000454412	24.8227	93
0	0	0.00304774	0.000446964	25.3377	94
0	0	0.00350559	0.000438086	25.8687	95
0	0	0.00303565	0.00042674	26.4017	96
0	0	0.00294563	0.000411369	26.9517	97
0	0	0.0029073	0.000397723	27.4967	98
0	0	0.00347587	0.000385972	28.0517	99
0	0	0.00288277	0.000385788	28.6117	100
0	0	0.00288927	0.000376011	29.1767	101
0	0	0.00288648	0.00035856	29.7697	102
0	0	0.00288904	0.000353613	30.3567	103
0	0	0.00283268	0.00034841	30.9487	104
0	0	0.00306076	0.000349073	31.5367	105
0	0	0.00272493	0.000350552	32.1197	106
0	0	0.00271127	0.000339091	32.7207	107
0	0	0.00264987	0.000330857	33.3357	108
0	0	0.00260237	0.000326144	33.987	109
0	0	0.00256332	0.000330085	34.61	110
0	0	0.00246217	0.000323758	35.3	111
0	0	0.00243203	0.000312851	36.038	112
0	0	0.0023885	0.000303396	36.678	113
0	0	0.00234555	0.000305424	37.325	114
0	0	0.0023173	0.00030079	37.967	115
0	0	0.00226998	0.000297532	38.625	116
0	0	0.00226429	0.0002891	39.288	117
0	0	0.00220771	0.000286255	39.997	118
0	0	0.00217923	0.000278567	40.686	119
0	0	0.00210791	0.000271665	41.422	120
0	0	0.00209386	0.000263956	42.127	121
0	0	0.00205609	0.000255456	42.836	122
0	0	0.00204249	0.000251018	43.53	123
0	0	0.00198089	0.000245252	44.218	124
0	0	0.00196346	0.000240519	44.933	125
0	0	0.00210478	0.000238804	45.803	126
0	0	0.00193988	0.000235972	46.704	127
0	0	0.00191012	0.000232169	47.563	128
0	0	0.00189476	0.00022414	48.346	129
0	0	0.00187705	0.000219332	49.114	130
0	0	0.00183412	0.000217914	50.046	131
0	0	0.00209607	0.000216285	50.885	132
0	0	0.0018096	0.000210715	51.811	133
0	0	0.00181091	0.000205552	52.723	134
0	0	0.00171933	0.000201077	53.6	135
0	0	0.00169802	0.00019878	54.604	136
0	0	0.00159963	0.000195032	55.598	137
0	0	0.00171055	0.000191559	56.567	138
0	0	0.00168271	0.000188254	57.556	139
0	0	0.00155789	0.000183617	58.5871	140
0	0	0.001497	0.000178967	59.503	141
0	0	0.0014268	0.000175963	60.412	142
0	0	0.00141949	0.000175942	61.303	143
0	0	0.00140959	0.000172974	62.211	144
0	0	0.00140848	0.00017058	63.126	145
0	0	0.00149212	0.000168767	64.055	146
0	0	0.00140092	0.000162966	65.022	147
0	0	0.00205653	0.00016523	65.958	148
0	0	0.00138157	0.000157762	66.891	149
0	0	0.00135648	0.000153986	67.836	150
0	0	0.00134144	0.000150772	68.794	151
0	0	0.00126864	0.000147478	69.759	152
0	0	0.00126851	0.000144037	70.723	153
0	0	0.00122963	0.000142073	71.703	154
0	0	0.00121943	0.000141308	72.681	155
0	0	0.00121698	0.000140654	73.667	156
0	0	0.00118061	0.000139438	74.664	157
0	0	0.00117885	0.00013631	75.736	158
0	0	0.00116815	0.000132422	76.901	159
0	0	0.00118146	0.00013255	78.012	160
0	0	0.00118653	0.000132585	79.09	161
0	0	0.00114072	0.000132659	80.154	162
0	0	0.00111492	0.000128851	81.264	163
0	0	0.00111766	0.000124207	82.461	164
0	0	0.00111012	0.000121727	83.606	165
0	0	0.00107508	0.000120943	84.667	166
0	0	0.00106175	0.000116859	85.759	167
0	0	0.00104746	0.000116917	86.827	168
0	0	0.00103307	0.000115457	87.87	169
0	0	0.00102156	0.000114011	88.923	170
0	0	0.00100808	0.00010946	89.981	171
0	0	0.00100006	0.000109555	91.129	172
0	0	0.000998488	0.000107492	92.294	173
