step	level	max error	mean error	time
0	0	0.423572	0.104009	0.025032	2
0	0	0.0581724	0.00905707	0.057032	4
0	1	0.1867	0.0402554	0.078032	2
0	1	0.0837151	0.0129766	0.105038	4
0	1	0.228004	0.0497647	0.144038	6
0	1	0.109311	0.0168438	0.193037	8
0	1	0.106209	0.0169045	0.251039	10
0	1	0.0941049	0.0151057	0.323996	12
0	1	0.0806477	0.0115223	0.406037	14
0	1	0.0813477	0.00884771	0.498037	16
0	1	0.0812796	0.00877176	0.595037	18
0	1	0.0873183	0.00837651	0.703998	20
0	1	0.0518416	0.00549549	0.818998	22
0	1	0.041159	0.00676213	0.942999	24
0	1	0.0402622	0.00596677	1.089	26
0	1	0.040446	0.00572843	1.264	28
0	1	0.0358252	0.00456959	1.42604	30
0	1	0.0333633	0.00387104	1.609	32
0	1	0.0360713	0.00355925	1.79704	34
0	1	0.040637	0.0039077	1.99104	36
0	1	0.0324449	0.00312265	2.21901	38
0	1	0.0304136	0.00319261	2.43104	40
0	1	0.0285706	0.00260551	2.67203	42
0	2	0.0328235	0.00574304	2.69104	2
0	2	0.0352748	0.00431327	2.71904	4
0	2	0.0564157	0.00877439	2.75804	6
0	2	0.0363033	0.00482668	2.80704	8
0	2	0.0261198	0.00314633	2.86504	10
0	2	0.026667	0.0031587	2.93304	12
0	2	0.0301168	0.0035828	3.01104	14
0	2	0.01779	0.0024701	3.10303	16
0	2	0.0283373	0.00257461	3.22303	18
0	2	0.0274678	0.00254593	3.33304	20
0	2	0.0219809	0.00208246	3.454	22
0	2	0.0302285	0.00284052	3.58601	24
0	2	0.0255727	0.00213081	3.74204	26
0	2	0.02377	0.00170314	3.89104	28
0	2	0.020614	0.00204097	4.05004	30
0	2	0.0192931	0.00150305	4.24404	32
0	2	0.0184583	0.00172825	4.42604	34
0	2	0.0126019	0.00143809	4.628	36
0	3	0.0190593	0.00306668	4.65001	2
0	3	0.0222975	0.00441773	4.68003	4
0	3	0.0274648	0.00381881	4.71906	6
0	3	0.0208707	0.00379687	4.76604	8
0	3	0.0160758	0.0021333	4.82504	10
0	3	0.0158774	0.00230745	4.89204	12
0	3	0.0351911	0.00451628	4.96904	14
0	3	0.0237361	0.00261575	5.05804	16
0	3	0.0217464	0.0022506	5.178	18
0	3	0.0278838	0.00285763	5.29303	20
0	3	0.0228428	0.00218591	5.41104	22
0	3	0.0156095	0.00206559	5.54104	24
0	3	0.0157806	0.00184083	5.69903	26
0	3	0.014036	0.00166848	5.85204	28
0	3	0.0125852	0.00148361	6.013	30
0	3	0.0107753	0.00130822	6.20503	32
0	3	0.013275	0.00130578	6.388	34
0	3	0.00888396	0.00118172	6.58104	36
0	3	0.00933884	0.00112444	6.804	38
0	3	0.00738664	0.00104423	7.01704	40
0	3	0.00801249	0.00101901	7.262	42
0	3	0.00893492	0.00095276	7.49	44
0	3	0.00682193	0.000867406	7.751	46
0	3	0.00915857	0.000865763	7.999	48
0	3	0.00758433	0.000843842	8.28104	50
0	3	0.00894193	0.000997765	8.56004	52
0	3	0.00694114	0.000904782	8.867	54
0	3	0.00680364	0.000877877	9.16503	56
0	3	0.00651165	0.000796699	9.483	58
0	3	0.00589277	0.000716807	9.817	60
0	4	0.00852474	0.0013603	9.835	2
0	4	0.0130824	0.00166438	9.862	4
0	4	0.0120356	0.00199365	9.901	6
0	4	0.00853161	0.00151369	9.946	8
0	4	0.00769034	0.00128813	10.004	10
0	4	0.00932343	0.00132022	10.072	12
0	4	0.00778679	0.00117468	10.153	14
0	4	0.00995442	0.00132445	10.259	16
0	4	0.00765708	0.00101343	10.362	18
0	4	0.00597259	0.000867707	10.479	20
0	4	0.00686857	0.000965053	10.601	22
0	4	0.00695433	0.000896164	10.743	24
0	4	0.00696184	0.0007835	10.892	26
0	4	0.00944334	0.000813357	11.039	28
0	4	0.0114243	0.00120406	11.206	30
0	4	0.00621942	0.000778731	11.39	32
0	4	0.011617	0.000913778	11.569	34
0	4	0.00565588	0.000771869	11.773	36
0	4	0.0062081	0.000683294	11.983	38
0	4	0.00489001	0.000612329	12.197	40
0	4	0.00509729	0.00059977	12.444	42
0	4	0.0048904	0.000547674	12.677	44
0	4	0.0043272	0.000565131	12.945	46
0	4	0.0043544	0.000534555	13.201	48
0	4	0.00423414	0.000496884	13.484	50
0	4	0.00428416	0.000539002	13.771	52
0	4	0.0039152	0.00054949	14.117	54
0	4	0.0055357	0.000558131	14.441	56
0	4	0.00386049	0.00054795	14.784	58
0	4	0.00415104	0.000520213	15.126	60
0	4	0.00426958	0.000493243	15.591	62
0	4	0.00372913	0.000488929	15.975	64
0	4	0.00345942	0.000485435	16.368	66
0	4	0.00313809	0.000479337	16.755	68
0	4	0.0032598	0.000450998	17.184	70
0	4	0.00299072	0.000441825	17.633	72
0	4	0.00321855	0.000410378	18.094	74
0	4	0.0035399	0.000403448	18.574	76
0	4	0.00345564	0.000399237	19.016	78
0	4	0.00347499	0.000374794	19.525	80
0	4	0.00265543	0.000365144	20.023	82
0	5	0.00447074	0.000606135	20.042	2
0	5	0.00729746	0.00105659	20.068	4
0	5	0.00519337	0.000838163	20.107	6
0	5	0.00518515	0.000722873	20.155	8
0	5	0.00568381	0.000808485	20.216	10
0	5	0.00523472	0.000799452	20.287	12
0	5	0.00414974	0.00056156	20.382	14
0	5	0.00351896	0.00052631	20.488	16
0	5	0.00383188	0.000535507	20.599	18
0	5	0.00391073	0.000540792	20.717	20
0	5	0.00629997	0.000741819	20.848	22
0	5	0.00477906	0.000684797	21.016	24
0	5	0.00457305	0.000616038	21.1831	26
0	5	0.00441564	0.000536405	21.343	28
0	5	0.00345367	0.000501652	21.55	30
0	5	0.00356424	0.000475559	21.719	32
0	5	0.0035145	0.000433595	21.907	34
0	5	0.00314953	0.000436819	22.11	36
0	5	0.00429272	0.000454649	22.316	38
0	5	0.0030462	0.000409997	22.591	40
0	5	0.00277812	0.00038766	22.841	42
0	5	0.00277574	0.000393664	23.112	44
0	5	0.00282984	0.000358624	23.467	46
0	5	0.00276059	0.000332892	23.768	48
0	5	0.00351269	0.000347654	24.135	50
0	5	0.00288883	0.000338327	24.498	52
0	5	0.00246719	0.000314859	24.825	54
0	5	0.00244761	0.000294919	25.184	56
0	5	0.00212708	0.000300674	25.591	58
0	5	0.00254361	0.000311418	25.985	60
0	5	0.00224286	0.000321932	26.357	62
0	5	0.00219048	0.000308634	26.748	64
0	5	0.00249296	0.000304084	27.145	66
0	5	0.00253188	0.000299451	27.603	68
0	5	0.00225507	0.000289577	28.014	70
0	5	0.00217315	0.000284729	28.437	72
0	5	0.00207473	0.00027696	28.912	74
0	5	0.0020604	0.000287258	29.357	76
0	5	0.00216807	0.000285222	29.826	78
0	5	0.00197128	0.000264869	30.366	80
0	5	0.00190487	0.000257346	30.863	82
0	5	0.00197504	0.000250321	31.453	84
0	5	0.00187542	0.00024358	31.959	86
0	5	0.00193138	0.000235448	32.55	88
0	5	0.00177262	0.000225744	33.147	90
0	5	0.00197119	0.000231856	33.732	92
0	5	0.00183187	0.000222305	34.332	94
0	5	0.00174751	0.00021311	34.968	96
0	5	0.00169077	0.000202275	35.608	98
0	5	0.00170468	0.000204266	36.282	100
0	5	0.00168056	0.000206127	36.895	102
0	5	0.00176232	0.000202899	37.494	104
0	5	0.00136541	0.000195694	38.129	106
0	5	0.00147076	0.000196189	38.827	108
0	5	0.00144285	0.000189535	39.498	110
0	5	0.00139492	0.000187105	40.182	112
0	5	0.00139716	0.000182897	40.868	114
0	5	0.00126735	0.000174798	41.555	116
0	6	0.0020044	0.000315811	41.574	2
0	6	0.00273556	0.000449304	41.603	4
0	6	0.00340434	0.000623499	41.651	6
0	6	0.00302592	0.000420837	41.711	8
0	6	0.00244248	0.000311449	41.775	10
0	6	0.00304814	0.000512449	41.844	12
0	6	0.0023244	0.000336122	41.931	14
0	6	0.00188319	0.000296932	42.031	16
0	6	0.00227768	0.000311938	42.129	18
0	6	0.00247078	0.000303987	42.269	20
0	6	0.00248861	0.000336259	42.429	22
0	6	0.0019691	0.00029726	42.602	24
0	6	0.00214064	0.000298942	42.771	26
0	6	0.00171188	0.000263323	42.95	28
0	6	0.00206888	0.000266613	43.138	30
0	6	0.00225989	0.000269836	43.325	32
0	6	0.00188084	0.000254266	43.545	34
0	6	0.00201395	0.000246994	43.753	36
0	6	0.00314599	0.000281679	43.985	38
0	6	0.00262754	0.000282861	44.241	40
0	6	0.0019834	0.000251029	44.489	42
0	6	0.0019628	0.000289749	44.734	44
0	6	0.00163932	0.000257382	44.983	46
0	6	0.00161277	0.000238631	45.256	48
0	6	0.00160937	0.000233663	45.551	50
0	6	0.00163399	0.000221687	45.842	52
0	6	0.00152733	0.000213665	46.17	54
0	6	0.00162487	0.000214022	46.497	56
0	6	0.00138702	0.000199519	46.883	58
0	6	0.0013762	0.000196732	47.276	60
0	6	0.00163485	0.00019839	47.672	62
0	6	0.00147224	0.000191466	48.065	64
0	6	0.0015193	0.000183913	48.462	66
0	6	0.00126437	0.000175722	48.913	68
0	6	0.00131554	0.000170393	49.343	70
0	6	0.00140189	0.000175406	49.772	72
0	6	0.0013499	0.0001741	50.234	74
0	6	0.00141914	0.000169124	50.698	76
0	6	0.00136427	0.000170597	51.187	78
0	6	0.00129232	0.000167574	51.726	80
0	6	0.00143514	0.000164444	52.225	82
0	6	0.00127122	0.000158614	52.746	84
0	6	0.00116129	0.000151855	53.273	86
0	6	0.00106943	0.000150901	53.806	88
0	6	0.00112672	0.000149955	54.379	90
0	6	0.00105841	0.000143581	54.931	92
0	6	0.00156392	0.000144482	55.501	94
0	6	0.00147201	0.000152676	56.091	96
