step	level	max error	time	nr. of control nodes
0	0	0.512828	1	2
0	0	0.248427	3	4
0	0	0.330735	6	6
0	0	0.116195	6	8
0	0	0.142076	8	10
0	1	0.111277	9	2
0	1	0.116246	11	4
0	1	0.110895	13	6
0	1	0.0773782	14	8
0	1	0.0680083	16	10
0	2	0.0998195	17	2
0	2	0.112883	18	4
0	2	0.110449	20	6
0	2	0.0412762	21	8
0	2	0.100064	23	10
0	3	0.072662	24	2
0	3	0.107744	25	4
0	3	0.021768	27	6
0	3	0.030976	29	8
0	3	0.044537	32	10
0	4	0.0363998	34	2
0	4	0.0413013	35	4
0	4	0.0266873	37	6
0	4	0.0304325	38	8
0	4	0.0210746	40	10
0	5	0.0587141	42	2
0	5	0.0543166	43	4
0	5	0.0272814	45	6
0	5	0.0201161	54	8
0	5	0.0244282	56	10
0	6	0.0335207	57	2
0	6	0.0196875	60	4
0	6	0.0491989	60	6
0	6	0.0490555	62	8
0	6	0.0204661	64	10
0	7	0.0217542	65	2
0	7	0.0369864	67	4
0	7	0.0134404	68	6
0	7	0.0213417	70	8
0	7	0.0118002	72	10
0	8	0.0124401	73	2
0	8	0.0168297	74	4
0	8	0.0164067	76	6
0	8	0.0150484	77	8
0	8	0.0108595	79	10
0	9	0.0158667	80	2
0	9	0.0184779	82	4
0	9	0.0144421	83	6
0	9	0.0106867	84	8
0	9	0.00977263	86	10
0	10	0.0307579	87	2
0	10	0.0178283	88	4
0	10	0.0140836	90	6
0	10	0.0290788	91	8
0	10	0.00905017	93	10
0	11	0.0107242	94	2
0	11	0.0165169	96	4
0	11	0.0143027	97	6
0	11	0.00811469	99	8
0	11	0.00794845	101	10
0	12	0.0107162	102	2
0	12	0.0107859	103	4
0	12	0.0175269	105	6
0	12	0.00979546	106	8
0	12	0.00765249	108	10
0	13	0.0118673	109	2
0	13	0.00982163	110	4
0	13	0.00764014	112	6
0	13	0.0073294	113	8
0	13	0.00536671	115	10
0	14	0.0110671	116	2
0	14	0.0206857	117	4
0	14	0.0182042	119	6
0	14	0.0115436	120	8
0	14	0.00733412	122	10
0	15	0.00930529	123	2
0	15	0.016268	125	4
0	15	0.0100849	126	6
0	15	0.00648112	128	8
0	15	0.00921773	130	10
0	16	0.0169156	131	2
0	16	0.0141677	132	4
0	16	0.00841292	134	6
0	16	0.00878158	135	8
0	16	0.00721155	137	10
0	17	0.00898127	139	2
0	17	0.0104427	140	4
0	17	0.00769148	142	6
0	17	0.0129457	143	8
0	17	0.00821388	146	10
0	18	0.00777024	147	2
0	18	0.0096123	148	4
0	18	0.00673136	150	6
0	18	0.013625	152	8
0	18	0.00626514	155	10
0	19	0.0153898	157	2
0	19	0.00854403	158	4
0	19	0.00714062	160	6
0	19	0.00553895	162	8
0	19	0.00489105	165	10
0	20	0.00717485	167	2
0	20	0.0105947	168	4
0	20	0.00968686	171	6
0	20	0.00657963	172	8
0	20	0.0058982	174	10
0	21	0.00607139	176	2
0	21	0.00724807	177	4
0	21	0.00484184	180	6
0	21	0.0160096	182	8
0	21	0.0051897	184	10
0	22	0.00773556	185	2
0	22	0.00770041	187	4
0	22	0.00927359	188	6
0	22	0.00546183	190	8
0	22	0.00832758	192	10
0	23	0.00579429	193	2
0	23	0.00573387	194	4
0	23	0.0059746	196	6
0	23	0.00442175	198	8
0	23	0.0125131	200	10
0	24	0.0152345	201	2
0	24	0.00730997	203	4
0	24	0.00789459	205	6
0	24	0.00434136	206	8
0	24	0.00621686	208	10
0	25	0.00780552	210	2
0	25	0.016904	211	4
0	25	0.00793117	213	6
0	25	0.00441972	214	8
0	25	0.00456424	216	10
0	26	0.00486566	218	2
0	26	0.00558993	219	4
0	26	0.00825813	220	6
0	26	0.00662145	222	8
0	26	0.00301789	224	10
0	27	0.00454294	225	2
0	27	0.00478269	226	4
0	27	0.00532362	227	6
0	27	0.00508714	229	8
0	27	0.00851749	231	10
0	28	0.00695762	232	2
0	28	0.0107792	233	4
0	28	0.00378181	234	6
0	28	0.00461212	236	8
0	28	0.00348404	238	10
0	29	0.00447111	239	2
0	29	0.00626098	240	4
0	29	0.00423783	242	6
0	29	0.00611516	243	8
0	29	0.00413187	245	10
0	30	0.00622935	246	2
0	30	0.0069829	248	4
0	30	0.00469549	249	6
0	30	0.00602304	251	8
0	30	0.00368921	252	10
0	31	0.00514287	253	2
0	31	0.0109351	255	4
0	31	0.00406254	256	6
0	31	0.00768612	257	8
0	31	0.00267595	259	10
0	32	0.00328569	260	2
0	32	0.00529556	262	4
0	32	0.00438685	263	6
0	32	0.00271223	265	8
0	32	0.00790794	267	10
0	33	0.00888271	268	2
0	33	0.00608578	269	4
0	33	0.0121158	271	6
0	33	0.00334208	272	8
0	33	0.00615718	274	10
0	34	0.00584974	275	2
0	34	0.00363565	276	4
0	34	0.00393222	279	6
0	34	0.00300627	280	8
0	34	0.00295324	282	10
0	35	0.00356074	283	2
0	35	0.00550268	284	4
0	35	0.00495625	286	6
0	35	0.00272822	287	8
0	35	0.0080721	289	10
0	36	0.00920544	290	2
0	36	0.00864495	291	4
0	36	0.00750733	292	6
0	36	0.00304197	293	8
0	36	0.0031753	296	10
0	37	0.00429939	297	2
0	37	0.00359998	299	4
0	37	0.00724325	300	6
0	37	0.00422621	302	8
0	37	0.00209197	303	10
0	38	0.00734703	304	2
0	38	0.00370957	306	4
0	38	0.00295109	307	6
0	38	0.0100975	309	8
0	38	0.00293042	311	10
0	39	0.00351564	314	2
0	39	0.00308968	317	4
0	39	0.00408731	319	6
0	39	0.00235589	321	8
0	39	0.00275843	323	10
0	40	0.00358256	326	2
0	40	0.0106673	328	4
0	40	0.00609341	330	6
0	40	0.00333273	332	8
0	40	0.00549027	334	10
0	41	0.00541383	335	2
0	41	0.00778951	337	4
0	41	0.00377916	338	6
0	41	0.00431946	339	8
0	41	0.0019555	341	10
0	42	0.00305056	342	2
0	42	0.00461116	343	4
0	42	0.00245796	345	6
0	42	0.00357008	347	8
0	42	0.00189612	348	10
0	43	0.00353262	349	2
0	43	0.00431361	350	4
0	43	0.00346992	351	6
0	43	0.00257285	353	8
0	43	0.00793179	355	10
0	44	0.00942951	356	2
0	44	0.00694625	357	4
0	44	0.00543422	359	6
0	44	0.00676812	360	8
0	44	0.00328091	362	10
0	45	0.00435909	363	2
0	45	0.00530035	365	4
0	45	0.004037	366	6
0	45	0.00269927	367	8
0	45	0.00362532	369	10
0	46	0.00370116	370	2
0	46	0.00361632	372	4
0	46	0.00450934	373	6
0	46	0.00238232	374	8
0	46	0.0027869	376	10
0	47	0.00814937	377	2
0	47	0.00841126	379	4
0	47	0.00349349	380	6
0	47	0.00426941	382	8
0	47	0.00517771	384	10
0	48	0.00656465	385	2
0	48	0.00600724	386	4
0	48	0.00448393	387	6
0	48	0.00676502	389	8
0	48	0.00260352	391	10
0	49	0.00375259	392	2
0	49	0.00328304	393	4
0	49	0.00346235	395	6
0	49	0.00270945	397	8
0	49	0.00376693	398	10
0	50	0.00479393	399	2
0	50	0.00454117	401	4
0	50	0.0045446	402	6
0	50	0.00263166	403	8
0	50	0.00446426	405	10
0	51	0.00351701	406	2
0	51	0.00554357	407	4
0	51	0.00196457	409	6
0	51	0.00326889	410	8
0	51	0.0021168	412	10
0	52	0.00313188	413	2
0	52	0.0038404	414	4
0	52	0.00224331	416	6
0	52	0.00249591	417	8
0	52	0.00203504	420	10
0	53	0.00267479	420	2
0	53	0.00369469	422	4
0	53	0.00263863	423	6
0	53	0.00213859	424	8
0	53	0.00191086	426	10
0	54	0.00503974	427	2
0	54	0.0044287	429	4
0	54	0.00234366	430	6
0	54	0.00381569	432	8
0	54	0.00160639	433	10
0	55	0.0032307	435	2
0	55	0.00234504	436	4
0	55	0.00240804	437	6
0	55	0.00196898	439	8
0	55	0.00353732	440	10
0	56	0.00775092	441	2
0	56	0.00806703	443	4
0	56	0.00242396	444	6
0	56	0.00201092	446	8
0	56	0.00142566	448	10
0	57	0.00219779	449	2
0	57	0.00260346	450	4
0	57	0.00247393	451	6
0	57	0.00240519	453	8
0	57	0.00306022	454	10
0	58	0.00550657	456	2
0	58	0.00514783	457	4
0	58	0.00495998	458	6
0	58	0.00293595	459	8
0	58	0.00218582	461	10
0	59	0.00380832	463	2
0	59	0.00513141	464	4
0	59	0.00536334	465	6
0	59	0.00151897	467	8
0	59	0.00136726	470	10
0	60	0.00812482	471	2
0	60	0.00455832	472	4
0	60	0.00255364	473	6
0	60	0.0060257	475	8
0	60	0.00171563	477	10
0	61	0.00265295	478	2
0	61	0.00440804	479	4
0	61	0.00167155	481	6
0	61	0.002056	482	8
0	61	0.00187169	484	10
0	62	0.00204017	486	2
0	62	0.00206999	487	4
0	62	0.0024082	488	6
0	62	0.00192978	490	8
0	62	0.001684	491	10
0	63	0.00205541	493	2
0	63	0.00199093	494	4
0	63	0.00180409	496	6
0	63	0.00132055	497	8
0	63	0.00127613	499	10
0	64	0.0020013	500	2
0	64	0.00187178	502	4
0	64	0.0020455	503	6
0	64	0.00203604	504	8
0	64	0.00141894	506	10
0	65	0.00256775	507	2
0	65	0.00298473	509	4
0	65	0.00204097	510	6
0	65	0.00169175	512	8
0	65	0.0039041	514	10
0	66	0.00438201	515	2
0	66	0.00430249	516	4
0	66	0.00331255	518	6
0	66	0.003116	519	8
0	66	0.00228147	521	10
0	67	0.00321331	522	2
0	67	0.00363998	524	4
0	67	0.00209737	525	6
0	67	0.00173463	527	8
0	67	0.00133347	529	10
0	68	0.00218109	530	2
0	68	0.001608	531	4
0	68	0.00601512	532	6
0	68	0.00277525	534	8
0	68	0.00168307	535	10
0	69	0.00196833	537	2
0	69	0.00284762	538	4
0	69	0.00171886	539	6
0	69	0.00221653	540	8
0	69	0.00131442	542	10
0	70	0.00483603	543	2
0	70	0.00303363	545	4
0	70	0.00175237	547	6
0	70	0.00321642	548	8
0	70	0.00128976	550	10
0	71	0.00170782	551	2
0	71	0.00226583	552	4
0	71	0.0018081	554	6
0	71	0.0014747	555	8
0	71	0.00141981	557	10
0	72	0.00204312	558	2
0	72	0.00269774	559	4
0	72	0.00149981	561	6
0	72	0.00133926	563	8
0	72	0.00129059	564	10
0	73	0.00155539	565	2
0	73	0.00264931	567	4
0	73	0.0012886	568	6
0	73	0.00150451	569	8
0	73	0.00124894	571	10
0	74	0.00203544	572	2
0	74	0.00162248	574	4
0	74	0.00174341	575	6
0	74	0.00121915	576	8
0	74	0.00152967	578	10
0	75	0.00221048	580	2
0	75	0.00334752	581	4
0	75	0.00182635	582	6
0	75	0.00179179	584	8
0	75	0.00154818	585	10
0	76	0.00139702	586	2
0	76	0.00255301	588	4
0	76	0.00107356	589	6
0	76	0.00108841	590	8
0	76	0.00139627	592	10
0	77	0.00473126	593	2
0	77	0.0052119	595	4
0	77	0.00162845	597	6
0	77	0.00292762	598	8
0	77	0.00179341	600	10
0	78	0.00191881	601	2
0	78	0.00308222	603	4
0	78	0.00210207	603	6
0	78	0.00517126	604	8
0	78	0.00192824	606	10
0	79	0.00175597	608	2
0	79	0.00135997	609	4
0	79	0.00218264	610	6
0	79	0.00150467	613	8
0	79	0.00102943	614	10
0	80	0.00174417	615	2
0	80	0.00247885	617	4
0	80	0.00269388	618	6
0	80	0.0017444	620	8
0	80	0.00193292	622	10
0	81	0.00477174	623	2
0	81	0.00555069	624	4
0	81	0.00163549	625	6
0	81	0.00114507	629	8
0	81	0.00102518	630	10
0	82	0.00142247	631	2
0	82	0.00182171	632	4
0	82	0.00173396	633	6
0	82	0.00244541	635	8
0	82	0.00123607	636	10
0	83	0.00166229	638	2
0	83	0.00151169	639	4
0	83	0.00224484	640	6
0	83	0.001246	642	8
0	83	0.0015014	644	10
0	84	0.00223466	645	2
0	84	0.00278465	647	4
0	84	0.0022101	648	6
0	84	0.00180639	650	8
0	84	0.00189245	651	10
0	85	0.00238941	653	2
0	85	0.00153086	654	4
0	85	0.00138773	655	6
0	85	0.00210382	656	8
0	85	0.00124459	658	10
0	86	0.00646772	659	2
0	86	0.00348134	660	4
0	86	0.00854032	662	6
0	86	0.00304129	663	8
0	86	0.00177483	665	10
0	87	0.00220702	666	2
0	87	0.00236412	668	4
0	87	0.00200887	669	6
0	87	0.00121522	671	8
0	87	0.00121231	673	10
0	88	0.00189418	674	2
0	88	0.00255971	676	4
0	88	0.00169538	677	6
0	88	0.00290843	679	8
0	88	0.00181575	681	10
0	89	0.00471095	682	2
0	89	0.00283896	683	4
0	89	0.00130528	686	6
0	89	0.00239961	686	8
0	89	0.00144142	688	10
0	90	0.00291335	689	2
0	90	0.00191291	690	4
0	90	0.00118939	692	6
0	90	0.0013984	693	8
0	90	0.000713543	695	10
0	91	0.000973253	696	2
0	91	0.00266542	697	4
0	91	0.00155488	699	6
0	91	0.000835096	700	8
0	91	0.00149557	702	10
0	92	0.00152047	703	2
0	92	0.00146159	705	4
0	92	0.00145818	707	6
0	92	0.00154484	709	8
0	92	0.00138142	710	10
0	93	0.00163286	712	2
0	93	0.00184693	713	4
0	93	0.00148605	714	6
0	93	0.00100784	716	8
0	93	0.000787507	717	10
0	94	0.00103444	718	2
0	94	0.000886608	720	4
0	94	0.00253125	721	6
0	94	0.00258223	723	8
0	94	0.00110613	724	10
0	95	0.00165774	726	2
0	95	0.00238348	727	4
0	95	0.00210111	729	6
0	95	0.0016243	730	8
0	95	0.00105572	732	10
0	96	0.00127125	733	2
0	96	0.00201942	734	4
0	96	0.00151046	735	6
0	96	0.000954929	737	8
0	96	0.000690496	739	10
0	97	0.00117965	740	2
0	97	0.0018873	741	4
0	97	0.000983608	742	6
0	97	0.000940737	744	8
0	97	0.00071823	746	10
0	98	0.00126606	747	2
0	98	0.00139903	748	4
0	98	0.00112214	749	6
0	98	0.000972753	751	8
0	98	0.000952356	753	10
0	99	0.0011757	754	2
0	99	0.00168928	755	4
0	99	0.00107604	757	6
0	99	0.00102407	758	8
0	99	0.00083382	760	10
0	100	0.000927739	761	2
0	100	0.00158795	763	4
0	100	0.000977935	764	6
0	100	0.00141746	766	8
0	100	0.00059794	767	10
0	101	0.000937685	768	2
0	101	0.00286509	769	4
0	101	0.000859144	770	6
0	101	0.00215151	772	8
0	101	0.000898574	773	10
0	102	0.00108637	774	2
0	102	0.00118064	775	4
0	102	0.00119309	777	6
0	102	0.00362577	779	8
0	102	0.00181285	781	10
0	103	0.00436653	782	2
0	103	0.00241975	783	4
0	103	0.00090156	784	6
0	103	0.00142318	786	8
0	103	0.00204295	788	10
0	104	0.00219899	789	2
0	104	0.000902412	790	4
0	104	0.00106087	791	6
0	104	0.00382094	794	8
0	104	0.00176914	795	10
0	105	0.00251142	796	2
0	105	0.0023649	797	4
0	105	0.00119109	799	6
0	105	0.00141859	800	8
0	105	0.00229163	802	10
0	106	0.00183165	803	2
0	106	0.00119212	804	4
0	106	0.00115619	805	6
0	106	0.000820125	807	8
0	106	0.000891954	809	10
0	107	0.00137067	810	2
0	107	0.00138114	811	4
0	107	0.00120907	813	6
0	107	0.00180097	814	8
0	107	0.00124273	816	10
0	108	0.00159401	817	2
0	108	0.00186152	818	4
0	108	0.00157287	820	6
0	108	0.00120492	821	8
0	108	0.000782106	823	10
0	109	0.00415539	824	2
0	109	0.002644	825	4
0	109	0.00143237	826	6
0	109	0.00117654	828	8
0	109	0.000750021	830	10
0	110	0.00125776	831	2
0	110	0.00117355	832	4
0	110	0.00128088	833	6
0	110	0.00134492	835	8
0	110	0.000880798	836	10
0	111	0.0011434	838	2
0	111	0.0013373	839	4
0	111	0.0015536	840	6
0	111	0.000875757	842	8
0	111	0.00285445	843	10
0	112	0.00238075	845	2
0	112	0.00271688	847	4
0	112	0.0019764	848	6
0	112	0.00127629	850	8
0	112	0.000959545	852	10
0	113	0.001419	853	2
0	113	0.00203048	854	4
0	113	0.00127562	857	6
0	113	0.000794646	857	8
0	113	0.00161549	859	10
0	114	0.00119906	860	2
0	114	0.00109748	861	4
0	114	0.00093868	863	6
0	114	0.00135409	865	8
0	114	0.00125019	866	10
0	115	0.00170548	867	2
0	115	0.00202185	869	4
0	115	0.0010293	870	6
0	115	0.00177279	871	8
0	115	0.00213874	873	10
0	116	0.00252242	874	2
0	116	0.00236189	875	4
0	116	0.00190936	877	6
0	116	0.00139588	879	8
0	116	0.00120918	880	10
0	117	0.00117451	882	2
0	117	0.00117134	883	4
0	117	0.00470386	884	6
0	117	0.0011638	885	8
0	117	0.00118152	887	10
0	118	0.00302406	888	2
0	118	0.00247783	890	4
0	118	0.00117048	891	6
0	118	0.000901813	893	8
0	118	0.000752221	895	10
0	119	0.00146519	896	2
0	119	0.000958846	898	4
0	119	0.000860441	899	6
0	119	0.00096075	900	8
0	119	0.000978959	902	10
0	120	0.00160073	903	2
0	120	0.00101296	904	4
0	120	0.000883417	906	6
0	120	0.000899417	907	8
0	120	0.000958741	909	10
0	121	0.00129134	910	2
0	121	0.00147608	912	4
0	121	0.00125165	913	6
0	121	0.000791474	915	8
0	121	0.000875795	916	10
0	122	0.00352675	917	2
0	122	0.00331337	919	4
0	122	0.00144369	920	6
0	122	0.000761626	921	8
0	122	0.0010206	923	10
0	123	0.00134915	924	2
0	123	0.00113452	926	4
0	123	0.00216286	927	6
0	123	0.0012117	929	8
0	123	0.000988267	930	10
0	124	0.00116122	932	2
0	124	0.000842282	933	4
0	124	0.00414453	934	6
0	124	0.00119083	936	8
0	124	0.0016987	937	10
0	125	0.00180608	938	2
0	125	0.00249474	940	4
0	125	0.00107327	941	6
0	125	0.00096799	942	8
0	125	0.00252296	944	10
0	126	0.00194992	946	2
0	126	0.00262426	947	4
0	126	0.00174161	948	6
0	126	0.000639959	950	8
0	126	0.000648651	951	10
0	127	0.000867565	952	2
0	127	0.00119653	954	4
0	127	0.002017	955	6
0	127	0.00178879	957	8
0	127	0.000785226	958	10
0	128	0.00101955	959	2
0	128	0.00122958	961	4
0	128	0.000899822	963	6
0	128	0.00101465	964	8
0	128	0.00062992	966	10
0	129	0.000936122	967	2
0	129	0.00157382	968	4
0	129	0.00103664	969	6
0	129	0.000971691	971	8
0	129	0.000843971	972	10
0	130	0.000863906	973	2
0	130	0.00108837	975	4
0	130	0.000809754	976	6
0	130	0.00108708	978	8
0	130	0.000663093	980	10
0	131	0.000927242	981	2
0	131	0.00100094	982	4
0	131	0.000874327	983	6
0	131	0.001218	985	8
0	131	0.00122773	986	10
0	132	0.00112596	987	2
0	132	0.00121706	989	4
0	132	0.00219045	990	6
0	132	0.0013474	991	8
0	132	0.00126134	993	10
0	133	0.00159429	995	2
0	133	0.00206794	996	4
0	133	0.00156405	998	6
0	133	0.00082945	1000	8
0	133	0.00120377	1002	10
0	134	0.00146502	1004	2
0	134	0.00311521	1005	4
0	134	0.00264498	1007	6
0	134	0.00209995	1009	8
0	134	0.000532449	1012	10
0	135	0.00453047	1013	2
0	135	0.00146831	1014	4
0	135	0.00150844	1016	6
0	135	0.00118555	1017	8
0	135	0.00150013	1020	10
0	136	0.00111177	1020	2
0	136	0.00147834	1022	4
0	136	0.000982351	1024	6
0	136	0.000944663	1026	8
0	136	0.00137113	1028	10
0	137	0.00189931	1030	2
0	137	0.00187214	1031	4
0	137	0.00248222	1033	6
0	137	0.000719129	1035	8
0	137	0.000468414	1037	10
0	138	0.000854232	1039	2
0	138	0.00155697	1040	4
0	138	0.00112749	1042	6
0	138	0.000568079	1044	8
0	138	0.000531506	1046	10
0	139	0.0018942	1048	2
0	139	0.00114051	1049	4
0	139	0.00110171	1051	6
0	139	0.000595806	1053	8
0	139	0.00123552	1054	10
0	140	0.0021586	1057	2
0	140	0.000985499	1058	4
0	140	0.000673313	1061	6
0	140	0.000768519	1063	8
0	140	0.00104005	1065	10
0	141	0.00339278	1066	2
0	141	0.00184761	1068	4
0	141	0.00111424	1069	6
0	141	0.00161049	1070	8
0	141	0.00128718	1073	10
0	142	0.00135299	1074	2
0	142	0.00362868	1076	4
0	142	0.00190994	1078	6
0	142	0.00192766	1081	8
0	142	0.000915302	1085	10
0	143	0.00105794	1086	2
0	143	0.00122897	1087	4
0	143	0.00115218	1089	6
0	143	0.000789147	1091	8
0	143	0.00141858	1093	10
0	144	0.00317262	1095	2
0	144	0.00225401	1097	4
0	144	0.00199032	1099	6
0	144	0.000575757	1101	8
0	144	0.000525581	1103	10
0	145	0.000659142	1104	2
0	145	0.000818278	1105	4
0	145	0.00194077	1107	6
0	145	0.000878667	1108	8
0	145	0.00102036	1110	10
0	146	0.00110706	1112	2
0	146	0.00151328	1114	4
0	146	0.00100035	1115	6
0	146	0.00131342	1117	8
0	146	0.00149356	1119	10
0	147	0.00134508	1122	2
0	147	0.000971902	1122	4
0	147	0.0009336	1124	6
0	147	0.000743641	1125	8
0	147	0.000821794	1127	10
0	148	0.00141653	1129	2
0	148	0.00293785	1131	4
0	148	0.00199454	1133	6
0	148	0.000689878	1135	8
0	148	0.000589605	1137	10
0	149	0.00089145	1139	2
0	149	0.00109027	1141	4
0	149	0.000746459	1142	6
0	149	0.000717413	1145	8
0	149	0.000646003	1148	10
0	150	0.000895851	1150	2
0	150	0.00133303	1151	4
0	150	0.00124617	1153	6
0	150	0.00111847	1156	8
0	150	0.000572091	1158	10
0	151	0.000903368	1160	2
0	151	0.0018809	1162	4
0	151	0.000957752	1164	6
0	151	0.000729511	1166	8
0	151	0.000544596	1169	10
0	152	0.000950858	1170	2
0	152	0.000640564	1172	4
0	152	0.00209265	1174	6
0	152	0.000690058	1177	8
0	152	0.00167356	1180	10
0	153	0.00158954	1182	2
0	153	0.00115173	1184	4
0	153	0.0010416	1186	6
0	153	0.000857774	1188	8
0	153	0.00132958	1191	10
0	154	0.00192044	1193	2
0	154	0.00156036	1196	4
0	154	0.00154041	1197	6
0	154	0.00121279	1199	8
0	154	0.00055988	1201	10
0	155	0.00107443	1202	2
0	155	0.000878405	1204	4
0	155	0.00207511	1206	6
0	155	0.000855639	1209	8
0	155	0.00110152	1211	10
0	156	0.00146762	1213	2
0	156	0.00145316	1215	4
0	156	0.00174773	1216	6
0	156	0.00137326	1218	8
0	156	0.00143017	1220	10
0	157	0.00203847	1222	2
0	157	0.0014679	1223	4
0	157	0.00146875	1225	6
0	157	0.00125226	1227	8
0	157	0.000655877	1230	10
0	158	0.0028702	1232	2
0	158	0.00162484	1233	4
0	158	0.00328832	1235	6
0	158	0.00143845	1237	8
0	158	0.000480815	1239	10
0	159	0.000883667	1241	2
0	159	0.000841466	1242	4
0	159	0.002339	1244	6
0	159	0.000677764	1247	8
0	159	0.000589713	1249	10
0	160	0.00107293	1250	2
0	160	0.00147158	1252	4
0	160	0.00126172	1253	6
0	160	0.00126612	1255	8
0	160	0.000716621	1257	10
0	161	0.000860003	1259	2
0	161	0.000692228	1261	4
0	161	0.000840122	1263	6
0	161	0.00104991	1264	8
0	161	0.00157344	1267	10
0	162	0.00391686	1268	2
0	162	0.00335734	1270	4
0	162	0.00111075	1271	6
0	162	0.000780441	1274	8
0	162	0.00092437	1276	10
0	163	0.000768169	1277	2
0	163	0.00150979	1279	4
0	163	0.000688775	1281	6
0	163	0.000805897	1283	8
0	163	0.000680057	1285	10
0	164	0.00103815	1287	2
0	164	0.00129167	1288	4
0	164	0.000890268	1290	6
0	164	0.00118434	1292	8
0	164	0.000546536	1295	10
0	165	0.000746596	1296	2
0	165	0.000940348	1298	4
0	165	0.000781019	1299	6
0	165	0.00110677	1301	8
0	165	0.000732252	1303	10
0	166	0.00241193	1305	2
0	166	0.00236965	1306	4
0	166	0.000867156	1308	6
0	166	0.000830678	1310	8
0	166	0.00044899	1313	10
0	167	0.000684623	1315	2
0	167	0.000618687	1316	4
0	167	0.00258823	1318	6
0	167	0.000727026	1320	8
0	167	0.000592996	1322	10
0	168	0.00218875	1323	2
0	168	0.00214881	1325	4
0	168	0.000644616	1327	6
0	168	0.0007331	1329	8
0	168	0.000401212	1331	10
0	169	0.00054943	1332	2
0	169	0.00163658	1334	4
0	169	0.00070098	1336	6
0	169	0.000665081	1337	8
0	169	0.000708474	1339	10
0	170	0.00108085	1341	2
0	170	0.000850598	1342	4
0	170	0.00109268	1344	6
0	170	0.000723615	1346	8
0	170	0.000667414	1349	10
0	171	0.000975824	1351	2
0	171	0.000797198	1352	4
0	171	0.000793084	1354	6
0	171	0.000656225	1356	8
0	171	0.000486244	1358	10
0	172	0.00066947	1359	2
0	172	0.000788282	1361	4
0	172	0.000747221	1363	6
0	172	0.000515489	1365	8
0	172	0.000508085	1367	10
0	173	0.000921652	1368	2
0	173	0.00138854	1370	4
0	173	0.000596977	1371	6
0	173	0.000530062	1374	8
0	173	0.000478792	1376	10
0	174	0.000601894	1378	2
0	174	0.000594742	1380	4
0	174	0.00058372	1381	6
0	174	0.000620248	1383	8
0	174	0.00190365	1385	10
0	175	0.00180258	1386	2
0	175	0.000811462	1388	4
0	175	0.000836924	1390	6
0	175	0.000948773	1392	8
0	175	0.000612196	1394	10
0	176	0.00113912	1395	2
0	176	0.00100393	1397	4
0	176	0.000783001	1399	6
0	176	0.000910546	1401	8
0	176	0.000316196	1403	10
0	177	0.000560161	1405	2
0	177	0.00284672	1407	4
0	177	0.00101934	1409	6
0	177	0.00390375	1411	8
0	177	0.00107954	1413	10
0	178	0.00168857	1415	2
0	178	0.00178356	1417	4
0	178	0.00178962	1418	6
0	178	0.00147069	1420	8
0	178	0.00153301	1422	10
0	179	0.00177002	1424	2
0	179	0.00189424	1425	4
0	179	0.00111226	1428	6
0	179	0.00113452	1430	8
0	179	0.000565209	1433	10
0	180	0.000721772	1435	2
0	180	0.000914263	1437	4
0	180	0.000585726	1438	6
0	180	0.000776546	1440	8
0	180	0.00114963	1442	10
0	181	0.00090038	1444	2
0	181	0.00118168	1446	4
0	181	0.000840338	1447	6
0	181	0.000911062	1450	8
0	181	0.000551932	1452	10
0	182	0.000780671	1453	2
0	182	0.00108576	1455	4
0	182	0.000680058	1457	6
0	182	0.000712516	1459	8
0	182	0.000541353	1461	10
0	183	0.000786736	1463	2
0	183	0.000605596	1466	4
0	183	0.000577617	1468	6
0	183	0.0010021	1469	8
0	183	0.000929941	1471	10
0	184	0.00163666	1473	2
0	184	0.00155667	1474	4
0	184	0.00136122	1476	6
0	184	0.00110587	1478	8
0	184	0.000665712	1480	10
0	185	0.00113732	1482	2
0	185	0.00121327	1483	4
0	185	0.000799373	1485	6
0	185	0.000585703	1487	8
0	185	0.00163841	1489	10
0	186	0.00175164	1490	2
0	186	0.000731771	1492	4
0	186	0.000972692	1494	6
0	186	0.000719155	1496	8
0	186	0.000606312	1498	10
0	187	0.000582985	1500	2
0	187	0.000874579	1502	4
0	187	0.000619663	1504	6
0	187	0.000810723	1506	8
0	187	0.000486791	1508	10
0	188	0.000924202	1510	2
0	188	0.00165604	1512	4
0	188	0.000626876	1514	6
0	188	0.000583832	1515	8
0	188	0.000414201	1518	10
0	189	0.000644635	1519	2
0	189	0.000980039	1520	4
0	189	0.000490172	1522	6
0	189	0.000508031	1524	8
0	189	0.000453396	1527	10
0	190	0.000792076	1529	2
0	190	0.00126154	1531	4
0	190	0.000601971	1533	6
0	190	0.000992216	1535	8
0	190	0.000658044	1537	10
0	191	0.000776442	1538	2
0	191	0.000728743	1540	4
0	191	0.000837374	1542	6
0	191	0.000805495	1544	8
0	191	0.000700944	1546	10
0	192	0.00236132	1548	2
0	192	0.00194207	1549	4
0	192	0.000887501	1551	6
0	192	0.000545878	1553	8
0	192	0.000380342	1556	10
0	193	0.000406343	1557	2
0	193	0.000863661	1558	4
0	193	0.00080869	1560	6
0	193	0.000393172	1563	8
0	193	0.00136528	1565	10
0	194	0.00137645	1567	2
0	194	0.00138926	1569	4
0	194	0.00115656	1570	6
0	194	0.00095091	1572	8
0	194	0.000506824	1574	10
0	195	0.000623968	1576	2
0	195	0.000758264	1577	4
0	195	0.00070251	1580	6
0	195	0.000494313	1581	8
0	195	0.00096123	1584	10
0	196	0.00208363	1585	2
0	196	0.00169326	1587	4
0	196	0.000736867	1589	6
0	196	0.000538988	1591	8
0	196	0.000360457	1593	10
0	197	0.000465952	1595	2
0	197	0.000664836	1598	4
0	197	0.000334231	1600	6
0	197	0.000754048	1601	8
0	197	0.000583596	1603	10
0	198	0.000671421	1605	2
0	198	0.000743532	1606	4
0	198	0.000481621	1609	6
0	198	0.00151512	1611	8
0	198	0.000886291	1614	10
0	199	0.00105041	1616	2
0	199	0.0010611	1617	4
0	199	0.000842229	1619	6
0	199	0.000668801	1621	8
0	199	0.000835824	1623	10
0	200	0.00113483	1625	2
0	200	0.000572648	1626	4
0	200	0.00172986	1629	6
0	200	0.00103726	1631	8
0	200	0.000559283	1633	10
0	201	0.000671974	1635	2
0	201	0.000684786	1636	4
0	201	0.000576008	1637	6
0	201	0.000576062	1639	8
0	201	0.00078128	1641	10
0	202	0.0008329	1642	2
0	202	0.00114842	1644	4
0	202	0.000863187	1646	6
0	202	0.000492095	1648	8
0	202	0.00035533	1650	10
0	203	0.000675303	1651	2
0	203	0.000672727	1653	4
0	203	0.000572937	1654	6
0	203	0.000555075	1656	8
0	203	0.000430989	1658	10
0	204	0.000617167	1659	2
0	204	0.000775601	1661	4
0	204	0.000588402	1663	6
0	204	0.000710702	1665	8
0	204	0.000574298	1667	10
0	205	0.00066113	1668	2
0	205	0.000493392	1670	4
0	205	0.000604288	1671	6
0	205	0.000563978	1673	8
0	205	0.000459481	1675	10
0	206	0.000813407	1677	2
0	206	0.000606173	1678	4
0	206	0.000552001	1680	6
0	206	0.000528377	1682	8
0	206	0.000718757	1684	10
0	207	0.000970472	1685	2
0	207	0.000986574	1687	4
0	207	0.000760373	1689	6
0	207	0.000591807	1691	8
0	207	0.000390163	1693	10
0	208	0.00042678	1695	2
0	208	0.000452787	1697	4
0	208	0.000384523	1699	6
0	208	0.000427626	1701	8
0	208	0.000872459	1702	10
0	209	0.00077509	1704	2
0	209	0.00053477	1706	4
0	209	0.000553292	1708	6
0	209	0.000465726	1710	8
0	209	0.000391046	1713	10
0	210	0.000635705	1714	2
0	210	0.00149089	1716	4
0	210	0.000719773	1718	6
0	210	0.000682889	1720	8
0	210	0.000599832	1722	10
0	211	0.000880434	1724	2
0	211	0.000572457	1725	4
0	211	0.000685257	1727	6
0	211	0.000955511	1729	8
0	211	0.000507118	1732	10
0	212	0.000838566	1733	2
0	212	0.000779514	1735	4
0	212	0.000588007	1737	6
0	212	0.0005827	1738	8
0	212	0.000604456	1740	10
0	213	0.000711505	1742	2
0	213	0.00064963	1743	4
0	213	0.000665725	1746	6
0	213	0.000527271	1747	8
0	213	0.000566679	1750	10
0	214	0.000854885	1751	2
0	214	0.000699945	1752	4
0	214	0.000686176	1754	6
0	214	0.000711543	1756	8
0	214	0.000597142	1758	10
0	215	0.00079766	1760	2
0	215	0.00126314	1761	4
0	215	0.00064307	1763	6
0	215	0.000371388	1765	8
0	215	0.000547524	1767	10
0	216	0.000630071	1769	2
0	216	0.000676418	1770	4
0	216	0.000727794	1772	6
0	216	0.000370993	1774	8
0	216	0.000863955	1776	10
0	217	0.00090111	1777	2
0	217	0.000824464	1779	4
0	217	0.000676246	1781	6
0	217	0.000558364	1783	8
0	217	0.000679923	1785	10
0	218	0.000719762	1787	2
0	218	0.000801722	1788	4
0	218	0.000480698	1790	6
0	218	0.000418758	1792	8
0	218	0.000434429	1794	10
0	219	0.000459443	1795	2
0	219	0.000556601	1797	4
0	219	0.000589134	1799	6
0	219	0.000832628	1801	8
0	219	0.00169011	1803	10
0	220	0.00110965	1805	2
0	220	0.000985064	1806	4
0	220	0.000742522	1808	6
0	220	0.000598461	1810	8
0	220	0.000377139	1812	10
0	221	0.000553135	1813	2
0	221	0.000657759	1815	4
0	221	0.000556193	1817	6
0	221	0.000546281	1819	8
0	221	0.000520777	1821	10
0	222	0.000525158	1823	2
0	222	0.000911356	1825	4
0	222	0.000422316	1828	6
0	222	0.000519534	1830	8
0	222	0.000331829	1833	10
0	223	0.000934549	1835	2
0	223	0.000662279	1837	4
0	223	0.000708194	1839	6
0	223	0.000518902	1841	8
0	223	0.000290517	1843	10
0	224	0.00041885	1845	2
0	224	0.00050518	1846	4
0	224	0.000269707	1848	6
0	224	0.000468465	1850	8
0	224	0.000617762	1852	10
0	225	0.000955802	1854	2
0	225	0.000831749	1855	4
0	225	0.00094435	1857	6
0	225	0.000405207	1859	8
0	225	0.000419566	1861	10
0	226	0.000772909	1863	2
0	226	0.000603221	1864	4
0	226	0.000829982	1866	6
0	226	0.000429346	1868	8
0	226	0.000614623	1870	10
0	227	0.000691965	1872	2
0	227	0.0011222	1873	4
0	227	0.000710822	1875	6
0	227	0.000633254	1877	8
0	227	0.000454332	1879	10
0	228	0.000696554	1881	2
0	228	0.000743637	1882	4
0	228	0.000869506	1884	6
0	228	0.000461251	1886	8
0	228	0.000388394	1888	10
0	229	0.000488615	1889	2
0	229	0.000843584	1891	4
0	229	0.000633239	1892	6
0	229	0.000340557	1894	8
0	229	0.000376574	1897	10
0	230	0.000531714	1898	2
0	230	0.000558606	1900	4
0	230	0.000676637	1902	6
0	230	0.000281036	1903	8
0	230	0.000779945	1906	10
0	231	0.000951496	1907	2
0	231	0.00091588	1908	4
0	231	0.00208041	1910	6
0	231	0.000428681	1913	8
0	231	0.000360546	1915	10
0	232	0.000405263	1916	2
0	232	0.000590629	1918	4
0	232	0.000492205	1920	6
0	232	0.000291548	1923	8
0	232	0.000317677	1925	10
0	233	0.000515734	1926	2
0	233	0.000502622	1928	4
0	233	0.000422837	1930	6
0	233	0.00161417	1932	8
0	233	0.000833818	1934	10
0	234	0.00114754	1936	2
0	234	0.00111783	1938	4
0	234	0.000936302	1940	6
0	234	0.000927124	1942	8
0	234	0.000512645	1944	10
0	235	0.000614036	1945	2
0	235	0.000335403	1947	4
0	235	0.00032349	1949	6
0	235	0.000769348	1950	8
0	235	0.000484439	1953	10
0	236	0.00235945	1954	2
0	236	0.000701305	1956	4
0	236	0.000709722	1958	6
0	236	0.00133393	1960	8
0	236	0.000344103	1962	10
0	237	0.000643066	1964	2
0	237	0.00080258	1965	4
0	237	0.000582223	1967	6
0	237	0.00121217	1969	8
0	237	0.000548605	1972	10
0	238	0.00138588	1973	2
0	238	0.00154357	1976	4
0	238	0.00037405	1977	6
0	238	0.000375055	1980	8
0	238	0.000266671	1982	10
0	239	0.000300346	1984	2
0	239	0.00040274	1985	4
0	239	0.00211583	1987	6
0	239	0.000924404	1989	8
0	239	0.000545103	1991	10
0	240	0.000785294	1992	2
0	240	0.000683529	1994	4
0	240	0.00127836	1995	6
0	240	0.000829244	1997	8
0	240	0.000678598	1998	10
0	241	0.000774381	2000	2
0	241	0.00155949	2001	4
0	241	0.000551873	2002	6
0	241	0.000505281	2003	8
0	241	0.000396116	2005	10
0	242	0.000673121	2006	2
0	242	0.000610098	2007	4
0	242	0.000601443	2008	6
0	242	0.000468047	2010	8
0	242	0.000542087	2012	10
0	243	0.00170825	2013	2
0	243	0.00129978	2015	4
0	243	0.000431455	2016	6
0	243	0.000886783	2017	8
0	243	0.000563191	2019	10
0	244	0.00079543	2020	2
0	244	0.000516524	2021	4
0	244	0.00026661	2023	6
0	244	0.000424672	2024	8
0	244	0.000363704	2026	10
0	245	0.000616591	2028	2
0	245	0.000853319	2029	4
0	245	0.000503864	2030	6
0	245	0.00063474	2032	8
0	245	0.000464629	2034	10
0	246	0.000509019	2035	2
0	246	0.000455615	2036	4
0	246	0.000486959	2037	6
0	246	0.000676452	2039	8
0	246	0.000333709	2041	10
0	247	0.000487672	2042	2
0	247	0.000478546	2043	4
0	247	0.000452743	2044	6
0	247	0.000843201	2046	8
0	247	0.000687589	2048	10
0	248	0.000952436	2049	2
0	248	0.00128016	2050	4
0	248	0.000549845	2051	6
0	248	0.000772258	2053	8
0	248	0.00035264	2055	10
0	249	0.000429299	2056	2
0	249	0.000441278	2057	4
0	249	0.000341645	2058	6
0	249	0.00179138	2060	8
0	249	0.000590965	2062	10
0	250	0.000627769	2063	2
0	250	0.000810861	2064	4
0	250	0.000411061	2065	6
0	250	0.000574782	2067	8
0	250	0.00116476	2068	10
0	251	0.00093863	2069	2
0	251	0.00109649	2070	4
0	251	0.00105201	2072	6
0	251	0.000432019	2073	8
0	251	0.0002807	2075	10
0	252	0.000530543	2076	2
0	252	0.000428034	2078	4
0	252	0.000462237	2079	6
0	252	0.00033572	2081	8
0	252	0.00066348	2082	10
0	253	0.000930279	2084	2
0	253	0.00145065	2085	4
0	253	0.00110595	2086	6
0	253	0.000390973	2088	8
0	253	0.000401175	2089	10
0	254	0.000714979	2090	2
0	254	0.000420199	2092	4
0	254	0.00037355	2093	6
0	254	0.000705979	2095	8
0	254	0.000405124	2096	10
0	255	0.00182423	2098	2
0	255	0.00054969	2099	4
0	255	0.00208492	2100	6
0	255	0.000366273	2102	8
0	255	0.000304339	2103	10
0	256	0.000361442	2105	2
0	256	0.000552428	2106	4
0	256	0.00058312	2107	6
0	256	0.000803886	2109	8
0	256	0.000390055	2111	10
0	257	0.000642901	2112	2
0	257	0.000842709	2114	4
0	257	0.000775945	2115	6
0	257	0.000458878	2117	8
0	257	0.000314775	2119	10
0	258	0.000534153	2121	2
0	258	0.000482713	2122	4
0	258	0.00051004	2124	6
0	258	0.000501567	2126	8
0	258	0.000382353	2129	10
0	259	0.000409305	2131	2
0	259	0.00088349	2132	4
0	259	0.000705993	2133	6
0	259	0.000448271	2135	8
0	259	0.000258516	2138	10
0	260	0.0004833	2140	2
0	260	0.000435374	2142	4
0	260	0.000465019	2144	6
0	260	0.000347809	2147	8
0	260	0.000551904	2149	10
0	261	0.000620459	2151	2
0	261	0.000381875	2153	4
0	261	0.000427257	2155	6
0	261	0.000331992	2157	8
0	261	0.000690748	2159	10
0	262	0.000530603	2160	2
0	262	0.000701221	2162	4
0	262	0.000382633	2163	6
0	262	0.000652144	2165	8
0	262	0.000474357	2167	10
0	263	0.000627195	2168	2
0	263	0.000451008	2169	4
0	263	0.000470285	2170	6
0	263	0.000392412	2172	8
0	263	0.000209546	2173	10
0	264	0.000322323	2174	2
0	264	0.00153612	2176	4
0	264	0.000578875	2177	6
0	264	0.000888937	2180	8
0	264	0.000652709	2181	10
0	265	0.000959965	2183	2
0	265	0.00190286	2184	4
0	265	0.00122348	2185	6
0	265	0.00061164	2186	8
0	265	0.000995187	2187	10
0	266	0.000903416	2189	2
0	266	0.000423105	2190	4
0	266	0.000428519	2191	6
0	266	0.000287496	2192	8
0	266	0.000487671	2195	10
0	267	0.000669404	2196	2
0	267	0.000616711	2197	4
0	267	0.000664644	2199	6
0	267	0.000403557	2200	8
0	267	0.000251502	2202	10
0	268	0.000392507	2203	2
0	268	0.000327722	2205	4
0	268	0.000394407	2206	6
0	268	0.000318328	2208	8
0	268	0.000363725	2209	10
0	269	0.000314816	2210	2
0	269	0.000971946	2212	4
0	269	0.00060338	2213	6
0	269	0.000271196	2215	8
0	269	0.000333591	2217	10
0	270	0.000405057	2218	2
0	270	0.00049327	2219	4
0	270	0.000338518	2221	6
0	270	0.000446323	2222	8
0	270	0.000325412	2224	10
0	271	0.000574701	2225	2
0	271	0.000543775	2227	4
0	271	0.000463992	2229	6
0	271	0.000434016	2230	8
0	271	0.000212438	2232	10
0	272	0.00033614	2233	2
0	272	0.0007624	2235	4
0	272	0.000396062	2236	6
0	272	0.000275211	2237	8
0	272	0.00077791	2239	10
0	273	0.000859883	2240	2
0	273	0.000354138	2241	4
0	273	0.000388729	2243	6
0	273	0.000558252	2245	8
0	273	0.000424555	2246	10
0	274	0.000562304	2247	2
0	274	0.000487913	2248	4
0	274	0.00120756	2250	6
0	274	0.000639968	2251	8
0	274	0.000271536	2252	10
0	275	0.000864431	2254	2
0	275	0.000487902	2255	4
0	275	0.000295424	2256	6
0	275	0.00034229	2258	8
0	275	0.000717324	2261	10
0	276	0.000758256	2261	2
0	276	0.000799176	2262	4
0	276	0.000414914	2264	6
0	276	0.000346569	2265	8
0	276	0.000400908	2267	10
0	277	0.000588838	2268	2
0	277	0.0011406	2269	4
0	277	0.000800766	2271	6
0	277	0.000635766	2272	8
0	277	0.000321196	2274	10
0	278	0.000436664	2275	2
0	278	0.000370561	2276	4
0	278	0.000494068	2278	6
0	278	0.00032048	2279	8
0	278	0.000253006	2281	10
0	279	0.000345612	2282	2
0	279	0.000332452	2283	4
0	279	0.000390774	2284	6
0	279	0.000323511	2286	8
0	279	0.000486567	2288	10
0	280	0.000558587	2289	2
0	280	0.00067832	2290	4
0	280	0.0004946	2291	6
0	280	0.000640304	2293	8
0	280	0.000270749	2295	10
0	281	0.000397961	2296	2
0	281	0.000453631	2297	4
0	281	0.00064866	2298	6
0	281	0.000378776	2301	8
0	281	0.000321395	2301	10
0	282	0.000348961	2303	2
0	282	0.000421762	2304	4
0	282	0.00041645	2306	6
0	282	0.000329135	2308	8
0	282	0.000365191	2310	10
0	283	0.000343895	2312	2
0	283	0.000328272	2313	4
0	283	0.000360388	2314	6
0	283	0.000341516	2316	8
0	283	0.000342304	2317	10
0	284	0.00031505	2319	2
0	284	0.00032552	2320	4
0	284	0.000546867	2321	6
0	284	0.000499116	2323	8
0	284	0.000211911	2324	10
0	285	0.000325797	2325	2
0	285	0.000322227	2327	4
0	285	0.000330364	2329	6
0	285	0.000409684	2330	8
0	285	0.000634085	2332	10
0	286	0.00145815	2333	2
0	286	0.00170005	2334	4
0	286	0.000489473	2336	6
0	286	0.000200897	2337	8
0	286	0.000290272	2339	10
0	287	0.00043911	2340	2
0	287	0.000392957	2341	4
0	287	0.000209702	2343	6
0	287	0.000248953	2344	8
0	287	0.000401237	2346	10
0	288	0.000625286	2347	2
0	288	0.00053339	2348	4
0	288	0.000809507	2350	6
0	288	0.00018962	2351	8
0	288	0.000183453	2353	10
0	289	0.000284034	2354	2
0	289	0.000385377	2355	4
0	289	0.000268542	2357	6
0	289	0.000279661	2358	8
0	289	0.000314539	2360	10
0	290	0.000260619	2361	2
0	290	0.00054645	2363	4
0	290	0.000323575	2364	6
0	290	0.000375649	2365	8
0	290	0.000222341	2367	10
0	291	0.000406885	2368	2
0	291	0.000277946	2369	4
0	291	0.000571943	2370	6
0	291	0.000411397	2372	8
0	291	0.000195642	2373	10
0	292	0.000624727	2374	2
0	292	0.000471213	2375	4
0	292	0.000331971	2376	6
0	292	0.0004636	2378	8
0	292	0.000286726	2380	10
0	293	0.000349656	2382	2
0	293	0.000474272	2383	4
0	293	0.000218744	2385	6
0	293	0.000265431	2386	8
0	293	0.000265252	2388	10
0	294	0.000484845	2389	2
0	294	0.000262028	2391	4
0	294	0.000255951	2392	6
0	294	0.000443888	2394	8
0	294	0.000254107	2396	10
0	295	0.000565109	2398	2
0	295	0.000373329	2399	4
0	295	0.00038241	2400	6
0	295	0.000259163	2403	8
0	295	0.000255592	2404	10
0	296	0.000269896	2406	2
0	296	0.00023591	2407	4
0	296	0.000468464	2408	6
0	296	0.000369264	2410	8
0	296	0.000261844	2412	10
0	297	0.000405416	2413	2
0	297	0.000346437	2415	4
0	297	0.000425428	2416	6
0	297	0.000336399	2417	8
0	297	0.000239525	2419	10
0	298	0.000385746	2420	2
0	298	0.000355316	2422	4
0	298	0.000396139	2423	6
0	298	0.000358503	2424	8
0	298	0.000238638	2426	10
0	299	0.00034419	2428	2
0	299	0.00033217	2429	4
0	299	0.000334254	2431	6
0	299	0.000285596	2432	8
0	299	0.000293965	2434	10
0	300	0.000997782	2435	2
0	300	0.000733657	2436	4
0	300	0.00029625	2437	6
0	300	0.000272156	2438	8
0	300	0.00024612	2440	10
0	301	0.000435897	2441	2
0	301	0.000446366	2442	4
0	301	0.000335594	2444	6
0	301	0.000325031	2446	8
0	301	0.000370197	2447	10
0	302	0.00056445	2448	2
0	302	0.000651646	2450	4
0	302	0.00077464	2452	6
0	302	0.000284647	2453	8
0	302	0.000217508	2455	10
0	303	0.000333455	2456	2
0	303	0.000301724	2458	4
0	303	0.000244893	2459	6
0	303	0.000812135	2461	8
0	303	0.000238849	2463	10
0	304	0.00041615	2464	2
0	304	0.000299885	2466	4
0	304	0.000256651	2468	6
0	304	0.000381606	2470	8
0	304	0.000443526	2471	10
0	305	0.000454392	2472	2
0	305	0.000400629	2474	4
0	305	0.000512152	2475	6
0	305	0.00040002	2477	8
0	305	0.000319555	2479	10
0	306	0.000397635	2480	2
0	306	0.000733262	2481	4
0	306	0.000584867	2482	6
0	306	0.000193029	2484	8
0	306	0.000560676	2486	10
0	307	0.000567843	2487	2
0	307	0.000786112	2488	4
0	307	0.000320304	2489	6
0	307	0.000269519	2491	8
0	307	0.000218296	2492	10
0	308	0.000248149	2493	2
0	308	0.000385929	2495	4
0	308	0.000211764	2496	6
0	308	0.000277644	2497	8
0	308	0.000274379	2499	10
0	309	0.000300586	2500	2
0	309	0.000616559	2501	4
0	309	0.000355401	2503	6
0	309	0.000824697	2504	8
0	309	0.000379305	2506	10
0	310	0.000508947	2507	2
0	310	0.000497803	2508	4
0	310	0.00120956	2510	6
0	310	0.000592708	2511	8
0	310	0.000330332	2513	10
0	311	0.000606281	2514	2
0	311	0.000550785	2516	4
0	311	0.00035512	2517	6
0	311	0.000386594	2518	8
0	311	0.000308032	2520	10
0	312	0.000505749	2522	2
0	312	0.000336401	2523	4
0	312	0.000320187	2525	6
0	312	0.000289046	2526	8
0	312	0.000413317	2528	10
0	313	0.000452367	2529	2
0	313	0.000337652	2530	4
0	313	0.000310267	2532	6
0	313	0.000485568	2533	8
0	313	0.000211082	2535	10
0	314	0.000382625	2536	2
0	314	0.00083448	2537	4
0	314	0.000474317	2539	6
0	314	0.00027898	2540	8
0	314	0.000339833	2542	10
0	315	0.000302584	2543	2
0	315	0.000272033	2544	4
0	315	0.000395981	2546	6
0	315	0.000296269	2548	8
0	315	0.000295925	2549	10
0	316	0.000322019	2550	2
0	316	0.00044151	2551	4
0	316	0.000333104	2553	6
0	316	0.000440194	2554	8
0	316	0.00022175	2556	10
0	317	0.000351892	2557	2
0	317	0.000343731	2558	4
0	317	0.000172358	2559	6
0	317	0.000180264	2561	8
0	317	0.000399745	2563	10
0	318	0.000638049	2564	2
0	318	0.000774109	2565	4
0	318	0.000413639	2567	6
0	318	0.000563587	2568	8
0	318	0.000256422	2570	10
0	319	0.000346802	2571	2
0	319	0.000295809	2572	4
0	319	0.000869682	2574	6
0	319	0.000313623	2575	8
0	319	0.000304347	2577	10
0	320	0.000316504	2578	2
0	320	0.000352403	2580	4
0	320	0.000287658	2581	6
0	320	0.000685307	2583	8
0	320	0.000258719	2584	10
0	321	0.000320179	2585	2
0	321	0.00058562	2586	4
0	321	0.000489326	2588	6
0	321	0.000255781	2589	8
0	321	0.000195208	2591	10
0	322	0.000326462	2592	2
0	322	0.000307884	2593	4
0	322	0.000689065	2595	6
0	322	0.000279026	2597	8
0	322	0.000493186	2599	10
0	323	0.000376491	2600	2
0	323	0.000288741	2601	4
0	323	0.000455988	2603	6
0	323	0.000297888	2605	8
0	323	0.000559425	2606	10
0	324	0.000487513	2608	2
0	324	0.000209943	2609	4
0	324	0.000297062	2611	6
0	324	0.000275846	2612	8
0	324	0.00024515	2614	10
0	325	0.000442556	2615	2
0	325	0.00029424	2616	4
0	325	0.000221528	2618	6
0	325	0.000250724	2619	8
0	325	0.000444661	2621	10
0	326	0.000631552	2623	2
0	326	0.000626683	2624	4
0	326	0.000500845	2625	6
0	326	0.000709251	2627	8
0	326	0.000325704	2629	10
0	327	0.000538841	2630	2
0	327	0.00038952	2632	4
0	327	0.00105067	2633	6
0	327	0.000406736	2634	8
0	327	0.0003576	2636	10
0	328	0.000407821	2637	2
0	328	0.000425166	2639	4
0	328	0.000434833	2640	6
0	328	0.000343856	2641	8
0	328	0.000222667	2643	10
0	329	0.000269815	2645	2
0	329	0.000358808	2646	4
0	329	0.000317024	2647	6
0	329	0.000217915	2649	8
0	329	0.000418497	2651	10
0	330	0.00045245	2652	2
0	330	0.000454407	2653	4
0	330	0.00102279	2655	6
0	330	0.000254453	2657	8
0	330	0.000161779	2659	10
0	331	0.000223634	2660	2
0	331	0.000213633	2662	4
0	331	0.000292838	2664	6
0	331	0.000165001	2667	8
0	331	0.000241568	2669	10
0	332	0.000280769	2671	2
0	332	0.0006345	2673	4
0	332	0.000471151	2674	6
0	332	0.00025368	2676	8
0	332	0.000326888	2679	10
0	333	0.000308175	2680	2
0	333	0.000339055	2682	4
0	333	0.000303081	2684	6
0	333	0.000254421	2686	8
0	333	0.000265006	2688	10
0	334	0.000346628	2690	2
0	334	0.000242461	2691	4
0	334	0.000576731	2693	6
0	334	0.000306588	2695	8
0	334	0.000534225	2698	10
0	335	0.000500027	2698	2
0	335	0.000347083	2700	4
0	335	0.000396593	2702	6
0	335	0.000252081	2704	8
0	335	0.000159423	2705	10
0	336	0.000275751	2706	2
0	336	0.000246557	2708	4
0	336	0.000242614	2709	6
0	336	0.000223204	2711	8
0	336	0.000233994	2713	10
0	337	0.000321436	2714	2
0	337	0.000381546	2715	4
0	337	0.000384176	2716	6
0	337	0.000254155	2718	8
0	337	0.000271848	2720	10
0	338	0.000262092	2721	2
0	338	0.000316801	2722	4
0	338	0.000307423	2723	6
0	338	0.000218592	2725	8
0	338	0.000152428	2727	10
0	339	0.00024302	2728	2
0	339	0.000315764	2729	4
0	339	0.000178307	2731	6
0	339	0.000204541	2732	8
0	339	0.000193963	2734	10
0	340	0.000309359	2735	2
0	340	0.000461574	2737	4
0	340	0.000239187	2738	6
0	340	0.000583588	2739	8
0	340	0.000237583	2741	10
0	341	0.000490366	2742	2
0	341	0.000989372	2744	4
0	341	0.000346706	2745	6
0	341	0.00030734	2747	8
0	341	0.000231944	2749	10
0	342	0.000245081	2750	2
0	342	0.000353651	2751	4
0	342	0.000429672	2752	6
0	342	0.000192901	2754	8
0	342	0.000255429	2755	10
0	343	0.000295764	2757	2
0	343	0.000277169	2758	4
0	343	0.000353353	2759	6
0	343	0.000255048	2761	8
0	343	0.000160494	2763	10
0	344	0.000223712	2764	2
0	344	0.000288516	2765	4
0	344	0.000274424	2767	6
0	344	0.000309369	2768	8
0	344	0.000180326	2770	10
0	345	0.0002583	2771	2
0	345	0.000237286	2772	4
0	345	0.000520002	2774	6
0	345	0.000260889	2775	8
0	345	0.000466917	2777	10
0	346	0.000456627	2778	2
0	346	0.000459306	2780	4
0	346	0.000405288	2781	6
0	346	0.000206274	2783	8
0	346	0.000226714	2784	10
0	347	0.000302138	2785	2
0	347	0.000201057	2786	4
0	347	0.000187626	2788	6
0	347	0.000209182	2789	8
0	347	0.000209859	2791	10
0	348	0.000247048	2792	2
0	348	0.000392031	2793	4
0	348	0.000318922	2795	6
0	348	0.000487222	2796	8
0	348	0.000203613	2798	10
0	349	0.000285425	2799	2
0	349	0.000216364	2800	4
0	349	0.000303664	2801	6
0	349	0.00068804	2803	8
0	349	0.000375182	2805	10
0	350	0.000548902	2806	2
0	350	0.000754202	2807	4
0	350	0.000411547	2808	6
0	350	0.000328803	2810	8
0	350	0.000191563	2812	10
0	351	0.000297132	2813	2
0	351	0.000256407	2815	4
0	351	0.000352435	2816	6
0	351	0.00029184	2817	8
0	351	0.000250628	2819	10
0	352	0.000341737	2820	2
0	352	0.000402734	2822	4
0	352	0.000372579	2823	6
0	352	0.000244055	2824	8
0	352	0.000273331	2826	10
0	353	0.000404207	2828	2
0	353	0.000687716	2829	4
0	353	0.000257476	2830	6
0	353	0.000150722	2832	8
0	353	0.000401639	2834	10
0	354	0.000517553	2835	2
0	354	0.00048	2836	4
0	354	0.000528855	2837	6
0	354	0.000364458	2839	8
0	354	0.000317964	2840	10
0	355	0.00077306	2842	2
0	355	0.00056536	2843	4
0	355	0.000303258	2845	6
0	355	0.000217827	2847	8
0	355	0.000202827	2848	10
0	356	0.000231817	2849	2
0	356	0.000312813	2851	4
0	356	0.000227747	2852	6
0	356	0.000342279	2853	8
0	356	0.000304606	2855	10
0	357	0.000353715	2856	2
0	357	0.000473631	2857	4
0	357	0.000290697	2858	6
0	357	0.000685156	2861	8
0	357	0.000691816	2864	10
0	358	0.000699864	2865	2
0	358	0.00095138	2867	4
0	358	0.000414243	2868	6
0	358	0.000608722	2870	8
0	358	0.000192113	2872	10
0	359	0.000324209	2873	2
0	359	0.000751603	2874	4
0	359	0.000408362	2875	6
0	359	0.000304784	2877	8
0	359	0.000863962	2879	10
0	360	0.000608123	2880	2
0	360	0.000394119	2881	4
0	360	0.000396549	2883	6
0	360	0.000353384	2884	8
0	360	0.000256178	2886	10
0	361	0.000362573	2887	2
0	361	0.000337102	2888	4
0	361	0.000516222	2890	6
0	361	0.000304247	2891	8
0	361	0.00025408	2893	10
0	362	0.000235733	2895	2
0	362	0.00038651	2896	4
0	362	0.000318451	2897	6
0	362	0.000374356	2899	8
0	362	0.000251016	2900	10
0	363	0.000407042	2902	2
0	363	0.000338135	2903	4
0	363	0.000402308	2904	6
0	363	0.000301331	2905	8
0	363	0.000272738	2907	10
0	364	0.000463069	2909	2
0	364	0.000401824	2910	4
0	364	0.000293052	2912	6
0	364	0.000334356	2913	8
0	364	0.000154909	2915	10
0	365	0.000248525	2916	2
0	365	0.000288739	2917	4
0	365	0.000247739	2918	6
0	365	0.000338341	2920	8
0	365	0.000272007	2921	10
0	366	0.000925213	2923	2
0	366	0.000457558	2925	4
0	366	0.000304965	2925	6
0	366	0.000290387	2928	8
0	366	0.000223341	2929	10
0	367	0.000273656	2931	2
0	367	0.00020771	2932	4
0	367	0.000710992	2933	6
0	367	0.000429459	2935	8
0	367	0.000221043	2936	10
0	368	0.000384214	2938	2
0	368	0.000331643	2939	4
0	368	0.000268932	2941	6
0	368	0.000439423	2942	8
0	368	0.000381482	2944	10
0	369	0.000612724	2945	2
0	369	0.000256695	2946	4
0	369	0.000282008	2948	6
0	369	0.000208282	2949	8
0	369	0.000157019	2951	10
0	370	0.000276052	2952	2
0	370	0.000221257	2954	4
0	370	0.000225998	2955	6
0	370	0.000255476	2956	8
0	370	0.00019192	2958	10
0	371	0.000286468	2959	2
0	371	0.000340471	2961	4
0	371	0.000316307	2962	6
0	371	0.000221989	2964	8
0	371	0.000224629	2965	10
0	372	0.000321784	2966	2
0	372	0.000372958	2968	4
0	372	0.000375388	2969	6
0	372	0.000485398	2971	8
0	372	0.00018212	2973	10
0	373	0.000256027	2974	2
0	373	0.000492521	2975	4
0	373	0.000430973	2976	6
0	373	0.000335871	2978	8
0	373	0.000474849	2980	10
0	374	0.000352404	2981	2
0	374	0.000467231	2982	4
0	374	0.000332092	2983	6
0	374	0.000211241	2985	8
0	374	0.000419127	2987	10
0	375	0.000557471	2988	2
0	375	0.000541315	2989	4
0	375	0.000253344	2990	6
0	375	0.000179137	2992	8
0	375	0.00020944	2994	10
0	376	0.000251523	2995	2
0	376	0.000337262	2996	4
0	376	0.000589194	2998	6
0	376	0.000300463	2999	8
0	376	0.000220281	3001	10
0	377	0.00031022	3002	2
0	377	0.000238942	3003	4
0	377	0.000467242	3005	6
0	377	0.00016673	3006	8
0	377	0.00024618	3008	10
0	378	0.000389972	3009	2
0	378	0.000238201	3010	4
0	378	0.000286506	3012	6
0	378	0.000253244	3014	8
0	378	0.000171304	3016	10
0	379	0.000298151	3017	2
0	379	0.000365372	3018	4
0	379	0.000268482	3020	6
0	379	0.00017805	3021	8
0	379	0.000198302	3023	10
0	380	0.000240905	3024	2
0	380	0.000427109	3025	4
0	380	0.00030531	3027	6
0	380	0.000186927	3029	8
0	380	0.000553702	3031	10
0	381	0.000617842	3032	2
0	381	0.000420132	3033	4
0	381	0.000384807	3034	6
0	381	0.000210474	3036	8
0	381	0.000138245	3037	10
0	382	0.000223429	3039	2
0	382	0.000249036	3040	4
0	382	0.000236655	3041	6
0	382	0.000244228	3042	8
0	382	0.000146453	3044	10
0	383	0.000212877	3046	2
0	383	0.0002435	3047	4
0	383	0.000213691	3048	6
0	383	0.000204019	3050	8
0	383	0.000257284	3052	10
0	384	0.000285088	3053	2
0	384	0.000242567	3054	4
0	384	0.000178211	3055	6
0	384	0.000194364	3057	8
0	384	0.000133739	3059	10
0	385	0.00021002	3060	2
0	385	0.000263414	3061	4
0	385	0.000224774	3063	6
0	385	0.00020894	3064	8
0	385	0.000305791	3066	10
0	386	0.000811259	3067	2
0	386	0.000416782	3068	4
0	386	0.000465116	3070	6
0	386	0.000253591	3071	8
0	386	0.000298537	3073	10
0	387	0.000249878	3074	2
0	387	0.000353049	3075	4
0	387	0.000217142	3077	6
0	387	0.000247431	3078	8
0	387	0.000227195	3080	10
0	388	0.000311686	3081	2
0	388	0.000419354	3082	4
0	388	0.000283038	3084	6
0	388	0.000216487	3085	8
0	388	0.000160704	3087	10
0	389	0.000228008	3088	2
0	389	0.000464488	3089	4
0	389	0.000359082	3091	6
0	389	0.000177312	3092	8
0	389	0.000294858	3094	10
0	390	0.000344314	3095	2
0	390	0.000543428	3097	4
0	390	0.000391312	3098	6
0	390	0.000204312	3099	8
0	390	0.000136748	3101	10
0	391	0.000193773	3102	2
0	391	0.000183711	3103	4
0	391	0.000136055	3104	6
0	391	0.000282219	3106	8
0	391	0.000263955	3108	10
0	392	0.000431346	3110	2
0	392	0.000340799	3110	4
0	392	0.000380101	3112	6
0	392	0.000488465	3113	8
0	392	0.000367325	3115	10
0	393	0.000433377	3117	2
0	393	0.000183153	3118	4
0	393	0.000178427	3119	6
0	393	0.000408396	3121	8
0	393	0.000304575	3123	10
0	394	0.000404607	3124	2
0	394	0.000392436	3126	4
0	394	0.000302117	3127	6
0	394	0.000418998	3129	8
0	394	0.000331051	3131	10
0	395	0.000314807	3132	2
0	395	0.000301947	3134	4
0	395	0.000185755	3135	6
0	395	0.000337626	3136	8
0	395	0.000202316	3138	10
0	396	0.000361386	3139	2
0	396	0.0002525	3140	4
0	396	0.000760946	3142	6
0	396	0.000640222	3143	8
0	396	0.00021345	3145	10
0	397	0.000322374	3147	2
0	397	0.000404672	3148	4
0	397	0.000222175	3150	6
0	397	0.000196378	3151	8
0	397	0.000165527	3153	10
0	398	0.000300926	3154	2
0	398	0.000241593	3155	4
0	398	0.000349607	3157	6
0	398	0.000254852	3158	8
0	398	0.000149741	3160	10
0	399	0.000267152	3162	2
0	399	0.000419402	3163	4
0	399	0.000329374	3164	6
0	399	0.00036807	3166	8
0	399	0.000380932	3169	10
0	400	0.000399792	3171	2
0	400	0.000411856	3173	4
0	400	0.000595201	3176	6
0	400	0.000187494	3179	8
0	400	0.000529544	3181	10
0	401	0.0004822	3183	2
0	401	0.000658869	3185	4
0	401	0.000343369	3187	6
0	401	0.000252475	3189	8
0	401	0.000565732	3191	10
0	402	0.000435716	3193	2
0	402	0.000622399	3195	4
0	402	0.000203003	3197	6
0	402	0.000248295	3199	8
0	402	0.000202948	3202	10
0	403	0.000376994	3203	2
0	403	0.000290771	3204	4
0	403	0.000295561	3205	6
0	403	0.000260161	3207	8
0	403	0.000175036	3208	10
0	404	0.000334679	3210	2
0	404	0.000306233	3212	4
0	404	0.000302124	3214	6
0	404	0.000249565	3215	8
0	404	0.000179339	3217	10
0	405	0.000295405	3218	2
0	405	0.000228862	3219	4
0	405	0.000184727	3220	6
0	405	0.000217331	3222	8
0	405	0.000259655	3223	10
0	406	0.00030742	3224	2
0	406	0.000345066	3226	4
0	406	0.000556785	3227	6
0	406	0.000152615	3229	8
0	406	0.000160839	3231	10
0	407	0.000232037	3232	2
0	407	0.000243392	3233	4
0	407	0.000246557	3234	6
0	407	0.000210658	3236	8
0	407	0.000203034	3238	10
0	408	0.000352142	3239	2
0	408	0.000280299	3240	4
0	408	0.000278052	3242	6
0	408	0.000246441	3244	8
0	408	0.000162214	3246	10
0	409	0.000227249	3247	2
0	409	0.000364155	3248	4
0	409	0.000325341	3250	6
0	409	0.000291612	3251	8
0	409	0.00021536	3253	10
0	410	0.00030786	3254	2
0	410	0.000250076	3255	4
0	410	0.000215885	3257	6
0	410	0.000242974	3258	8
0	410	0.000146712	3260	10
0	411	0.000270854	3261	2
0	411	0.000424994	3263	4
0	411	0.000310811	3264	6
0	411	0.000178892	3265	8
0	411	0.00017985	3267	10
0	412	0.000249038	3268	2
0	412	0.000483977	3270	4
0	412	0.000393312	3271	6
0	412	0.000234339	3272	8
0	412	0.000221341	3274	10
0	413	0.000295184	3275	2
0	413	0.000237038	3276	4
0	413	0.000170185	3278	6
0	413	0.000150255	3279	8
0	413	0.000140654	3281	10
0	414	0.00022153	3282	2
0	414	0.00030591	3283	4
0	414	0.000261521	3286	6
0	414	0.00015593	3286	8
0	414	0.000204012	3288	10
0	415	0.000300168	3289	2
0	415	0.000224964	3290	4
0	415	0.000200779	3293	6
0	415	0.000344667	3294	8
0	415	0.000198253	3295	10
0	416	0.000230678	3297	2
0	416	0.000428912	3298	4
0	416	0.000233838	3299	6
0	416	0.000299733	3300	8
0	416	0.000150263	3302	10
0	417	0.000251974	3303	2
0	417	0.000238524	3304	4
0	417	0.000311483	3306	6
0	417	0.000238683	3307	8
0	417	0.000143661	3309	10
0	418	0.000210744	3311	2
0	418	0.000268948	3313	4
0	418	0.000268772	3314	6
0	418	0.000494407	3316	8
0	418	0.000244597	3318	10
0	419	0.000389636	3319	2
0	419	0.000236966	3320	4
0	419	0.000229509	3322	6
0	419	0.000185869	3323	8
0	419	0.000245361	3325	10
0	420	0.000313299	3326	2
0	420	0.000341055	3328	4
0	420	0.00024901	3329	6
0	420	0.000218537	3331	8
0	420	0.000142052	3332	10
0	421	0.000254187	3334	2
0	421	0.000233403	3335	4
0	421	0.000224963	3336	6
0	421	0.000218008	3337	8
0	421	0.000127779	3339	10
0	422	0.000224853	3340	2
0	422	0.000202484	3341	4
0	422	0.000219062	3342	6
0	422	0.000454335	3344	8
0	422	0.00018323	3346	10
0	423	0.000221422	3347	2
0	423	0.000486558	3348	4
0	423	0.000333152	3350	6
0	423	0.000218956	3351	8
0	423	0.000151679	3353	10
0	424	0.000206738	3354	2
0	424	0.000160494	3355	4
0	424	0.00024012	3357	6
0	424	0.000175866	3358	8
0	424	0.00020076	3360	10
0	425	0.000373266	3361	2
0	425	0.00034044	3363	4
0	425	0.00046596	3364	6
0	425	0.000271466	3365	8
0	425	0.000165244	3367	10
0	426	0.000268001	3368	2
0	426	0.000194207	3370	4
0	426	0.000161005	3371	6
0	426	0.000137347	3372	8
0	426	0.000135424	3374	10
0	427	0.000178244	3376	2
0	427	0.000497086	3378	4
0	427	0.000307	3380	6
0	427	0.000368875	3381	8
0	427	0.000172031	3383	10
0	428	0.000302534	3385	2
0	428	0.000675789	3386	4
0	428	0.000489682	3388	6
0	428	0.000263794	3389	8
0	428	0.000190315	3391	10
0	429	0.000359623	3392	2
0	429	0.000222928	3394	4
0	429	0.000269237	3395	6
0	429	0.000227256	3397	8
0	429	0.000200913	3398	10
0	430	0.000268593	3399	2
0	430	0.000256078	3401	4
0	430	0.000223666	3402	6
0	430	0.000187431	3404	8
0	430	0.00013424	3406	10
0	431	0.000204473	3407	2
0	431	0.00055175	3408	4
0	431	0.000438213	3410	6
0	431	0.000315018	3411	8
0	431	0.000192065	3413	10
0	432	0.000276087	3414	2
0	432	0.000414973	3415	4
0	432	0.000237572	3417	6
0	432	0.0004174	3418	8
0	432	0.000258584	3420	10
0	433	0.000451896	3421	2
0	433	0.000545153	3422	4
0	433	0.000285841	3424	6
0	433	0.000173178	3425	8
0	433	0.000174493	3427	10
0	434	0.000318442	3429	2
0	434	0.000249411	3430	4
0	434	0.000137156	3431	6
0	434	0.000196805	3433	8
0	434	0.000417546	3435	10
0	435	0.000623074	3436	2
0	435	0.000975009	3437	4
0	435	0.000735438	3438	6
0	435	0.000243438	3440	8
0	435	0.000169101	3442	10
0	436	0.000366728	3443	2
0	436	0.000261802	3445	4
0	436	0.000209828	3446	6
0	436	0.000175422	3448	8
0	436	0.000139184	3449	10
0	437	0.000288097	3451	2
0	437	0.00020489	3452	4
0	437	0.000286291	3453	6
0	437	0.000441654	3455	8
0	437	0.000278534	3456	10
0	438	0.000355922	3457	2
0	438	0.000303463	3459	4
0	438	0.000246894	3460	6
0	438	0.000332729	3462	8
0	438	0.00023147	3465	10
0	439	0.000355559	3466	2
0	439	0.000472154	3468	4
0	439	0.000244799	3469	6
0	439	0.000200539	3471	8
0	439	0.000176261	3472	10
0	440	0.000220094	3474	2
0	440	0.000226869	3475	4
0	440	0.00027234	3477	6
0	440	0.000231062	3479	8
0	440	0.000226575	3480	10
0	441	0.000311425	3481	2
0	441	0.000302601	3483	4
0	441	0.000225909	3484	6
0	441	0.000265874	3486	8
0	441	0.000102917	3487	10
0	442	0.00016026	3488	2
0	442	0.000178374	3489	4
0	442	0.000311078	3491	6
0	442	0.00021826	3492	8
0	442	0.000114507	3494	10
0	443	0.000182692	3496	2
0	443	0.000299441	3497	4
0	443	0.00020682	3498	6
0	443	0.000146542	3500	8
0	443	0.000231152	3501	10
0	444	0.000337639	3503	2
0	444	0.000229661	3504	4
0	444	0.000274932	3505	6
0	444	0.000151805	3507	8
0	444	0.000127126	3508	10
0	445	0.000190625	3509	2
0	445	0.00016164	3511	4
0	445	0.000167421	3512	6
0	445	0.000165707	3514	8
0	445	0.000139469	3516	10
0	446	0.00066882	3517	2
0	446	0.000400832	3518	4
0	446	0.000346425	3519	6
0	446	0.000300388	3520	8
0	446	0.000141669	3522	10
0	447	0.000252277	3524	2
0	447	0.000236521	3525	4
0	447	0.000336464	3526	6
0	447	0.000280977	3528	8
0	447	0.000246263	3530	10
0	448	0.000343219	3531	2
0	448	0.000278331	3533	4
0	448	0.000284685	3534	6
0	448	0.000238791	3536	8
0	448	0.000186495	3537	10
0	449	0.000164937	3539	2
0	449	0.000183268	3540	4
0	449	0.000344893	3541	6
0	449	0.000200197	3543	8
0	449	0.000151967	3545	10
0	450	0.000220501	3546	2
0	450	0.000504271	3547	4
0	450	0.000288408	3548	6
0	450	0.000161905	3550	8
0	450	0.000194372	3551	10
0	451	0.000192508	3553	2
0	451	0.000231891	3554	4
0	451	0.000287693	3555	6
0	451	0.000230536	3557	8
0	451	0.000183942	3558	10
0	452	0.000562258	3560	2
0	452	0.000358254	3561	4
0	452	0.000153127	3563	6
0	452	0.000226963	3564	8
0	452	0.000138651	3566	10
0	453	0.000204543	3567	2
0	453	0.00021844	3568	4
0	453	0.000248221	3570	6
0	453	0.00021527	3571	8
0	453	0.000156021	3573	10
0	454	0.000246667	3574	2
0	454	0.000283001	3576	4
0	454	0.000217786	3577	6
0	454	0.000154883	3579	8
0	454	0.000119224	3580	10
0	455	0.000791642	3581	2
0	455	0.000297014	3582	4
0	455	0.000397045	3584	6
0	455	0.000179141	3585	8
0	455	0.000299478	3587	10
0	456	0.000408445	3588	2
0	456	0.000518593	3589	4
0	456	0.000404932	3591	6
0	456	0.000315118	3592	8
0	456	0.000270986	3595	10
0	457	0.000423192	3596	2
0	457	0.000648592	3597	4
0	457	0.000382659	3598	6
0	457	0.00016293	3600	8
0	457	0.000296352	3602	10
0	458	0.000325572	3603	2
0	458	0.000236041	3604	4
0	458	0.000242727	3605	6
0	458	0.000338198	3607	8
0	458	0.000198325	3609	10
0	459	0.000298242	3610	2
0	459	0.000351128	3612	4
0	459	0.000236163	3613	6
0	459	0.000169845	3614	8
0	459	0.000203205	3616	10
0	460	0.00019613	3617	2
0	460	0.00022586	3618	4
0	460	0.000200681	3621	6
0	460	0.000151403	3621	8
0	460	0.000241212	3623	10
0	461	0.000301739	3624	2
0	461	0.000439704	3626	4
0	461	0.000283789	3628	6
0	461	0.000248184	3629	8
0	461	0.00029939	3631	10
0	462	0.000318214	3632	2
0	462	0.000312466	3634	4
0	462	0.000319895	3635	6
0	462	0.000172666	3637	8
0	462	0.000116454	3639	10
0	463	0.000184681	3640	2
0	463	0.000429508	3641	4
0	463	0.000227141	3642	6
0	463	0.000308463	3644	8
0	463	0.00013486	3646	10
0	464	0.000200534	3647	2
0	464	0.000150563	3648	4
0	464	0.000185843	3650	6
0	464	0.000177709	3651	8
0	464	0.000193831	3654	10
0	465	0.000328395	3655	2
0	465	0.000346011	3657	4
0	465	0.000185543	3658	6
0	465	0.000204159	3660	8
0	465	0.000155428	3662	10
0	466	0.000223309	3663	2
0	466	0.000254867	3666	4
0	466	0.00024072	3666	6
0	466	0.000268825	3668	8
0	466	0.000112458	3670	10
0	467	0.000193384	3671	2
0	467	0.000182875	3674	4
0	467	0.000385728	3674	6
0	467	0.000232698	3676	8
0	467	8.93703e-005	3679	10
