step	level	max error	mean error	time
0	0	0.0042467	0.00100491	0.076054	2
0	0	0.0014849	0.00037378	0.154034	4
0	0	0.00158557	0.000136221	0.238036	6
0	0	0.000585592	6.78661e-005	0.325035	8
0	0	0.000647198	5.64666e-005	0.418039	10
0	0	0.000345245	4.03989e-005	0.518035	12
0	0	0.000310712	3.29555e-005	0.634035	14
0	0	0.000291776	2.99327e-005	0.748033	16
0	0	0.00020609	2.46469e-005	0.866023	18
0	0	0.000264342	3.30499e-005	0.987039	20
0	0	0.000361125	5.29916e-005	1.12504	22
0	0	0.000269554	3.59538e-005	1.26404	24
0	0	0.000298478	3.88667e-005	1.40907	26
0	0	0.00024403	2.75518e-005	1.56404	28
0	0	0.000232347	2.84145e-005	1.726	30
0	0	0.00022445	2.25343e-005	1.90303	32
0	0	0.000185714	2.27964e-005	2.08203	34
0	0	0.000168647	1.88786e-005	2.26404	36
0	0	0.000167227	1.57965e-005	2.463	38
0	0	0.000161829	1.52603e-005	2.66803	40
0	0	0.000126026	1.51637e-005	2.88803	42
0	0	0.000213659	1.63384e-005	3.11901	44
0	0	0.000128584	1.57612e-005	3.342	46
0	0	0.00011732	1.42816e-005	3.56304	48
0	0	9.43028e-005	1.53626e-005	3.78605	50
0	0	8.99311e-005	1.3451e-005	4.01904	52
0	0	8.46082e-005	1.23675e-005	4.26304	54
0	0	0.000221208	1.68088e-005	4.50806	56
0	0	0.000107882	1.34442e-005	4.76504	58
0	0	7.86476e-005	1.14266e-005	5.02804	60
0	0	7.64053e-005	1.08024e-005	5.30104	62
0	0	7.52552e-005	9.29185e-006	5.58403	64
0	0	7.12993e-005	8.15231e-006	5.87302	66
0	0	0.000126549	8.93682e-006	6.171	68
0	0	6.6971e-005	7.66002e-006	6.463	70
0	0	7.63885e-005	7.49571e-006	6.767	72
0	0	4.35016e-005	5.85626e-006	7.09	74
0	0	5.38253e-005	5.46774e-006	7.411	76
0	0	3.89245e-005	4.95039e-006	7.738	78
0	0	3.65103e-005	4.41255e-006	8.09703	80
0	0	3.489e-005	4.01104e-006	8.50504	82
0	0	3.31994e-005	3.80219e-006	8.90204	84
0	0	8.38386e-005	4.82807e-006	9.31704	86
0	0	4.04047e-005	4.01086e-006	9.70804	88
0	0	3.25581e-005	3.83876e-006	10.112	90
0	0	3.06746e-005	3.37358e-006	10.527	92
0	0	2.83927e-005	3.44124e-006	10.953	94
0	0	2.61001e-005	3.14331e-006	11.435	96
0	0	2.50284e-005	2.8898e-006	11.89	98
0	0	2.49589e-005	2.72007e-006	12.348	100
0	0	2.45354e-005	2.92081e-006	12.811	102
0	0	4.77064e-005	3.08458e-006	13.296	104
0	0	2.41228e-005	2.88396e-006	13.782	106
0	0	2.30013e-005	2.64663e-006	14.288	108
0	0	2.31176e-005	2.51723e-006	14.792	110
0	0	2.74731e-005	2.63886e-006	15.317	112
0	0	2.20438e-005	2.52195e-006	15.842	114
0	0	2.18461e-005	2.38299e-006	16.39	116
0	0	2.6233e-005	2.47842e-006	16.947	118
0	0	2.1583e-005	2.37266e-006	17.507	120
0	0	2.12647e-005	2.15196e-006	18.092	122
0	0	2.05863e-005	2.10513e-006	18.666	124
0	0	2.49409e-005	2.17996e-006	19.256	126
0	0	1.98824e-005	2.06605e-006	19.849	128
0	0	2.06723e-005	2.03258e-006	20.472	130
0	0	1.95843e-005	1.88386e-006	21.1071	132
0	0	1.79141e-005	1.85232e-006	21.776	134
0	0	1.60494e-005	1.76835e-006	22.447	136
0	0	1.46884e-005	1.76528e-006	23.142	138
0	0	2.03226e-005	1.92852e-006	23.903	140
0	0	1.43449e-005	1.8277e-006	24.717	142
0	0	1.40829e-005	1.71849e-006	25.494	144
0	0	1.31836e-005	1.66181e-006	26.251	146
0	0	1.34844e-005	1.67965e-006	27.02	148
0	0	1.247e-005	1.56445e-006	27.803	150
0	0	1.23274e-005	1.55652e-006	28.599	152
0	0	1.21177e-005	1.43418e-006	29.417	154
0	0	1.1279e-005	1.32171e-006	30.253	156
0	0	1.10133e-005	1.28466e-006	31.075	158
0	0	1.08737e-005	1.19616e-006	31.913	160
0	0	9.90836e-006	1.13717e-006	32.793	162
0	0	9.75947e-006	1.12461e-006	33.678	164
0	0	9.69144e-006	1.05849e-006	34.581	166
0	0	9.4491e-006	1.01809e-006	35.523	168
0	0	8.33322e-006	9.76671e-007	36.487	170
0	0	8.26931e-006	9.45733e-007	37.465	172
0	0	1.06385e-005	9.34434e-007	38.448	174
0	0	8.265e-006	9.13063e-007	39.442	176
0	0	8.7843e-006	9.09087e-007	40.56	178
0	0	8.23814e-006	8.87036e-007	41.676	180
0	0	8.13706e-006	8.73015e-007	42.74	182
0	0	7.5515e-006	8.44095e-007	43.835	184
0	0	7.46634e-006	8.35288e-007	44.956	186
0	0	6.65804e-006	8.11179e-007	46.095	188
0	0	6.54149e-006	7.75544e-007	47.25	190
0	0	6.47061e-006	7.23669e-007	48.405	192
0	0	6.42572e-006	7.09835e-007	49.593	194
0	0	6.33414e-006	6.57912e-007	50.797	196
0	0	6.15615e-006	6.57698e-007	52.057	198
0	0	6.14363e-006	6.53506e-007	53.306	200
0	0	6.21481e-006	6.50899e-007	54.577	202
0	0	5.6622e-006	6.16142e-007	55.899	204
0	0	5.5403e-006	5.79714e-007	57.379	206
0	0	5.52285e-006	5.83201e-007	58.763	208
0	0	4.95795e-006	5.44389e-007	60.16	210
0	0	5.32379e-006	5.43007e-007	61.574	212
0	0	4.70444e-006	5.34493e-007	63.023	214
0	0	4.66233e-006	5.28693e-007	64.491	216
0	0	4.63057e-006	5.21261e-007	65.994	218
0	0	4.55527e-006	4.66557e-007	67.524	220
0	0	4.45531e-006	4.3793e-007	69.046	222
0	0	4.41316e-006	4.21604e-007	70.61	224
0	0	4.34063e-006	4.21733e-007	72.257	226
0	0	4.31977e-006	3.83609e-007	73.993	228
0	0	4.16759e-006	3.81261e-007	75.66	230
0	0	5.21105e-006	3.85864e-007	77.363	232
0	0	4.11197e-006	3.64914e-007	79.077	234
0	0	3.92531e-006	3.60353e-007	80.816	236
0	0	3.81974e-006	3.61178e-007	82.562	238
0	0	3.7444e-006	3.33617e-007	84.343	240
0	0	8.83954e-006	3.7392e-007	86.174	242
0	0	3.37716e-006	3.20728e-007	88.053	244
0	0	3.37028e-006	3.14318e-007	90.069	246
0	0	3.19406e-006	3.01698e-007	92	248
0	0	3.1794e-006	2.8938e-007	93.946	250
0	0	3.16277e-006	2.7569e-007	95.927	252
0	0	3.14331e-006	2.70394e-007	97.901	254
0	0	3.0329e-006	2.57035e-007	99.928	256
0	0	2.91846e-006	2.40308e-007	102.013	258
0	0	2.88853e-006	2.30106e-007	104.13	260
0	0	2.83229e-006	2.22589e-007	106.405	262
0	0	2.7061e-006	2.17984e-007	108.594	264
0	0	2.77725e-006	2.1314e-007	110.759	266
0	0	2.4501e-006	1.99449e-007	112.975	268
0	0	2.27748e-006	1.96453e-007	115.232	270
0	0	2.2859e-006	1.97296e-007	117.571	272
0	0	2.03962e-006	1.92192e-007	119.881	274
0	0	2.01508e-006	1.81912e-007	122.424	276
0	0	1.99967e-006	1.74078e-007	124.888	278
0	0	1.99951e-006	1.61822e-007	127.385	280
0	0	1.87516e-006	1.55095e-007	129.916	282
0	0	1.85021e-006	1.54268e-007	132.456	284
0	0	1.81599e-006	1.49029e-007	135.044	286
0	0	1.66536e-006	1.46709e-007	137.817	288
0	0	1.62259e-006	1.42111e-007	140.506	290
0	0	1.54861e-006	1.38856e-007	143.235	292
0	0	1.51909e-006	1.33277e-007	145.952	294
0	0	1.35685e-006	1.32192e-007	148.759	296
0	0	1.30884e-006	1.31202e-007	151.549	298
0	0	1.30565e-006	1.26141e-007	154.551	300
0	0	1.31957e-006	1.24551e-007	157.433	302
0	0	1.30172e-006	1.19553e-007	160.414	304
0	0	1.24897e-006	1.16754e-007	163.423	306
0	0	1.2423e-006	1.13131e-007	166.492	308
0	0	1.23354e-006	1.12006e-007	169.727	310
0	0	1.21538e-006	1.10006e-007	172.888	312
0	0	1.19534e-006	1.04968e-007	176.098	314
0	0	1.1767e-006	9.99132e-008	179.361	316
0	0	1.12688e-006	9.57656e-008	182.642	318
0	0	1.05871e-006	9.63854e-008	186.137	320
0	0	1.03819e-006	9.53859e-008	189.478	322
0	0	9.84379e-007	9.60571e-008	192.898	324
0	0	9.69219e-007	9.61867e-008	196.373	326
0	0	9.21361e-007	9.34418e-008	199.914	328
0	0	9.20818e-007	8.96694e-008	203.628	330
0	0	9.01358e-007	8.84764e-008	207.282	332
0	0	1.08345e-006	8.87448e-008	210.985	334
0	0	8.79993e-007	8.47078e-008	214.708	336
0	0	8.74839e-007	8.44835e-008	218.765	338
0	0	8.56723e-007	8.1444e-008	222.602	340
0	0	8.51066e-007	8.09855e-008	226.477	342
0	0	8.49105e-007	7.77094e-008	230.347	344
0	0	1.02242e-006	7.77149e-008	234.471	346
0	0	7.98191e-007	7.68919e-008	238.52	348
0	0	7.77112e-007	7.56134e-008	242.675	350
0	0	7.62917e-007	7.47749e-008	246.946	352
0	0	7.61897e-007	7.09348e-008	251.324	354
0	0	1.62799e-006	7.29404e-008	255.716	356
0	0	1.39203e-006	7.25401e-008	260.057	358
0	0	7.40727e-007	6.6861e-008	264.529	360
0	0	8.41027e-007	6.74976e-008	269.089	362
0	0	7.38119e-007	6.60458e-008	273.571	364
0	0	7.33655e-007	6.47632e-008	278.068	366
0	0	8.42135e-007	6.54238e-008	282.8	368
0	0	6.86614e-007	6.37667e-008	287.528	370
0	0	6.65222e-007	6.42222e-008	292.362	372
0	0	6.61146e-007	6.52794e-008	297.343	374
0	0	6.5997e-007	6.36554e-008	302.238	376
0	0	6.52943e-007	6.13372e-008	307.222	378
0	0	8.15545e-007	6.11878e-008	312.241	380
0	0	6.35967e-007	5.7154e-008	317.429	382
0	0	6.33111e-007	5.4248e-008	322.541	384
0	0	6.20745e-007	5.39932e-008	327.781	386
0	0	6.20337e-007	5.18709e-008	333.385	388
0	0	9.44308e-007	5.43153e-008	338.739	390
0	0	6.21345e-007	5.24106e-008	344.168	392
0	0	6.12737e-007	5.15047e-008	349.754	394
0	0	5.90929e-007	4.8892e-008	355.284	396
0	0	5.85509e-007	4.91435e-008	360.993	398
0	0	5.77868e-007	4.68562e-008	366.816	400
0	0	5.66417e-007	4.61463e-008	372.567	402
0	0	5.30379e-007	4.51751e-008	378.524	404
0	0	5.10523e-007	4.5228e-008	384.451	406
0	0	4.5454e-007	4.36509e-008	390.439	408
0	0	5.33424e-007	4.32792e-008	396.592	410
0	0	4.78788e-007	4.20236e-008	402.603	412
0	0	4.41846e-007	4.0518e-008	408.836	414
0	0	4.71344e-007	4.0033e-008	415.157	416
0	0	4.29754e-007	3.95246e-008	421.53	418
0	0	4.27457e-007	3.86864e-008	428.124	420
0	0	4.20147e-007	3.78309e-008	434.531	422
0	0	6.76341e-007	3.88887e-008	441.118	424
0	0	4.08817e-007	3.6574e-008	447.894	426
0	0	4.03963e-007	3.5725e-008	454.681	428
0	0	3.90152e-007	3.50322e-008	461.51	430
0	0	3.87987e-007	3.37993e-008	468.36	432
0	0	3.84992e-007	3.26423e-008	475.475	434
0	0	3.72374e-007	3.09776e-008	482.696	436
0	0	3.65721e-007	2.83292e-008	490.535	438
0	0	3.51385e-007	2.71657e-008	498.091	440
0	0	3.38236e-007	2.66575e-008	505.773	442
0	0	3.35588e-007	2.65313e-008	513.226	444
0	0	3.31072e-007	2.59912e-008	521.016	446
0	0	3.27554e-007	2.55624e-008	528.811	448
0	0	3.15132e-007	2.52698e-008	536.764	450
0	0	3.05053e-007	2.46734e-008	548.021	452
0	0	3.02825e-007	2.45159e-008	563.012	454
0	0	2.9473e-007	2.37932e-008	574.779	456
0	0	3.66758e-007	2.369e-008	584.927	458
0	0	2.93143e-007	2.34934e-008	594.43	460
0	0	2.78383e-007	2.24481e-008	603.863	462
0	0	2.7362e-007	2.18005e-008	613.839	464
0	0	2.73513e-007	2.10517e-008	624.668	466
0	0	3.33781e-007	2.1412e-008	635.623	468
0	0	2.70158e-007	2.04706e-008	648.237	470
0	0	2.67978e-007	1.92192e-008	659.579	472
0	0	2.67688e-007	1.84719e-008	670.077	474
0	0	2.62988e-007	1.76228e-008	679.226	476
0	0	2.96345e-007	1.76014e-008	688.603	478
0	0	2.54908e-007	1.72257e-008	697.732	480
0	0	2.44868e-007	1.69595e-008	706.925	482
0	0	2.35504e-007	1.64333e-008	716.342	484
0	0	2.30988e-007	1.61648e-008	726.357	486
0	0	2.18093e-007	1.50634e-008	737.86	488
0	0	2.13186e-007	1.42653e-008	747.828	490
0	0	1.99933e-007	1.4134e-008	757.838	492
