step	level	max error	mean error	time
0	0	1.01628	0.175551	2.822	2
0	0	5.06559	0.0284543	5.72103	4
0	0	0.915991	0.0198477	8.67003	6
0	0	0.900818	0.019881	11.642	8
0	0	0.844771	0.0202862	14.625	10
0	0	0.883189	0.0202831	17.693	12
0	0	0.660179	0.0193938	20.56	14
0	0	0.688267	0.019747	23.453	16
0	0	0.835732	0.0195336	26.424	18
0	0	0.508506	0.0192307	29.421	20
0	0	0.319707	0.019054	32.558	22
0	0	0.20133	0.0188732	35.741	24
0	0	0.333817	0.0189237	39.209	26
0	0	0.170901	0.0187271	42.6982	28
0	0	0.161847	0.0186698	46.0672	30
0	0	0.168712	0.0185983	49.3992	32
0	0	0.364225	0.0153874	52.8142	34
0	0	0.216158	0.0148887	56.2392	36
0	0	0.163852	0.01444	59.7312	38
0	0	0.115252	0.0144034	63.2112	40
0	0	0.130734	0.0127415	66.9862	42
0	0	0.102927	0.0127276	70.7252	44
0	0	0.12086	0.0105256	74.5952	46
0	0	0.145645	0.00910437	78.3272	48
0	0	0.135467	0.00895375	82.1372	50
0	0	0.10738	0.00887253	86.0242	52
0	0	0.101471	0.00495306	89.8582	54
0	0	0.0828302	0.0048486	93.8562	56
0	0	0.205586	0.00163506	97.9652	58
0	0	0.0580143	0.00153678	102.065	60
0	0	0.0618296	0.00153469	106.184	62
0	0	0.040899	0.00152192	110.337	64
0	0	0.0372893	0.00151536	114.603	66
0	0	0.0361792	0.00150849	119.206	68
0	0	0.0342762	0.00150511	124.118	70
0	0	0.0327858	0.00150197	129.032	72
0	0	0.0286093	0.00144129	134.383	74
0	0	0.0355569	0.00144063	139.178	76
0	0	0.0322437	0.00143548	144.549	78
0	0	0.0348403	0.00143296	149.444	80
0	0	0.0244456	0.00142973	154.423	82
0	0	0.0246875	0.00139129	159.365	84
0	0	0.0271925	0.00139306	164.094	86
0	0	0.0192017	0.00139117	168.902	88
0	0	0.0217126	0.00138423	173.785	90
0	0	0.0225237	0.00082855	178.702	92
0	0	0.0197505	0.000826177	183.665	94
0	0	0.0144816	0.000825596	188.734	96
0	0	0.0153482	0.000823944	193.812	98
0	0	0.0144589	0.000821167	199.012	100
0	0	0.0151224	0.000820346	204.245	102
0	0	0.0137089	0.000817597	209.5	104
0	0	0.0160262	0.000817323	214.858	106
0	0	0.0122098	0.000770495	220.31	108
0	0	0.0112684	0.000769799	225.705	110
0	0	0.0123572	0.00076882	231.183	112
0	0	0.0110402	0.000767859	236.799	114
0	0	0.0104492	0.000766276	242.434	116
0	0	0.0134857	0.000766401	248.188	118
0	0	0.00961361	0.000765411	253.823	120
0	0	0.00921773	0.00076505	259.504	122
0	0	0.00900102	0.000774464	265.253	124
0	0	0.00949866	0.000766731	271.026	126
0	0	0.00915287	0.000629076	277.126	128
0	0	0.00746843	0.000628279	283.483	130
0	0	0.00689085	0.00062799	289.728	132
0	0	0.00691625	0.000627555	295.8	134
0	0	0.00576638	0.000519113	301.978	136
0	0	0.00654845	0.000462128	308.235	138
0	0	0.0064071	0.000390756	314.542	140
0	0	0.00567865	0.000440102	320.868	142
0	0	0.00491388	0.000439795	327.198	144
0	0	0.0048654	0.00043925	333.618	146
0	0	0.00597515	0.000439503	339.978	148
0	0	0.00457284	0.000338673	346.483	150
0	0	0.00438177	0.000303306	353.127	152
0	0	0.00433827	0.00030294	359.736	154
0	0	0.00657662	0.00029147	366.429	156
0	0	0.00460472	0.000267813	373.254	158
0	0	0.00466706	0.000267955	380.125	160
0	0	0.00406107	0.000267563	386.971	162
0	0	0.003721	0.00026609	393.968	164
0	0	0.00355167	0.000266602	401.112	166
0	0	0.00336512	0.000254808	408.235	168
0	0	0.00328185	0.00025452	415.376	170
0	0	0.00322457	0.000254357	422.45	172
0	0	0.00308556	0.000254086	429.69	174
0	0	0.00322515	0.000195403	437.016	176
0	0	0.00298592	0.000195183	444.373	178
0	0	0.00355649	0.000194921	451.654	180
0	0	0.00293596	0.000194118	459.136	182
0	0	0.00289366	0.000193875	466.527	184
0	0	0.00277882	0.000193728	474.04	186
0	0	0.0027474	0.000193574	481.729	188
0	0	0.00266772	0.00019335	489.399	190
0	0	0.00263851	0.000193123	497.205	192
0	0	0.00272249	0.000193366	504.836	194
0	0	0.00261196	0.000174167	512.647	196
0	0	0.00258782	0.000174099	520.572	198
0	0	0.00256325	0.000160409	528.58	200
0	0	0.00245242	0.000136835	537.09	202
0	0	0.00241693	0.000136697	545.561	204
0	0	0.00236623	0.000136608	554.175	206
0	0	0.00211107	0.000136122	562.703	208
0	0	0.00189665	0.000135527	571.31	210
0	0	0.00184922	0.000135531	580.045	212
0	0	0.00191328	0.000135102	589.026	214
0	0	0.00156027	0.000134927	597.549	216
0	0	0.0019159	0.000110318	606.095	218
0	0	0.00151967	0.000113429	614.572	220
0	0	0.00150291	0.000113392	623.146	222
0	0	0.00150329	0.00011332	631.872	224
0	0	0.00147078	0.000103679	640.563	226
0	0	0.00143117	0.000103648	649.262	228
0	0	0.00221079	0.000106303	658.084	230
0	0	0.00150813	0.00010438	668.198	232
0	0	0.00142049	0.000103975	677.08	234
0	0	0.00134924	9.93737e-005	685.9	236
0	0	0.00127575	9.51931e-005	695.074	238
0	0	0.00121976	9.48266e-005	704.208	240
0	0	0.00119735	9.48224e-005	713.22	242
0	0	0.00127422	9.47021e-005	722.281	244
0	0	0.00117026	9.46243e-005	731.678	246
0	0	0.00116297	9.45442e-005	741.012	248
0	0	0.0014803	9.47015e-005	750.378	250
0	0	0.0011657	9.43938e-005	759.678	252
0	0	0.00113236	0.000101557	769.148	254
0	0	0.00109111	8.91157e-005	778.711	256
0	0	0.00108155	9.06293e-005	788.29	258
0	0	0.00107682	9.00853e-005	797.976	260
0	0	0.00101388	8.99934e-005	807.646	262
0	0	0.00100804	8.93357e-005	817.464	264
0	0	0.00100255	8.37376e-005	827.411	266
0	0	0.000950789	8.10597e-005	837.419	268
