step	level	max error	mean error	time
0	0	1.01628	0.175569	2.89597	2
0	0	5.06559	0.0284601	5.52398	4
0	0	0.915991	0.0198539	8.17893	6
0	0	0.900818	0.0198892	10.8789	8
0	0	0.844771	0.0202967	13.6889	10
0	0	0.883189	0.0202957	16.5339	12
0	0	0.660179	0.0194079	19.358	14
0	0	0.688267	0.0197634	22.2379	16
0	0	0.835732	0.0195517	25.176	18
0	0	0.508506	0.0192506	28.1739	20
0	1	0.627582	0.150452	28.2869	2
0	1	0.572261	0.0165803	28.429	4
0	1	0.37904	0.038151	28.621	6
0	1	0.393032	0.0876554	28.849	8
0	1	0.487118	0.0250131	29.1429	10
0	1	0.38428	0.0211791	29.5319	12
0	1	0.25696	0.0236703	29.972	14
0	1	0.310273	0.0229852	30.432	16
0	1	0.177644	0.0247731	30.9349	18
0	2	0.222834	0.0294259	31.047	2
0	2	0.346838	0.0784216	31.1779	4
0	2	0.296826	0.0368732	31.3759	6
0	2	1.4025	0.0181888	31.615	8
0	2	0.54587	0.0164336	31.926	10
0	2	0.352725	0.0162406	32.2559	12
0	2	0.348495	0.0160086	32.6549	14
0	2	0.391911	0.0158335	33.1009	16
0	2	0.278048	0.0157945	33.609	18
0	2	0.220186	0.0156542	34.1499	20
0	2	0.954792	0.0140975	34.755	22
0	2	0.428848	0.0128297	35.412	24
0	2	0.263342	0.0112883	36.0989	26
0	2	0.203343	0.0113208	36.8439	28
0	2	0.147114	0.0110069	37.644	30
0	2	0.121595	0.0109257	38.4769	32
0	2	0.109712	0.0108179	39.392	34
0	2	0.247169	0.00996717	40.3359	36
0	2	0.154033	0.0102765	41.3559	38
0	2	0.181014	0.012474	42.396	40
0	2	0.17448	0.0124482	43.5029	42
0	2	0.159179	0.00839519	44.648	44
0	2	0.146081	0.00834578	45.9739	46
0	2	0.124204	0.0083326	47.238	48
0	2	0.12069	0.00831102	48.5359	50
0	2	0.0838526	0.00826449	49.901	52
0	3	0.123609	0.0207701	50	2
0	3	0.820455	0.0128408	50.15	4
0	3	0.326721	0.0138226	50.3399	6
0	3	0.74039	0.0208027	50.5899	8
0	3	0.216064	0.0177891	50.8749	10
0	3	0.266022	0.0203115	51.2199	12
0	3	0.186021	0.0180236	51.6209	14
0	3	0.136493	0.0172186	52.0599	16
0	3	0.259443	0.0295529	52.5589	18
0	3	0.198945	0.029292	53.112	20
0	3	0.2021	0.00673181	53.6999	22
0	3	0.15531	0.00670083	54.361	24
0	3	0.123837	0.00660851	55.0579	26
0	3	0.110426	0.00657808	55.8159	28
0	3	0.0987191	0.00656101	56.602	30
0	3	0.102057	0.00651219	57.4509	32
0	3	0.0811246	0.00648161	58.335	34
0	3	0.112918	0.00707148	59.2769	36
0	3	0.0788181	0.00677486	60.2859	38
0	3	0.152004	0.00832838	61.3899	40
0	3	0.103231	0.00684627	62.5669	42
0	3	0.0884369	0.00312403	63.747	44
0	3	0.0830331	0.00310887	64.9729	46
0	3	0.0681573	0.00307243	66.2269	48
0	3	0.0724778	0.00569613	67.555	50
0	3	0.0774577	0.00440067	68.9249	52
0	3	0.0753246	0.00438318	70.3329	54
0	3	0.0681473	0.00430354	71.788	56
0	3	0.058235	0.00429367	73.297	58
0	3	0.0619182	0.00186235	74.8759	60
0	3	0.0592249	0.00186302	76.4839	62
0	3	0.0433523	0.00185386	78.283	64
0	3	0.0316964	0.00184557	80.016	66
0	4	0.0571725	0.00836247	80.1299	2
0	4	0.147654	0.00957379	80.2649	4
0	4	0.125623	0.00898786	80.4599	6
0	4	0.088853	0.00877094	80.6959	8
0	4	0.0751484	0.00901117	81.0079	10
0	4	0.0980076	0.00891769	81.3559	12
0	4	0.0659441	0.00897855	81.7559	14
0	4	0.0545465	0.00892121	82.203	16
0	4	0.0681386	0.00466019	82.6979	18
0	4	0.056021	0.00471211	83.2369	20
0	4	0.163335	0.0031819	83.836	22
0	4	0.108836	0.00308346	84.483	24
0	4	0.0887567	0.00306285	85.1799	26
0	4	0.06375	0.00296883	85.9089	28
0	4	0.0476299	0.00335092	86.711	30
0	4	0.0476698	0.0033946	87.5349	32
0	4	0.0415473	0.00338238	88.4429	34
0	4	0.044081	0.00337843	89.3899	36
0	4	0.0356736	0.00337688	90.4259	38
0	4	0.0455829	0.00337984	91.5029	40
0	4	0.034853	0.0035637	92.6079	42
0	4	0.03222	0.00354162	93.8509	44
0	4	0.03422	0.00326749	95.0589	46
0	4	0.0335205	0.0032688	96.313	48
0	4	0.0398049	0.00364174	97.622	50
0	4	0.03689	0.00363053	98.99	52
0	4	0.0348576	0.00307774	100.402	54
0	4	0.0463433	0.00339024	101.867	56
0	4	0.0301166	0.00235768	103.384	58
0	4	0.0260327	0.00235013	104.944	60
0	4	0.0235806	0.00234606	106.538	62
0	4	0.0266735	0.00158804	108.206	64
0	4	0.0241881	0.00147605	110.038	66
0	4	0.026499	0.000825831	111.83	68
0	4	0.0241332	0.000828782	113.653	70
0	4	0.0202664	0.00082745	115.523	72
0	4	0.0249329	0.00082795	117.531	74
0	4	0.0195281	0.000817893	119.757	76
0	4	0.0191124	0.000816537	122.001	78
0	4	0.0191052	0.000815022	124.299	80
0	4	0.0186062	0.000814629	126.967	82
0	4	0.0181346	0.000813537	129.329	84
0	4	0.0197529	0.00081354	131.718	86
0	4	0.0216795	0.000902325	134.04	88
0	4	0.014152	0.000934762	136.453	90
0	5	0.0309513	0.0018471	136.567	2
0	5	0.0279782	0.00103147	136.707	4
0	5	0.0377383	0.00615537	136.932	6
0	5	0.0310544	0.00143828	137.199	8
0	5	0.0245964	0.00122168	137.52	10
0	5	0.0266876	0.00146085	137.866	12
0	5	0.0235075	0.00178913	138.281	14
0	5	0.0226421	0.000993348	138.749	16
0	5	0.0420647	0.00185271	139.272	18
0	5	0.0315661	0.00416548	139.835	20
0	5	0.0224278	0.00407041	140.452	22
0	5	0.0219897	0.00298016	141.108	24
0	5	0.0239583	0.0026768	141.918	26
0	5	0.0207524	0.00268265	142.678	28
0	5	0.0253571	0.0027076	143.463	30
0	5	0.065753	0.00580633	144.367	32
0	5	0.0385601	0.00308547	145.357	34
0	5	0.0376099	0.0028612	146.377	36
0	5	0.0283178	0.00280909	147.418	38
0	5	0.0429758	0.00292234	148.503	40
0	5	0.0418742	0.00283207	149.611	42
0	5	0.0285376	0.00282543	150.764	44
0	5	0.0347959	0.00282406	151.973	46
0	5	0.0298765	0.00289169	153.229	48
0	5	0.0303337	0.00225686	154.551	50
0	5	0.0326282	0.00225599	155.981	52
0	5	0.020195	0.00225536	157.474	54
0	5	0.0285656	0.00190601	159.087	56
0	5	0.0185952	0.00189931	160.839	58
0	5	0.0176336	0.00189785	162.445	60
0	5	0.0224885	0.00181499	164.168	62
0	5	0.0195604	0.00181093	165.831	64
0	5	0.0208529	0.00137664	167.571	66
0	5	0.0156872	0.00137577	169.329	68
0	5	0.0147565	0.00137337	171.187	70
0	5	0.0134791	0.000756879	173.19	72
0	5	0.0110414	0.000756319	175.255	74
0	5	0.0132916	0.000756742	177.26	76
0	5	0.0145722	0.000755175	179.296	78
0	5	0.0102215	0.000752719	181.406	80
0	5	0.0125269	0.000752778	183.554	82
0	5	0.00974245	0.000751868	185.783	84
0	5	0.0119044	0.000840173	188.058	86
0	5	0.0110695	0.000840094	190.519	88
0	5	0.0103792	0.000838358	192.911	90
0	5	0.00890964	0.0008371	195.332	92
0	5	0.0095451	0.000797173	197.789	94
0	5	0.00841262	0.000796719	200.301	96
0	5	0.0102593	0.00079668	202.913	98
0	5	0.00816846	0.000796146	205.615	100
0	5	0.00800341	0.00079639	208.372	102
0	5	0.00827374	0.000796323	211.156	104
0	5	0.00694731	0.000795519	213.984	106
0	6	0.014075	0.00230558	214.097	2
0	6	0.100906	0.00382268	214.266	4
0	6	0.0398479	0.00347482	214.486	6
0	6	0.0973695	0.00351868	214.755	8
0	6	0.0293158	0.00321671	215.102	10
0	6	0.0308611	0.00299439	215.45	12
0	6	0.0195318	0.00287501	215.853	14
0	6	0.0247265	0.00111476	216.422	16
0	6	0.0308568	0.0010479	217.055	18
0	6	0.0400264	0.00102749	217.752	20
0	6	0.0193684	0.00101065	218.569	22
0	6	0.0172362	0.00100722	219.383	24
0	6	0.0150099	0.00100543	220.262	26
0	6	0.0147565	0.00100969	221.227	28
0	6	0.015062	0.00100701	222.259	30
0	6	0.0140475	0.00100745	223.343	32
0	6	0.0122196	0.0010056	224.487	34
0	6	0.0106931	0.00100482	225.702	36
0	6	0.0142735	0.00153526	226.991	38
0	6	0.0264434	0.00240834	228.328	40
0	6	0.0183959	0.00221064	229.737	42
0	6	0.0214036	0.00130397	231.229	44
0	6	0.0159538	0.00129454	232.769	46
0	6	0.0148833	0.00134293	234.346	48
0	6	0.0131854	0.00101885	235.906	50
0	6	0.0113162	0.0010143	237.565	52
0	6	0.0262124	0.000762108	239.348	54
0	6	0.0154377	0.000753159	241.042	56
0	6	0.0243907	0.000755921	242.721	58
0	6	0.0146116	0.000755028	244.464	60
0	6	0.0113207	0.000751029	246.292	62
0	6	0.0103281	0.000749539	248.147	64
0	6	0.00898698	0.000747394	249.916	66
0	6	0.0120804	0.000746415	251.868	68
0	6	0.0112976	0.000746323	254.078	70
0	6	0.00824258	0.000767646	256.101	72
0	6	0.00712126	0.000767269	258.061	74
0	6	0.00702915	0.00065302	260.141	76
0	6	0.0102944	0.000652965	262.325	78
0	6	0.00677512	0.000652708	264.434	80
0	6	0.00649513	0.00065261	266.82	82
0	6	0.00633775	0.00065208	269.042	84
0	6	0.00629163	0.000652408	271.451	86
0	6	0.00699976	0.000651496	273.814	88
0	6	0.00726526	0.000651655	276.293	90
0	6	0.00651401	0.00065115	278.877	92
0	6	0.00737466	0.000764365	281.699	94
0	6	0.00841193	0.000461624	284.328	96
0	6	0.00737148	0.000460286	287.159	98
0	6	0.00842279	0.000575818	290.037	100
0	6	0.0105103	0.000421579	292.809	102
0	6	0.00873509	0.000418515	295.648	104
0	6	0.0060471	0.00041819	298.54	106
0	6	0.00610754	0.000417557	301.55	108
0	6	0.00614275	0.000417386	304.652	110
0	6	0.00559925	0.000417294	307.715	112
0	6	0.00531253	0.000416831	310.847	114
0	6	0.00583046	0.000416539	314.008	116
0	6	0.0062358	0.000416718	317.3	118
0	6	0.00513855	0.000416462	320.696	120
0	6	0.00518918	0.000415552	324.078	122
0	6	0.00513054	0.000415376	327.541	124
0	6	0.00399983	0.000415274	331.033	126
