step	level	max error	time	nr. of control nodes
0	0	0.00367852	512	2
0	0	0.0059649	927	4
0	0	0.00413069	1345	6
0	0	0.00453297	1765	8
0	0	0.00519181	2190	10
0	0	0.00161768	2623	12
0	0	0.00180795	3057	14
0	0	0.00187078	3502	16
0	0	0.00204364	3957	18
0	0	0.00131022	4417	20
0	0	0.00181418	4881	22
0	0	0.000947978	5411	24
0	0	0.000907942	5923	26
0	0	0.000826408	6453	28
0	0	0.000599309	6958	30
0	0	0.00065951	7529	32
0	0	0.000801931	8069	34
0	0	0.000578088	8630	36
0	0	0.0007269	9204	38
0	0	0.000584045	9795	40
0	0	0.000536612	10404	42
0	0	0.00047933	11060	44
0	0	0.000465387	11803	46
0	0	0.000480383	12557	48
0	0	0.000505585	13288	50
0	0	0.000469652	14028	52
0	0	0.000451502	14803	54
0	0	0.000446607	15618	56
0	0	0.000447628	16452	58
0	0	0.000492585	17296	60
0	0	0.000590358	18182	62
0	0	0.000523175	19064	64
0	0	0.00048265	19995	66
0	0	0.000439619	20850	68
0	0	0.000375755	21711	70
0	0	0.000383622	22745	72
0	0	0.000360186	24127	74
0	0	0.000418532	25437	76
0	0	0.000341325	26700	78
0	0	0.000358964	28051	80
0	0	0.00032276	29304	82
0	0	0.000433004	30622	84
0	0	0.000310861	31928	86
0	0	0.00029942	33561	88
0	0	0.000315212	34922	90
0	0	0.44814	36166	92
0	0	0.000311228	37405	94
0	0	0.000297667	38682	96
0	0	0.000273085	40067	98
0	0	0.000262787	41433	100
0	0	0.00025555	42871	102
0	0	0.000253475	44271	104
0	0	0.000268869	45703	106
0	0	0.000241906	47348	108
0	0	0.000239265	49162	110
0	0	0.000225149	50859	112
0	0	0.000212823	52488	114
0	0	0.000205278	54150	116
0	0	0.000211131	55880	118
0	0	0.000204058	57598	120
0	0	0.00021384	59470	122
0	0	0.000198972	61369	124
0	0	0.000198467	63259	126
0	0	0.000193073	65274	128
0	0	0.000199952	67264	130
0	0	0.000197351	69309	132
0	0	0.000178952	71504	134
0	0	0.00019015	73771	136
0	0	0.000198616	76115	138
0	0	0.00017445	78533	140
0	0	0.00019515	80994	142
0	0	0.000192777	83727	144
0	0	0.000173261	86436	146
0	0	0.000240511	89249	148
0	0	0.00020635	92113	150
0	0	0.000185967	95115	152
0	0	0.000170186	98105	154
0	0	0.000144987	101128	156
0	0	0.000186484	104490	158
0	0	0.000143319	107817	160
0	0	0.000140701	111054	162
0	0	0.000160821	114451	164
0	0	0.000151574	117948	166
0	0	0.000174118	121509	168
0	0	0.00014133	125205	170
0	0	0.000149335	128881	172
0	0	0.000190222	132682	174
0	0	0.000136796	136630	176
0	0	0.000134286	140852	178
0	0	0.000129642	145371	180
0	0	0.000150563	149838	182
0	0	0.000136304	154204	184
0	0	0.000127001	158665	186
0	0	0.00013722	163295	188
0	0	0.000124155	168039	190
0	0	0.000126138	172923	192
0	0	0.000123244	177812	194
0	0	0.000123216	182919	196
0	0	0.000122333	188209	198
0	0	0.000117198	193710	200
0	0	0.000138877	199298	202
0	0	0.000113576	204903	204
0	0	0.000110819	210732	206
0	0	0.000108129	216688	208
0	0	0.000106735	222834	210
0	0	0.000123144	229439	212
0	0	0.000101747	236541	214
0	0	0.000141804	244108	216
0	0	0.000112055	251016	218
0	0	0.000100604	258441	220
0	0	0.000100258	266034	222
0	0	9.92661e-005	273848	224
0	0	0.000148038	282655	226
0	0	0.000108588	293158	228
0	0	9.86397e-005	305453	230
0	0	9.40238e-005	314893	232
0	0	9.44049e-005	324097	234
0	0	0.00010364	333266	236
0	0	9.42533e-005	342401	238
0	0	9.12436e-005	352007	240
0	0	0.00013016	362623	242
0	0	8.99614e-005	374617	244
0	0	8.53611e-005	387025	246
0	0	9.43157e-005	398871	248
0	0	8.9992e-005	410192	250
0	0	7.98458e-005	421486	252
0	0	9.34461e-005	432662	254
0	0	7.88793e-005	444708	256
0	0	8.60091e-005	456530	258
0	0	7.67248e-005	468898	260
0	0	7.50833e-005	480735	262
0	0	0.000108801	492571	264
0	0	9.2052e-005	504449	266
0	0	7.38107e-005	516644	268
0	0	8.86578e-005	529462	270
0	0	7.16667e-005	544119	272
0	0	7.15572e-005	558358	274
0	0	6.95907e-005	571890	276
0	0	6.86244e-005	585507	278
0	0	6.83716e-005	599217	280
0	0	8.75829e-005	613351	282
0	0	6.67037e-005	627702	284
0	0	6.55335e-005	642248	286
0	0	8.0475e-005	657026	288
0	0	7.32441e-005	672348	290
0	0	6.51452e-005	687819	292
0	0	9.28688e-005	703864	294
0	0	5.97358e-005	718725	296
0	0	5.88894e-005	733759	298
0	0	5.76389e-005	749005	300
0	0	5.72932e-005	764811	302
0	0	7.31934e-005	780759	304
0	0	5.63003e-005	796877	306
0	0	5.37629e-005	813302	308
0	0	5.30365e-005	830052	310
0	0	5.24796e-005	847212	312
0	0	5.16183e-005	864468	314
0	0	7.81847e-005	881857	316
0	0	6.93636e-005	899547	318
0	0	5.49014e-005	917580	320
0	0	6.20456e-005	936461	322
0	0	5.21364e-005	955398	324
0	0	5.81748e-005	974712	326
0	0	5.74123e-005	994400	328
0	0	5.018e-005	1.01436e+006	330
0	0	5.31515e-005	1.03461e+006	332
0	0	5.00127e-005	1.05531e+006	334
0	0	5.16975e-005	1.07648e+006	336
0	0	4.73861e-005	1.0976e+006	338
0	0	5.15659e-005	1.11886e+006	340
0	0	5.00401e-005	1.14037e+006	342
0	0	5.54382e-005	1.16234e+006	344
0	0	4.88285e-005	1.18466e+006	346
0	0	4.8745e-005	1.20741e+006	348
0	0	4.73926e-005	1.23055e+006	350
0	0	6.53339e-005	1.25402e+006	352
0	0	4.72429e-005	1.27804e+006	354
0	0	4.66576e-005	1.30239e+006	356
0	0	6.39551e-005	1.32916e+006	358
0	0	4.50611e-005	1.35474e+006	360
0	0	4.72273e-005	1.38076e+006	362
0	0	4.50573e-005	1.40707e+006	364
0	0	4.51946e-005	1.43395e+006	366
0	0	4.1825e-005	1.46148e+006	368
0	0	4.23461e-005	1.48928e+006	370
0	0	4.16335e-005	1.51745e+006	372
0	0	4.16686e-005	1.54666e+006	374
0	0	4.13376e-005	1.57776e+006	376
0	0	4.01555e-005	1.60864e+006	378
0	0	3.89792e-005	1.64209e+006	380
0	0	4.64845e-005	1.67499e+006	382
0	0	4.27407e-005	1.70852e+006	384
0	0	6.21956e-005	1.74625e+006	386
0	0	5.5269e-005	1.7842e+006	388
0	0	3.86953e-005	1.82052e+006	390
0	0	3.74815e-005	1.86053e+006	392
0	0	3.6412e-005	1.90534e+006	394
0	0	3.58223e-005	1.94594e+006	396
0	0	3.5631e-005	1.98768e+006	398
0	0	3.54978e-005	2.02778e+006	400
0	0	3.57592e-005	2.06687e+006	402
0	0	3.49735e-005	2.10975e+006	404
0	0	3.49473e-005	2.15849e+006	406
0	0	3.55177e-005	2.20273e+006	408
0	0	3.42406e-005	2.24754e+006	410
0	0	3.40486e-005	2.28949e+006	412
0	0	3.60262e-005	2.33025e+006	414
0	0	3.53306e-005	2.37144e+006	416
0	0	3.36858e-005	2.41315e+006	418
0	0	3.33152e-005	2.45543e+006	420
0	0	4.01592e-005	2.49825e+006	422
0	0	3.40002e-005	2.54017e+006	424
0	0	3.30678e-005	2.58434e+006	426
0	0	3.19994e-005	2.62982e+006	428
0	0	3.1827e-005	2.67797e+006	430
0	0	3.06146e-005	2.72797e+006	432
0	0	3.05785e-005	2.77623e+006	434
0	0	3.06825e-005	2.82205e+006	436
0	0	3.01476e-005	2.86828e+006	438
0	0	2.98558e-005	2.91515e+006	440
0	0	2.97921e-005	2.9628e+006	442
0	0	2.9476e-005	3.01165e+006	444
0	0	2.87349e-005	3.0591e+006	446
0	0	3.04277e-005	3.10635e+006	448
0	0	3.99667e-005	3.15374e+006	450
0	0	2.91666e-005	3.20162e+006	452
0	0	2.81893e-005	3.25006e+006	454
0	0	2.93556e-005	3.30017e+006	456
0	0	2.80634e-005	3.35004e+006	458
0	0	2.76805e-005	3.40062e+006	460
0	0	2.74918e-005	3.45168e+006	462
0	0	3.19024e-005	3.50324e+006	464
0	0	2.85634e-005	3.5556e+006	466
0	0	3.26565e-005	3.60858e+006	468
0	0	2.75753e-005	3.66194e+006	470
0	0	3.06681e-005	3.7161e+006	472
0	0	2.86109e-005	3.77108e+006	474
0	0	2.74783e-005	3.8267e+006	476
0	0	3.26511e-005	3.88308e+006	478
0	0	2.96515e-005	3.94021e+006	480
0	0	2.71204e-005	3.99816e+006	482
0	0	2.62432e-005	4.05663e+006	484
0	0	2.58089e-005	4.11574e+006	486
0	0	2.53013e-005	4.17572e+006	488
0	0	3.43174e-005	4.23701e+006	490
0	0	2.5204e-005	4.29884e+006	492
0	0	2.51836e-005	4.36122e+006	494
0	0	2.90274e-005	4.42441e+006	496
0	0	2.51927e-005	4.4884e+006	498
0	0	2.50871e-005	4.55301e+006	500
0	0	2.73599e-005	4.61863e+006	502
0	0	2.48694e-005	4.68465e+006	504
0	0	0.186872	4.75114e+006	506
0	0	3.32197e-005	4.81857e+006	508
0	0	2.40403e-005	4.89162e+006	510
0	0	2.58632e-005	4.96349e+006	512
0	0	2.52655e-005	5.03777e+006	514
0	0	2.39048e-005	5.11324e+006	516
0	0	2.40898e-005	5.19067e+006	518
0	0	2.36041e-005	5.26666e+006	520
0	0	2.35046e-005	5.34349e+006	522
0	0	2.55747e-005	5.42142e+006	524
0	0	2.32348e-005	5.49772e+006	526
0	0	2.27897e-005	5.57275e+006	528
0	0	2.50844e-005	5.64892e+006	530
0	0	2.23909e-005	5.72748e+006	532
0	0	3.04023e-005	5.80848e+006	534
0	0	2.46728e-005	5.88971e+006	536
0	0	2.22022e-005	5.97336e+006	538
0	0	2.44464e-005	6.05559e+006	540
0	0	2.17442e-005	6.13881e+006	542
0	0	2.5294e-005	6.22513e+006	544
0	0	2.16699e-005	6.31446e+006	546
0	0	2.25577e-005	6.40828e+006	548
