step	level	max error	mean error	time
0	0	0.00343945	0.000725533	0.05227
0	0	0.004443	0.00113554	0.109447
0	0	0.00540996	0.00104537	0.173073
0	0	0.00391885	0.00102072	0.240554
0	0	0.00204013	0.000463157	0.314833
0	0	0.00329837	0.000410786	0.394946
0	0	0.00274613	0.000445802	0.480488
0	0	0.00152066	0.000265103	0.572902
0	0	0.00165331	0.000176335	0.668906
0	0	0.0020138	0.000288947	0.770369
0	0	0.000893091	0.000147205	0.87696
0	0	0.00129185	0.00017107	0.991642
0	0	0.000925848	0.000129462	1.11392
0	0	0.000899343	0.000125263	1.25191
0	0	0.000501137	8.76478e-005	1.38266
0	0	0.000536064	7.3698e-005	1.52578
0	0	0.000536064	7.3698e-005	1.52674
0	1	0.00118033	0.000389254	1.53998
0	1	0.00100271	0.000231872	1.55574
0	1	0.00182389	0.000337613	1.57873
0	1	0.00113367	0.000286891	1.60515
0	1	0.000551473	0.00011314	1.63834
0	1	0.000577875	0.000125618	1.67729
0	1	0.000978871	0.000177341	1.7204
0	1	0.000677262	0.000108984	1.76994
0	1	0.000465306	8.79296e-005	1.8247
0	1	0.000411481	7.75795e-005	1.8841
0	1	0.000770659	0.000103688	1.9491
0	1	0.000439249	7.32857e-005	2.0225
0	1	0.000444633	6.37855e-005	2.10102
0	1	0.000429779	5.91771e-005	2.1832
0	1	0.00030781	4.70659e-005	2.27094
0	1	0.000281513	4.90723e-005	2.36494
0	1	0.000281513	4.90723e-005	2.36696
0	2	0.000492399	0.000142688	2.37699
0	2	0.000653059	0.000151549	2.39317
0	2	0.000539259	0.000113718	2.41408
0	2	0.000380346	9.11813e-005	2.44594
0	2	0.000434519	0.000109815	2.47796
0	2	0.000596731	0.000117834	2.51616
0	2	0.00045211	9.53803e-005	2.56307
0	2	0.00046526	8.55088e-005	2.613
0	2	0.000635425	8.18047e-005	2.66756
0	2	0.000349754	5.90288e-005	2.72662
0	2	0.000308035	4.49499e-005	2.79282
0	2	0.000355931	4.59472e-005	2.86228
0	2	0.000327613	3.63696e-005	2.94062
0	2	0.000291737	3.3462e-005	3.02125
0	2	0.000234199	3.29792e-005	3.11171
0	2	0.000236963	3.28653e-005	3.20527
0	2	0.000236963	3.28653e-005	3.20723
0	3	0.000449254	0.000122139	3.22053
0	3	0.000582607	0.000163054	3.23584
0	3	0.000392083	9.36003e-005	3.25784
0	3	0.000481216	9.39674e-005	3.28884
0	3	0.000355035	6.28455e-005	3.32109
0	3	0.000339192	6.58698e-005	3.35872
0	3	0.000443991	7.48047e-005	3.40386
0	3	0.000591268	6.51417e-005	3.4536
0	3	0.000217627	4.56417e-005	3.50784
0	3	0.000338777	5.17326e-005	3.56986
0	3	0.000200861	4.1322e-005	3.63989
0	3	0.000266715	4.22753e-005	3.72012
0	3	0.000245748	3.30963e-005	3.80609
0	3	0.000158111	2.87078e-005	3.8909
0	3	0.000158986	2.73096e-005	3.97987
0	3	0.000179825	2.67662e-005	4.07373
0	3	0.000179825	2.67662e-005	4.07522
0	4	0.000474769	0.000168574	4.08486
0	4	0.000501091	0.000123537	4.10175
0	4	0.0002804	8.19702e-005	4.1227
0	4	0.000290958	6.44656e-005	4.14972
0	4	0.000303382	6.56141e-005	4.18265
0	4	0.000175724	3.5629e-005	4.22325
0	4	0.000272	4.55354e-005	4.26651
0	4	0.000182923	3.83367e-005	4.3156
0	4	0.000325294	4.35463e-005	4.37341
0	4	0.000161982	3.0438e-005	4.43444
0	4	0.000150504	2.64384e-005	4.49982
0	4	0.000134237	2.40077e-005	4.57296
0	4	0.00012736	2.38827e-005	4.65195
0	4	0.000311298	2.7537e-005	4.73549
0	4	0.000169007	2.61212e-005	4.82512
0	4	0.000238448	3.15552e-005	4.92059
0	4	0.00018209	2.36176e-005	5.01984
0	4	0.000219381	2.30875e-005	5.12474
0	4	0.00016469	2.19712e-005	5.23922
0	4	0.000125079	2.05315e-005	5.35702
0	4	0.000121626	1.87541e-005	5.47893
0	4	0.000151224	2.04811e-005	5.60912
0	4	0.000131733	2.01018e-005	5.74572
0	4	0.000110231	1.62451e-005	5.89147
0	4	0.000102556	1.38276e-005	6.03746
0	4	8.66915e-005	1.24424e-005	6.19081
0	4	9.63843e-005	1.20904e-005	6.34442
0	4	6.20168e-005	1.0624e-005	6.50778
0	4	6.03152e-005	1.02262e-005	6.68196
0	4	4.7901e-005	9.7894e-006	6.85666
0	4	5.83263e-005	9.71488e-006	7.03986
0	4	4.7913e-005	8.20165e-006	7.22817
0	4	4.7913e-005	8.20165e-006	7.23013
0	5	0.000119207	3.6595e-005	7.23968
0	5	0.000161424	2.90791e-005	7.2564
0	5	0.000214879	4.13223e-005	7.27801
0	5	8.77743e-005	2.18286e-005	7.30506
0	5	0.000104728	2.40067e-005	7.33819
0	5	0.000137855	2.38144e-005	7.37734
0	5	7.94482e-005	1.83746e-005	7.42075
0	5	9.81591e-005	1.61085e-005	7.47013
0	5	7.68988e-005	1.52285e-005	7.52417
0	5	6.53837e-005	1.42177e-005	7.58493
0	5	6.26524e-005	1.28721e-005	7.65415
0	5	7.85608e-005	1.18987e-005	7.72581
0	5	5.10484e-005	1.07386e-005	7.80425
0	5	7.14451e-005	1.07566e-005	7.89186
0	5	7.38128e-005	1.07592e-005	7.98111
0	5	6.85935e-005	1.05896e-005	8.07565
0	5	0.000103296	1.26855e-005	8.17563
0	5	5.89507e-005	9.4573e-006	8.28425
0	5	7.89407e-005	9.26818e-006	8.39762
0	5	5.92049e-005	8.99941e-006	8.51764
0	5	5.29072e-005	8.02305e-006	8.64655
0	5	4.33051e-005	7.24867e-006	8.77917
0	5	3.78845e-005	6.16831e-006	8.91569
0	5	6.3581e-005	6.23551e-006	9.05739
0	5	4.22169e-005	6.27473e-006	9.20675
0	5	3.70842e-005	5.88019e-006	9.35882
0	5	3.56814e-005	5.80382e-006	9.52027
0	5	2.9814e-005	5.34058e-006	9.68318
0	5	2.80466e-005	5.03407e-006	9.86471
0	5	2.74547e-005	4.84938e-006	10.0672
0	5	2.83323e-005	4.80283e-006	10.2641
0	5	2.56036e-005	4.73207e-006	10.4766
0	5	2.56036e-005	4.73207e-006	10.4786
0	6	5.79502e-005	1.58465e-005	10.4889
0	6	7.47545e-005	1.503e-005	10.5069
0	6	0.000581097	0.000151232	10.5286
0	6	0.000282966	5.91326e-005	10.5591
0	6	0.000150133	2.63334e-005	10.5979
0	6	0.000341384	4.18084e-005	10.6376
0	6	9.05864e-005	1.41274e-005	10.6876
0	6	6.46183e-005	1.32495e-005	10.7387
0	6	5.0502e-005	1.02123e-005	10.7928
0	6	5.66156e-005	1.07381e-005	10.8545
0	6	4.311e-005	9.86713e-006	10.9209
0	6	5.35784e-005	1.00411e-005	10.9937
0	6	5.85108e-005	8.78716e-006	11.0708
0	6	3.91844e-005	6.87879e-006	11.1547
0	6	3.68198e-005	6.80653e-006	11.2467
0	6	6.66215e-005	8.11002e-006	11.3433
0	6	3.41638e-005	5.95413e-006	11.4422
0	6	4.07951e-005	5.93464e-006	11.551
0	6	4.33042e-005	5.65403e-006	11.6675
0	6	3.36656e-005	4.78836e-006	11.7906
0	6	3.98498e-005	5.48188e-006	11.9183
0	6	3.58682e-005	4.79649e-006	12.0475
0	6	2.60969e-005	4.59697e-006	12.1797
0	6	3.54187e-005	4.83747e-006	12.3205
0	6	2.37921e-005	4.16244e-006	12.4673
0	6	2.95863e-005	4.10314e-006	12.6208
0	6	2.2511e-005	4.06492e-006	12.7849
0	6	2.83206e-005	4.05645e-006	12.9523
0	6	2.98602e-005	3.90926e-006	13.1209
0	6	2.57905e-005	3.51765e-006	13.2998
0	6	2.02942e-005	3.20872e-006	13.4842
0	6	1.89198e-005	3.04607e-006	13.6753
0	6	1.89198e-005	3.04607e-006	13.6763
0	7	3.67058e-005	1.04722e-005	13.6873
0	7	0.000100162	2.42061e-005	13.7036
0	7	4.19555e-005	9.07874e-006	13.7254
0	7	4.03759e-005	1.01512e-005	13.7557
0	7	5.47005e-005	1.14053e-005	13.7927
0	7	3.37697e-005	8.24464e-006	13.8375
0	7	4.32078e-005	6.85299e-006	13.8851
0	7	3.36015e-005	6.69402e-006	13.9535
0	7	3.40779e-005	6.72957e-006	14.0197
0	7	2.6474e-005	5.67606e-006	14.0907
0	7	2.80745e-005	6.17303e-006	14.1628
0	7	2.87322e-005	5.44298e-006	14.2393
0	7	3.10262e-005	5.55118e-006	14.3265
0	7	2.65644e-005	4.71997e-006	14.4221
0	7	2.4736e-005	4.68875e-006	14.5208
0	7	2.37635e-005	4.66623e-006	14.6119
0	7	2.74248e-005	4.45915e-006	14.715
0	7	2.80503e-005	4.5563e-006	14.8249
0	7	3.87308e-005	4.35099e-006	14.9407
0	7	2.15703e-005	4.37229e-006	15.0591
0	7	3.23209e-005	4.52903e-006	15.1822
0	7	1.8581e-005	3.92253e-006	15.315
0	7	1.71419e-005	3.46575e-006	15.4519
0	7	2.12328e-005	3.25339e-006	15.5938
0	7	1.61347e-005	3.14032e-006	15.7382
0	7	6.36499e-005	3.48602e-006	15.8923
0	7	2.22398e-005	3.15427e-006	16.0542
0	7	1.94458e-005	3.33817e-006	16.2167
0	7	1.59501e-005	2.89896e-006	16.388
0	7	1.41903e-005	2.80485e-006	16.565
0	7	1.39927e-005	2.73118e-006	16.7476
0	7	1.62959e-005	2.63939e-006	16.9389
0	7	1.62959e-005	2.63939e-006	16.9409
0	8	7.34378e-005	2.05637e-005	16.9507
0	8	0.00011287	2.06001e-005	16.9677
0	8	4.1524e-005	9.62875e-006	16.9899
0	8	4.25149e-005	9.7447e-006	17.017
0	8	3.49785e-005	7.17271e-006	17.0491
0	8	2.86706e-005	6.02618e-006	17.0879
0	8	3.36734e-005	7.44431e-006	17.1312
0	8	4.71481e-005	6.48014e-006	17.1813
0	8	2.53176e-005	5.07928e-006	17.2356
0	8	2.17975e-005	4.33518e-006	17.2974
0	8	2.08991e-005	4.19575e-006	17.3639
0	8	2.18634e-005	4.35144e-006	17.4359
0	8	2.54138e-005	3.99115e-006	17.5156
0	8	2.00945e-005	3.55412e-006	17.5992
0	8	2.30455e-005	3.51997e-006	17.6889
0	8	2.60977e-005	3.502e-006	17.7858
0	8	1.86443e-005	3.51077e-006	17.8852
0	8	1.85523e-005	3.3036e-006	17.9928
0	8	2.36897e-005	3.22038e-006	18.1055
0	8	2.33849e-005	3.28547e-006	18.2229
0	8	2.10514e-005	3.44173e-006	18.347
0	8	2.3844e-005	3.61066e-006	18.4735
0	8	1.78638e-005	3.23448e-006	18.6106
0	8	1.52575e-005	3.0343e-006	18.7502
0	8	1.49174e-005	2.92564e-006	18.9013
0	8	1.43481e-005	2.74677e-006	19.0542
0	8	1.83021e-005	2.77707e-006	19.2142
0	8	1.34293e-005	2.67319e-006	19.3818
0	8	1.46551e-005	2.62628e-006	19.5518
0	8	1.28047e-005	2.43773e-006	19.7312
0	8	1.50537e-005	2.37134e-006	19.9148
0	8	1.20747e-005	2.08147e-006	20.1068
0	8	1.20747e-005	2.08147e-006	20.1078
0	9	3.60799e-005	9.49171e-006	20.1178
0	9	2.68251e-005	6.0212e-006	20.1339
0	9	2.35593e-005	4.88514e-006	20.1559
0	9	2.84203e-005	5.06722e-006	20.1829
0	9	2.42484e-005	5.44975e-006	20.2149
0	9	2.67004e-005	4.99635e-006	20.253
0	9	2.64043e-005	5.76253e-006	20.2972
0	9	2.33378e-005	4.49255e-006	20.3468
0	9	2.32594e-005	4.3868e-006	20.4025
0	9	1.75518e-005	3.57707e-006	20.4634
0	9	1.87107e-005	3.29537e-006	20.5295
0	9	1.87098e-005	3.43335e-006	20.6021
0	9	4.65035e-005	4.68703e-006	20.6792
0	9	2.16283e-005	3.86851e-006	20.7649
0	9	1.90223e-005	3.6266e-006	20.8543
0	9	2.26432e-005	3.56493e-006	20.9486
0	9	1.92211e-005	3.45265e-006	21.0498
0	9	2.2727e-005	3.81545e-006	21.1568
0	9	2.51738e-005	3.75216e-006	21.2701
0	9	2.09878e-005	3.24936e-006	21.3912
0	9	1.99046e-005	3.22087e-006	21.5168
0	9	1.8659e-005	2.57827e-006	21.6486
0	9	1.33229e-005	2.48087e-006	21.788
0	9	1.28232e-005	2.40852e-006	21.9306
0	9	1.4192e-005	2.38396e-006	22.08
0	9	1.10964e-005	2.19511e-006	22.2349
0	9	1.08972e-005	2.11906e-006	22.3946
0	9	1.07692e-005	2.05231e-006	22.5609
0	9	1.31728e-005	2.07809e-006	22.7416
0	9	1.05579e-005	1.94858e-006	22.9242
0	9	1.07526e-005	1.86229e-006	23.1178
0	9	1.18126e-005	1.86635e-006	23.3183
0	9	1.18126e-005	1.86635e-006	23.3203
0	10	5.14146e-005	1.41068e-005	23.3347
0	10	3.24476e-005	7.68864e-006	23.35
0	10	3.98385e-005	1.01846e-005	23.3733
0	10	2.3846e-005	4.68651e-006	23.4025
0	10	2.69471e-005	5.6131e-006	23.4373
0	10	1.69489e-005	4.92567e-006	23.4783
0	10	2.04629e-005	4.51087e-006	23.5246
0	10	1.76961e-005	3.82312e-006	23.5805
0	10	2.20055e-005	3.97358e-006	23.6502
0	10	3.86211e-005	5.28432e-006	23.7295
0	10	1.89067e-005	3.89681e-006	23.8078
0	10	1.92276e-005	4.10916e-006	23.8929
0	10	1.95241e-005	3.69232e-006	23.9869
0	10	1.91724e-005	4.07221e-006	24.0822
0	10	1.8731e-005	3.27257e-006	24.1847
0	10	2.22998e-005	3.28317e-006	24.3049
0	10	1.55836e-005	2.62492e-006	24.4284
0	10	1.73484e-005	2.82574e-006	24.5499
0	10	1.64544e-005	2.60128e-006	24.6696
0	10	1.34271e-005	2.31322e-006	24.799
0	10	1.33925e-005	2.14517e-006	24.938
0	10	9.29347e-006	2.01807e-006	25.0769
0	10	9.34644e-006	2.01502e-006	25.2214
0	10	1.34153e-005	1.99474e-006	25.3648
0	10	1.51079e-005	1.99825e-006	25.505
0	10	1.03846e-005	1.89885e-006	25.661
0	10	1.15488e-005	1.80395e-006	25.8469
0	10	1.1193e-005	1.77697e-006	26.0339
0	10	8.2589e-006	1.74959e-006	26.2287
0	10	1.00506e-005	1.7893e-006	26.4428
0	10	1.55835e-005	1.79914e-006	26.6521
0	10	1.05623e-005	1.75428e-006	26.8721
0	10	1.05623e-005	1.75428e-006	26.8741
0	11	4.23775e-005	1.63398e-005	26.8869
0	11	2.38645e-005	7.39555e-006	26.9087
0	11	3.81205e-005	8.58531e-006	26.9385
0	11	2.24953e-005	5.86667e-006	26.9726
0	11	2.11314e-005	4.42067e-006	27.0156
0	11	2.02265e-005	4.10515e-006	27.0592
0	11	2.48404e-005	4.50124e-006	27.1077
0	11	2.06917e-005	3.58954e-006	27.1608
0	11	2.39869e-005	3.70757e-006	27.2206
0	11	2.32952e-005	3.44672e-006	27.2916
0	11	2.36964e-005	3.5662e-006	27.376
0	11	1.82229e-005	3.13302e-006	27.4639
0	11	1.43996e-005	2.76084e-006	27.5559
0	11	1.09758e-005	2.44724e-006	27.6439
0	11	1.06671e-005	2.5595e-006	27.7463
0	11	1.03659e-005	2.46908e-006	27.8487
0	11	1.03659e-005	2.46908e-006	27.8507
0	12	2.53315e-005	7.51729e-006	27.8619
0	12	2.38419e-005	4.93009e-006	27.8779
0	12	1.81715e-005	4.56664e-006	27.8989
0	12	3.18756e-005	6.83005e-006	27.9278
0	12	4.04186e-005	5.88192e-006	27.9599
0	12	2.26312e-005	3.28435e-006	27.9986
0	12	2.12636e-005	3.81265e-006	28.043
0	12	2.17246e-005	3.58065e-006	28.0932
0	12	1.56769e-005	2.93244e-006	28.1468
0	12	1.7233e-005	3.19043e-006	28.2093
0	12	1.99846e-005	3.47943e-006	28.2753
0	12	1.80586e-005	2.98922e-006	28.3541
0	12	1.52731e-005	2.9766e-006	28.4446
0	12	1.20977e-005	2.5212e-006	28.5405
0	12	1.15922e-005	2.36765e-006	28.6449
0	12	1.06457e-005	2.19542e-006	28.7448
0	12	1.0258e-005	2.08697e-006	28.855
0	12	1.26817e-005	2.0905e-006	28.9681
0	12	9.21516e-006	1.92088e-006	29.084
0	12	1.77642e-005	2.04445e-006	29.2088
0	12	1.60518e-005	2.15557e-006	29.3307
0	12	1.18442e-005	1.90974e-006	29.4742
0	12	9.418e-006	1.834e-006	29.6142
0	12	8.43548e-006	1.69479e-006	29.7573
0	12	8.79731e-006	1.66553e-006	29.9048
0	12	1.25784e-005	1.70251e-006	30.0635
0	12	1.10801e-005	1.71089e-006	30.2356
0	12	9.19067e-006	1.58042e-006	30.4095
0	12	8.6486e-006	1.50783e-006	30.5858
0	12	1.12583e-005	1.44364e-006	30.7807
0	12	1.00748e-005	1.46502e-006	30.9769
0	12	6.93209e-006	1.37537e-006	31.1823
0	12	6.93209e-006	1.37537e-006	31.1843
