step	level	max error	mean error	time
0	0	0.136468	0.0112997	21.833	16
0	1	0.0661471	0.00651222	23.864	16
0	2	0.0411389	0.00472761	25.898	16
0	3	0.0329	0.00362034	27.947	16
0	4	0.0251204	0.00281876	30.0101	16
0	5	0.0203974	0.00275809	32.053	16
0	6	0.0212773	0.00278965	34.043	16
0	7	0.0162426	0.00191128	36.043	16
0	8	0.0156475	0.00183443	38.08	16
0	9	0.0140485	0.00159717	40.135	16
0	10	0.0111419	0.00172866	42.171	16
0	11	0.0123972	0.00154726	44.2001	16
0	12	0.0107147	0.00132195	46.248	16
0	13	0.0133816	0.00120016	48.285	16
0	14	0.0115827	0.00114834	50.301	16
0	15	0.0125106	0.00108732	52.337	16
0	16	0.00927626	0.00105182	54.372	16
0	17	0.00819533	0.00124839	56.419	16
0	18	0.00746286	0.000948704	58.434	16
0	19	0.0082054	0.000930888	60.489	16
0	20	0.00609323	0.000918892	62.538	16
0	21	0.00662131	0.000940006	64.589	16
0	22	0.00610487	0.000836397	66.625	16
0	23	0.00652287	0.00074503	68.659	16
0	24	0.00561964	0.000821177	70.706	16
0	25	0.00900983	0.000727859	72.75	16
0	26	0.00678694	0.000682667	74.764	16
0	27	0.00661988	0.000607012	76.806	16
0	28	0.00568915	0.00070192	78.857	16
0	29	0.00561803	0.000768473	80.888	16
0	30	0.00414918	0.000578458	82.954	16
0	31	0.00529843	0.00065662	85.002	16
0	32	0.0051739	0.000612936	87.033	16
0	33	0.00508349	0.000599813	89.06	16
0	34	0.0059369	0.000693079	91.096	16
0	35	0.00520731	0.000615906	93.2171	16
0	36	0.00488879	0.000558649	95.253	16
0	37	0.00496709	0.000636249	97.3	16
0	38	0.00407552	0.000505694	99.361	16
0	39	0.00393447	0.000633924	101.409	16
0	40	0.00333948	0.000459253	103.458	16
0	41	0.0032116	0.000452356	105.488	16
0	42	0.00384546	0.000437061	107.52	16
0	43	0.00376064	0.000465238	109.571	16
0	44	0.00291835	0.000431817	111.61	16
0	45	0.00412995	0.000442657	113.645	16
0	46	0.0029823	0.000412302	115.696	16
0	47	0.00416417	0.000466271	117.724	16
0	48	0.00347607	0.000409627	119.82	16
0	49	0.00342845	0.000434212	121.862	16
0	50	0.00390853	0.00041167	123.893	16
0	51	0.00346348	0.000401501	125.942	16
0	52	0.00358751	0.000406039	127.954	16
0	53	0.00345087	0.000457641	129.979	16
0	54	0.00456211	0.00046033	131.982	16
0	55	0.00348971	0.00044386	134.003	16
0	56	0.00410877	0.000425902	136.024	16
0	57	0.00318638	0.000418951	138.047	16
0	58	0.00323507	0.000406947	140.072	16
0	59	0.00375794	0.000395385	142.11	16
0	60	0.00348026	0.000388656	144.158	16
0	61	0.00498887	0.000419802	146.213	16
0	62	0.00395575	0.000356378	148.255	16
0	63	0.00387845	0.000421151	150.286	16
0	64	0.00280762	0.000408675	152.312	16
0	65	0.00347664	0.00045703	154.346	16
0	66	0.00323091	0.000429043	156.384	16
0	67	0.00254499	0.000351772	158.402	16
0	68	0.00267012	0.000362903	160.39	16
0	69	0.00323308	0.000406278	162.422	16
0	70	0.00283445	0.000388188	164.426	16
0	71	0.00298505	0.000375001	166.49	16
0	72	0.00294555	0.000379455	168.522	16
0	73	0.00485226	0.00036768	170.554	16
0	74	0.00298894	0.000339342	172.586	16
0	75	0.00236018	0.000328486	174.629	16
0	76	0.00271559	0.000375354	176.67	16
0	77	0.00314527	0.000368994	178.714	16
0	78	0.00259915	0.000358051	180.826	16
0	79	0.00252972	0.00031176	182.879	16
0	80	0.0024356	0.000357075	184.93	16
0	81	0.00241294	0.000299805	186.961	16
0	82	0.00446965	0.000371741	189.004	16
0	83	0.00320226	0.000325407	191.046	16
0	84	0.00358289	0.000379409	193.064	16
0	85	0.00228503	0.000312574	195.091	16
0	86	0.00245712	0.000309902	197.133	16
0	87	0.00215517	0.00028746	199.14	16
0	88	0.00246223	0.000342789	201.188	16
0	89	0.00222872	0.00031107	203.187	16
0	90	0.00198185	0.000271609	205.227	16
0	91	0.00207901	0.000271608	207.267	16
0	92	0.00225324	0.000282701	209.27	16
0	93	0.00247911	0.000288838	211.301	16
0	94	0.00278707	0.000318526	213.335	16
0	95	0.00260874	0.000326371	215.413	16
0	96	0.00252107	0.000305444	217.528	16
0	97	0.00237925	0.000278132	219.562	16
0	98	0.00237758	0.000317539	221.598	16
0	99	0.0024604	0.000319623	223.645	16
0	100	0.00248011	0.000331443	225.656	16
0	101	0.00226504	0.000299487	227.71	16
0	102	0.00255751	0.000295864	229.76	16
0	103	0.00233161	0.000316899	231.763	16
0	104	0.00270193	0.000275205	233.81	16
0	105	0.00234445	0.000257214	235.828	16
0	106	0.00326097	0.000308418	237.875	16
0	107	0.00279164	0.000277533	239.912	16
0	108	0.00179748	0.000277138	241.944	16
0	109	0.00246718	0.000323649	243.989	16
0	110	0.00205732	0.000278371	246.012	16
0	111	0.00197241	0.000288919	248.049	16
0	112	0.00230686	0.000312445	250.091	16
0	113	0.00176335	0.000241086	252.129	16
0	114	0.00217373	0.000263478	254.132	16
0	115	0.00265302	0.000291065	256.175	16
0	116	0.00230319	0.000300899	258.188	16
0	117	0.00183858	0.000237045	260.211	16
0	118	0.00185052	0.000245251	262.249	16
0	119	0.00270997	0.000251288	264.265	16
0	120	0.00333991	0.000286964	266.302	16
0	121	0.00176666	0.000240887	268.338	16
0	122	0.00178619	0.000255768	270.347	16
0	123	0.00277757	0.000293194	272.38	16
0	124	0.00210048	0.000255891	274.413	16
0	125	0.00195667	0.000232807	276.455	16
0	126	0.00247063	0.000269828	278.481	16
0	127	0.00215035	0.000246197	280.515	16
0	128	0.00220136	0.000264994	282.571	16
0	129	0.00282978	0.000305251	284.604	16
0	130	0.00279579	0.000270822	286.651	16
0	131	0.00202371	0.000243841	288.663	16
0	132	0.00176737	0.000230333	290.685	16
0	133	0.00200799	0.000274422	292.715	16
0	134	0.00201754	0.000300497	294.753	16
0	135	0.00293466	0.000236654	296.802	16
0	136	0.0020568	0.000228729	298.815	16
0	137	0.00166249	0.000239553	300.873	16
0	138	0.00189151	0.000206314	302.965	16
0	139	0.0019991	0.000216745	305.009	16
0	140	0.00251132	0.000243846	307.042	16
0	141	0.00221536	0.000274073	309.072	16
0	142	0.00188477	0.000238205	311.098	16
0	143	0.00255208	0.000282703	313.122	16
0	144	0.00172399	0.000232431	315.17	16
0	145	0.0019531	0.000259548	317.191	16
0	146	0.00274498	0.000266095	319.179	16
0	147	0.00229763	0.000249481	321.204	16
0	148	0.00154838	0.00022262	323.265	16
0	149	0.00177033	0.000220242	325.289	16
0	150	0.00235501	0.000227436	327.306	16
0	151	0.00281225	0.000243118	329.344	16
0	152	0.00412568	0.000281307	331.366	16
0	153	0.00230163	0.00025107	333.371	16
0	154	0.00172084	0.000226196	335.419	16
0	155	0.00151074	0.00022851	337.477	16
0	156	0.00179971	0.000239226	339.516	16
0	157	0.00153316	0.000207102	341.573	16
0	158	0.00148859	0.000185856	343.71	16
0	159	0.00173477	0.000221806	345.819	16
0	160	0.00210768	0.000256011	347.959	16
0	161	0.0019414	0.000240815	350.077	16
0	162	0.00196022	0.000239055	352.201	16
0	163	0.0015306	0.000223386	354.323	16
0	164	0.00181145	0.000223403	356.424	16
0	165	0.00259541	0.000229167	358.518	16
0	166	0.00160532	0.000199634	360.634	16
0	167	0.00152434	0.0002132	362.742	16
0	168	0.00177181	0.000206574	364.842	16
0	169	0.00145538	0.000192421	366.987	16
0	170	0.00159105	0.000171671	369.07	16
0	171	0.00261525	0.000224366	371.178	16
0	172	0.00140591	0.000200514	373.272	16
0	173	0.00174165	0.000183065	375.367	16
0	174	0.00224131	0.000205745	377.469	16
0	175	0.00173586	0.000200897	379.649	16
0	176	0.00159241	0.000196372	381.764	16
0	177	0.0012146	0.000175637	383.857	16
0	178	0.00185552	0.000195898	385.951	16
0	179	0.00217499	0.000217053	388.04	16
0	180	0.00154751	0.000213646	390.149	16
0	181	0.00185891	0.000212808	392.289	16
0	182	0.00147468	0.000205002	394.327	16
0	183	0.00170716	0.000226582	396.354	16
0	184	0.00232897	0.000206253	398.391	16
0	185	0.00120895	0.000196037	400.438	16
0	186	0.00253654	0.000198191	402.464	16
0	187	0.00122427	0.000182481	404.484	16
0	188	0.00186198	0.000170878	406.503	16
0	189	0.00177642	0.000181762	408.536	16
0	190	0.00151403	0.000202203	410.565	16
0	191	0.00146415	0.00020173	412.609	16
0	192	0.0027204	0.000236401	414.649	16
0	193	0.00207037	0.000196417	416.697	16
0	194	0.00137481	0.000191022	418.723	16
0	195	0.00243	0.000194229	420.79	16
0	196	0.00231219	0.000194661	422.835	16
0	197	0.00213623	0.000179985	424.875	16
0	198	0.00141316	0.000182315	426.914	16
0	199	0.00159648	0.000192768	428.949	16
0	200	0.0029266	0.000191308	430.972	16
0	201	0.00144765	0.000188961	433.024	16
0	202	0.00130038	0.000163887	435.05	16
0	203	0.00141945	0.000173581	437.082	16
0	204	0.00246078	0.000198275	439.107	16
0	205	0.00159138	0.000177541	441.142	16
0	206	0.00208371	0.000191164	443.168	16
0	207	0.00143353	0.00019165	445.229	16
0	208	0.00189391	0.000229271	447.244	16
0	209	0.00152045	0.000156351	449.274	16
0	210	0.00166352	0.000188882	451.299	16
0	211	0.00173834	0.00019948	453.326	16
0	212	0.0013626	0.000159967	455.309	16
0	213	0.00124179	0.000164113	457.345	16
0	214	0.00114966	0.000166791	459.322	16
0	215	0.00151585	0.00017387	461.342	16
0	216	0.001558	0.000168679	463.366	16
0	217	0.00163378	0.000172266	465.411	16
0	218	0.00136341	0.000171906	467.488	16
0	219	0.00117157	0.000168848	469.523	16
0	220	0.00154653	0.000201064	471.568	16
0	221	0.00140323	0.000205539	473.585	16
0	222	0.00204881	0.000254091	475.629	16
0	223	0.0012252	0.000195648	477.675	16
0	224	0.00129155	0.00016681	479.711	16
0	225	0.00143026	0.000197678	481.745	16
0	226	0.00138321	0.000203717	483.789	16
0	227	0.00142238	0.000196588	485.844	16
0	228	0.00180043	0.000207208	487.897	16
0	229	0.00114097	0.000191324	489.932	16
0	230	0.00175125	0.000185927	491.954	16
0	231	0.0019681	0.000196566	494.007	16
0	232	0.00164864	0.000219463	496.057	16
0	233	0.00125718	0.00018338	498.09	16
0	234	0.00160313	0.0001825	500.126	16
0	235	0.00163573	0.000186281	502.168	16
0	236	0.00148969	0.000199583	504.19	16
0	237	0.00208041	0.000225877	506.25	16
0	238	0.00142165	0.000185925	508.291	16
0	239	0.00131325	0.000188153	510.304	16
0	240	0.00208556	0.000188286	512.335	16
0	241	0.0013201	0.000167475	514.382	16
0	242	0.00114491	0.000159435	516.42	16
0	243	0.00109173	0.00016631	518.464	16
0	244	0.00134988	0.000160519	520.505	16
0	245	0.0027569	0.000184765	522.557	16
0	246	0.00246253	0.000194214	524.612	16
0	247	0.00142971	0.000178848	526.639	16
0	248	0.00214224	0.000200331	528.669	16
0	249	0.00127531	0.000197803	530.69	16
0	250	0.00201251	0.000221845	532.731	16
0	251	0.00124854	0.000149761	534.758	16
0	252	0.00104996	0.000131421	536.785	16
0	253	0.00141942	0.000148563	538.809	16
0	254	0.0012012	0.000140752	540.848	16
0	255	0.00118476	0.000154458	542.868	16
0	256	0.00112136	0.000158967	544.913	16
0	257	0.00171898	0.000174504	546.947	16
0	258	0.0016865	0.00017606	548.971	16
0	259	0.00148086	0.000164312	550.987	16
0	260	0.00119495	0.000178617	553.034	16
0	261	0.0017775	0.000179146	555.074	16
0	262	0.00126346	0.000148843	557.06	16
0	263	0.00138132	0.000174807	559.101	16
0	264	0.00149837	0.000167355	561.141	16
0	265	0.00140296	0.000158665	563.166	16
0	266	0.00138636	0.000152311	565.206	16
0	267	0.00164133	0.000156947	567.247	16
0	268	0.00142885	0.000160852	569.271	16
0	269	0.00166124	0.000179735	571.308	16
0	270	0.00158282	0.00017022	573.359	16
0	271	0.00112835	0.000152628	575.393	16
0	272	0.00161167	0.000174535	577.444	16
0	273	0.00152837	0.000186126	579.477	16
0	274	0.00117078	0.000156328	581.498	16
0	275	0.00165359	0.000184652	583.534	16
0	276	0.00115821	0.000149711	585.577	16
0	277	0.00194428	0.000161741	587.613	16
0	278	0.00149243	0.000154134	589.633	16
0	279	0.00137075	0.000145475	591.678	16
0	280	0.00136928	0.000151537	593.72	16
0	281	0.00239146	0.000167305	595.766	16
0	282	0.00116615	0.000164909	597.778	16
0	283	0.00148123	0.000165364	599.817	16
0	284	0.00121839	0.000148153	601.83	16
0	285	0.00127592	0.000148885	603.859	16
0	286	0.00125986	0.000157281	605.88	16
0	287	0.00127778	0.000160635	607.913	16
0	288	0.00105375	0.000165161	609.944	16
0	289	0.00217965	0.000163745	611.984	16
0	290	0.00108427	0.00015126	614.003	16
0	291	0.001074	0.00016614	616.052	16
0	292	0.00151312	0.000174807	618.072	16
0	293	0.0014118	0.000187308	620.118	16
0	294	0.00141405	0.000139593	622.166	16
0	295	0.00166579	0.000147927	624.203	16
0	296	0.00109431	0.000135034	626.24	16
0	297	0.00179565	0.000166525	628.254	16
0	298	0.00112945	0.000144366	630.292	16
0	299	0.00115948	0.000144679	632.338	16
0	300	0.00165353	0.000146587	634.363	16
0	301	0.00159934	0.000153761	636.438	16
0	302	0.00114144	0.000132759	638.462	16
0	303	0.00148853	0.000150891	640.5	16
0	304	0.0015674	0.000165013	642.536	16
0	305	0.00106563	0.000137473	644.6	16
0	306	0.00129212	0.000136248	646.645	16
0	307	0.00152197	0.000145145	648.663	16
0	308	0.00180236	0.000160458	650.702	16
0	309	0.00175823	0.000142277	652.73	16
0	310	0.00114353	0.000130357	654.757	16
0	311	0.00142037	0.000133778	656.742	16
0	312	0.0010237	0.000143978	658.765	16
0	313	0.000983391	0.000136985	660.814	16
