step	level	max error	mean error	time
0	0	0.00309398	0.000610091	0.064003	2
0	0	0.00653971	0.000878026	0.141	4
0	0	0.00250409	0.000492117	0.227006	6
0	0	0.00181494	0.00027611	0.314024	8
0	0	0.00180525	0.000309364	0.415005	10
0	0	0.00439308	0.000865921	0.526	12
0	0	0.00298493	0.000425992	0.628998	14
0	0	0.00219141	0.000391432	0.735002	16
0	0	0.00169714	0.000211522	0.867005	18
0	0	0.00164565	0.000217019	1.016	20
0	0	0.00067468	0.000151696	1.221	22
0	0	0.000819442	0.000142075	1.434	24
0	0	0.000734158	0.000125611	1.633	26
0	0	0.000505546	9.64936e-005	1.802	28
0	0	0.000520872	8.46936e-005	1.97901	30
0	0	0.000413294	7.35324e-005	2.163	32
0	0	0.000411904	5.30322e-005	2.342	34
0	0	0.000379449	5.02888e-005	2.527	36
0	0	0.000342621	4.67032e-005	2.702	38
0	0	0.000299117	4.37026e-005	2.898	40
0	0	0.000273789	3.8053e-005	3.094	42
0	0	0.000215693	3.04453e-005	3.30202	44
0	0	0.000218427	2.81516e-005	3.517	46
0	0	0.000182972	2.4764e-005	3.73203	48
0	0	0.000171175	2.23542e-005	3.939	50
0	0	0.000143057	2.0393e-005	4.144	52
0	0	0.000136257	1.75429e-005	4.36101	54
0	0	0.000128638	1.53861e-005	4.65	56
0	0	0.000142103	1.40368e-005	4.911	58
0	0	0.000124897	1.34118e-005	5.181	60
0	0	9.86294e-005	1.23527e-005	5.419	62
0	0	8.06607e-005	1.09752e-005	5.68	64
0	0	7.52531e-005	9.51941e-006	5.93804	66
0	0	5.88602e-005	7.81498e-006	6.195	68
0	0	5.27901e-005	6.88826e-006	6.46503	70
0	0	4.79043e-005	6.13526e-006	6.741	72
0	0	4.40494e-005	5.59931e-006	7.01303	74
0	0	4.40065e-005	5.26983e-006	7.29404	76
0	0	3.47377e-005	4.7184e-006	7.58604	78
0	0	3.03963e-005	4.36536e-006	7.892	80
0	0	2.71886e-005	3.99739e-006	8.24004	82
0	0	2.56287e-005	3.51048e-006	8.59403	84
0	0	2.23984e-005	3.38187e-006	8.954	86
0	0	2.19582e-005	3.24085e-006	9.378	88
0	0	2.06775e-005	3.01574e-006	9.803	90
0	0	2.05896e-005	2.79609e-006	10.238	92
0	0	1.86596e-005	2.68704e-006	10.709	94
0	0	1.74928e-005	2.50108e-006	11.122	96
0	0	1.773e-005	2.31123e-006	11.534	98
0	0	1.63699e-005	2.208e-006	11.938	100
0	0	1.50363e-005	2.06445e-006	12.353	102
0	0	1.49383e-005	1.98422e-006	12.741	104
0	0	1.4036e-005	1.71731e-006	13.152	106
0	0	1.37867e-005	1.61053e-006	13.619	108
0	0	1.21468e-005	1.47483e-006	14.078	110
0	0	1.49748e-005	1.47055e-006	14.546	112
0	0	1.05034e-005	1.37093e-006	15.004	114
0	0	1.12038e-005	1.30774e-006	15.459	116
0	0	1.07417e-005	1.21766e-006	15.968	118
0	0	1.04308e-005	1.14862e-006	16.425	120
0	0	1.12199e-005	1.10441e-006	16.862	122
0	0	9.96499e-006	1.04951e-006	17.38	124
0	0	9.04051e-006	9.67094e-007	17.914	126
0	0	7.28605e-006	8.66781e-007	18.414	128
0	0	7.26656e-006	8.46461e-007	18.936	130
0	0	1.25363e-005	8.63739e-007	19.501	132
0	0	9.48301e-006	8.33454e-007	20.045	134
0	0	7.11806e-006	7.30017e-007	20.585	136
0	0	6.92623e-006	7.07303e-007	21.121	138
0	0	6.56567e-006	6.43638e-007	21.662	140
0	0	5.91224e-006	6.41628e-007	22.234	142
0	0	5.30588e-006	5.94946e-007	22.834	144
0	0	4.60673e-006	5.58184e-007	23.417	146
0	0	4.5825e-006	5.35905e-007	23.992	148
0	0	4.1197e-006	5.06382e-007	24.54	150
0	0	3.98455e-006	4.62245e-007	25.062	152
0	0	5.04409e-006	4.49501e-007	25.6011	154
0	0	3.87464e-006	4.31135e-007	26.15	156
0	0	3.80641e-006	4.01987e-007	26.7121	158
0	0	3.34352e-006	3.84049e-007	27.292	160
0	0	3.75601e-006	3.67239e-007	27.971	162
0	0	3.32678e-006	3.61452e-007	28.672	164
0	0	3.25777e-006	3.49427e-007	29.367	166
0	0	3.09059e-006	3.38724e-007	30.047	168
0	0	3.04633e-006	3.18291e-007	30.714	170
0	0	2.77377e-006	3.0713e-007	31.395	172
0	0	2.6026e-006	2.93114e-007	32.078	174
0	0	2.56401e-006	2.71088e-007	32.766	176
0	0	2.4245e-006	2.45057e-007	33.475	178
0	0	2.54446e-006	2.40395e-007	34.301	180
0	0	2.32916e-006	2.28365e-007	35.029	182
0	0	2.12229e-006	2.22164e-007	35.789	184
0	0	1.88929e-006	2.11547e-007	36.55	186
0	0	1.789e-006	2.04334e-007	37.394	188
0	0	1.78029e-006	1.95913e-007	38.089	190
0	0	1.75589e-006	1.89416e-007	38.8705	192
0	0	1.94427e-006	1.75717e-007	39.6225	194
0	0	1.50299e-006	1.72047e-007	40.3796	196
0	0	1.46256e-006	1.66247e-007	41.1476	198
0	0	1.68996e-006	1.63246e-007	41.9156	200
0	0	1.44984e-006	1.54896e-007	42.6676	202
0	0	1.42002e-006	1.55567e-007	43.4405	204
0	0	1.38061e-006	1.50777e-007	44.1916	206
0	0	1.29075e-006	1.43473e-007	44.9716	208
0	0	1.34755e-006	1.38893e-007	45.7576	210
0	0	1.2709e-006	1.28344e-007	46.5586	212
0	0	1.17968e-006	1.23139e-007	47.3585	214
0	0	1.11321e-006	1.18779e-007	48.1505	216
0	0	1.23438e-006	1.18584e-007	48.9996	218
0	0	1.08199e-006	1.16488e-007	49.8496	220
0	0	1.09715e-006	1.13919e-007	50.6945	222
0	0	1.09307e-006	1.05813e-007	51.5465	224
0	0	9.38337e-007	9.95836e-008	52.3845	226
0	0	9.33882e-007	9.69654e-008	53.2666	228
0	0	9.08356e-007	9.1784e-008	54.1636	230
0	0	8.61291e-007	8.5003e-008	55.0716	232
0	0	8.5913e-007	8.48996e-008	55.9946	234
0	0	9.47707e-007	8.23271e-008	56.9685	236
0	0	8.58457e-007	7.69303e-008	57.8806	238
0	0	8.14364e-007	7.32604e-008	58.8175	240
0	0	8.05545e-007	7.19335e-008	59.7626	242
0	0	8.03114e-007	6.99693e-008	60.7416	244
0	0	9.03895e-007	6.86557e-008	61.7186	246
0	0	7.4946e-007	6.6115e-008	62.7146	248
0	0	6.9291e-007	6.29171e-008	63.6965	250
0	0	7.0295e-007	6.01599e-008	64.6765	252
0	0	6.79444e-007	5.83577e-008	65.6965	254
0	0	7.05456e-007	5.67244e-008	66.6905	256
0	0	6.62467e-007	5.57691e-008	67.6885	258
0	0	5.50174e-007	5.30786e-008	68.7106	260
0	0	5.18106e-007	5.10709e-008	69.7646	262
0	0	5.81224e-007	4.95578e-008	70.8376	264
0	0	4.98942e-007	4.74036e-008	71.9145	266
0	0	4.77781e-007	4.46968e-008	73.0035	268
0	0	5.1387e-007	4.38271e-008	74.1046	270
0	0	6.20724e-007	4.33362e-008	75.2326	272
0	0	4.62746e-007	4.09881e-008	76.3696	274
0	0	4.40125e-007	3.96274e-008	77.5116	276
0	0	3.98173e-007	3.8677e-008	78.6705	278
0	0	4.24178e-007	3.78574e-008	79.8265	280
0	0	3.70933e-007	3.67409e-008	80.9605	282
0	0	3.59663e-007	3.51947e-008	82.1185	284
0	0	3.57527e-007	3.4231e-008	83.3246	286
0	0	3.55236e-007	3.38669e-008	84.5416	288
0	0	3.46453e-007	3.36219e-008	85.7456	290
0	0	3.27081e-007	3.1437e-008	86.9696	292
0	0	3.0463e-007	3.03722e-008	88.2256	294
0	0	2.85149e-007	2.91694e-008	89.5026	296
0	0	2.83364e-007	2.87379e-008	90.7745	298
0	0	2.70821e-007	2.81115e-008	92.0195	300
0	0	2.46043e-007	2.80053e-008	93.3106	302
0	0	2.35834e-007	2.70967e-008	94.6335	304
0	0	2.24614e-007	2.65956e-008	95.9125	306
0	0	2.14037e-007	2.5186e-008	97.2656	308
0	0	2.1042e-007	2.4972e-008	98.6325	310
0	0	2.09633e-007	2.37582e-008	99.9716	312
0	0	2.07904e-007	2.21128e-008	101.368	314
0	0	2.02799e-007	2.14156e-008	102.774	316
0	0	2.55179e-007	2.12583e-008	104.186	318
0	0	2.29983e-007	2.09437e-008	105.574	320
0	0	1.94622e-007	2.05308e-008	107.022	322
0	0	2.89264e-007	2.05053e-008	108.484	324
0	0	1.89544e-007	2.00407e-008	109.969	326
0	0	1.99937e-007	1.95699e-008	111.439	328
0	0	1.74202e-007	1.8537e-008	112.89	330
0	0	2.22269e-007	1.76671e-008	114.37	332
0	0	1.66645e-007	1.73822e-008	115.908	334
0	0	1.64304e-007	1.68043e-008	117.441	336
0	0	1.55156e-007	1.63188e-008	119.001	338
0	0	1.84337e-007	1.58671e-008	120.554	340
0	0	1.45844e-007	1.5336e-008	122.152	342
0	0	1.43483e-007	1.48044e-008	123.759	344
0	0	1.43171e-007	1.44483e-008	125.32	346
0	0	1.39949e-007	1.43609e-008	126.902	348
0	0	1.38397e-007	1.40738e-008	128.677	350
0	0	1.37269e-007	1.36361e-008	130.516	352
0	0	1.58309e-007	1.35664e-008	132.236	354
0	0	1.34965e-007	1.3413e-008	133.919	356
0	0	1.25775e-007	1.3018e-008	135.59	358
0	0	1.19671e-007	1.24295e-008	137.271	360
0	0	1.13052e-007	1.2253e-008	138.991	362
0	0	1.09376e-007	1.20695e-008	140.761	364
0	0	1.2638e-007	1.19684e-008	142.485	366
0	0	1.0741e-007	1.17019e-008	144.282	368
0	0	1.06905e-007	1.1539e-008	146.042	370
0	0	1.1486e-007	1.13567e-008	147.819	372
0	0	1.06232e-007	1.11463e-008	149.653	374
0	0	1.05624e-007	1.08816e-008	151.525	376
0	0	1.04272e-007	1.05619e-008	153.347	378
0	0	1.01257e-007	1.03318e-008	155.187	380
0	0	9.5793e-008	1.01922e-008	157.053	382
