step	level	max error	mean error	time
0	0	0.357366	0.0510572	6.65699	4
0	1	0.126115	0.0113179	6.92203	4
0	2	0.0665559	0.00840719	7.19299	4
0	3	0.0680788	0.00894857	7.45399	4
0	4	0.0596655	0.00598987	7.72399	4
0	5	0.0680265	0.00526555	7.97999	4
0	6	0.0444006	0.00580144	8.24999	4
0	7	0.0536994	0.0055866	8.51999	4
0	8	0.0424286	0.00569658	8.78403	4
0	9	0.0323785	0.00523688	9.05203	4
0	10	0.0300247	0.00406214	9.32105	4
0	11	0.0314782	0.00534831	9.59999	4
0	12	0.0239366	0.00339708	9.86303	4
0	13	0.0280473	0.00372401	10.129	4
0	14	0.0269527	0.00348728	10.388	4
0	15	0.0223441	0.00313935	10.65	4
0	16	0.0301993	0.00379336	10.909	4
0	17	0.0170255	0.00262886	11.164	4
0	18	0.0264902	0.00326006	11.418	4
0	19	0.021435	0.00246106	11.684	4
0	20	0.015	0.00239445	11.945	4
0	21	0.0151761	0.00253365	12.211	4
0	22	0.0177736	0.00296256	12.476	4
0	23	0.0132024	0.00160032	12.732	4
0	24	0.0157339	0.00204957	12.99	4
0	25	0.0172957	0.00180861	13.25	4
0	26	0.0308136	0.00263333	13.515	4
0	27	0.0214828	0.00273889	13.782	4
0	28	0.0186668	0.00229726	14.047	4
0	29	0.014029	0.00218313	14.308	4
0	30	0.0137172	0.00211052	14.57	4
0	31	0.0128994	0.00208581	14.827	4
0	32	0.00987667	0.00168342	15.086	4
0	33	0.0147999	0.00208073	15.346	4
0	34	0.0152125	0.00157407	15.601	4
0	35	0.0111996	0.00150799	15.864	4
0	36	0.0133042	0.00151085	16.135	4
0	37	0.0116447	0.00115059	16.39	4
0	38	0.00947778	0.00138803	16.636	4
0	39	0.00977316	0.00125481	16.882	4
0	40	0.0114408	0.00141147	17.126	4
0	41	0.00734228	0.00122666	17.369	4
0	42	0.0119784	0.00172323	17.616	4
0	43	0.0104827	0.00165423	17.881	4
0	44	0.0104919	0.00164209	18.136	4
0	45	0.00839534	0.00123962	18.398	4
0	46	0.0226118	0.00201937	18.641	4
0	47	0.00892429	0.00150428	18.901	4
0	48	0.00794557	0.000980641	19.1491	4
0	49	0.0120002	0.00129656	19.397	4
0	50	0.0108816	0.00148198	19.66	4
0	51	0.0102902	0.00130603	19.921	4
0	52	0.00648561	0.00109401	20.179	4
0	53	0.0152125	0.0016689	20.4291	4
0	54	0.00996612	0.00122337	20.682	4
0	55	0.0143288	0.0017049	20.936	4
0	56	0.00930581	0.00106801	21.189	4
0	57	0.0066803	0.000951003	21.454	4
0	58	0.00976524	0.000853488	21.723	4
0	59	0.0109007	0.00149995	21.979	4
0	60	0.00707469	0.00105511	22.247	4
0	61	0.00715318	0.000908559	22.495	4
0	62	0.00727464	0.000961437	22.736	4
0	63	0.00630993	0.000799038	22.985	4
0	64	0.00824844	0.000957633	23.229	4
0	65	0.0103048	0.00111405	23.475	4
0	66	0.00839114	0.00106409	23.739	4
0	67	0.0107484	0.00132499	24.003	4
0	68	0.00852978	0.00116847	24.268	4
0	69	0.005102	0.000850541	24.539	4
0	70	0.00821183	0.00109084	24.796	4
0	71	0.0057286	0.00104816	25.059	4
0	72	0.00528676	0.000905933	25.318	4
0	73	0.00568923	0.000864793	25.58	4
0	74	0.00478547	0.000827759	25.833	4
0	75	0.00608993	0.000796704	26.095	4
0	76	0.00464199	0.000840086	26.336	4
0	77	0.00757767	0.000904387	26.584	4
0	78	0.00725437	0.000815198	26.836	4
0	79	0.00744692	0.00104017	27.081	4
0	80	0.00712783	0.000866583	27.333	4
0	81	0.00724834	0.000908095	27.594	4
0	82	0.00528051	0.000861118	27.848	4
0	83	0.0105634	0.000900749	28.112	4
0	84	0.00547681	0.000866112	28.368	4
0	85	0.0053808	0.000777436	28.618	4
0	86	0.00825934	0.00106197	28.857	4
0	87	0.00495025	0.000772015	29.098	4
0	88	0.00515045	0.000845316	29.339	4
0	89	0.00694202	0.000857658	29.586	4
0	90	0.00735864	0.000947534	29.853	4
0	91	0.00532331	0.000782782	30.118	4
0	92	0.00519387	0.00102092	30.377	4
0	93	0.0064034	0.000775024	30.634	4
0	94	0.00455396	0.000620613	30.887	4
0	95	0.00547684	0.000638984	31.132	4
0	96	0.00958932	0.00106511	31.385	4
0	97	0.00674161	0.000832235	31.659	4
0	98	0.00484803	0.000745884	31.916	4
0	99	0.00378731	0.000755076	32.173	4
0	100	0.00705607	0.00086619	32.414	4
0	101	0.00535528	0.000726105	32.6611	4
0	102	0.00667258	0.000805549	32.911	4
0	103	0.00566711	0.000841829	33.16	4
0	104	0.00633532	0.000855572	33.417	4
0	105	0.00448321	0.000842807	33.6621	4
0	106	0.00501689	0.000856898	33.936	4
0	107	0.0152816	0.0013697	34.195	4
0	108	0.00804127	0.00104261	34.439	4
0	109	0.00516433	0.000771344	34.688	4
0	110	0.00514585	0.000790901	34.94	4
0	111	0.00614102	0.000599839	35.193	4
0	112	0.00425813	0.000596379	35.435	4
0	113	0.00516355	0.000680632	35.686	4
0	114	0.00767777	0.00083903	35.941	4
0	115	0.00419529	0.000602364	36.203	4
0	116	0.00446349	0.000758288	36.453	4
0	117	0.00342644	0.000590509	36.7	4
0	118	0.00511247	0.00061044	36.952	4
0	119	0.00488219	0.000667486	37.202	4
0	120	0.00456395	0.000623009	37.446	4
0	121	0.00392347	0.000626203	37.697	4
0	122	0.00330128	0.000597353	37.952	4
0	123	0.00525634	0.000712958	38.202	4
0	124	0.00578534	0.000723223	38.449	4
0	125	0.00395348	0.000673352	38.697	4
0	126	0.00422901	0.000616589	38.95	4
0	127	0.00415685	0.000773061	39.192	4
0	128	0.00412589	0.000585195	39.447	4
0	129	0.00367526	0.000633567	39.713	4
0	130	0.00344326	0.000550366	39.9711	4
0	131	0.00725975	0.000799429	40.228	4
0	132	0.00982039	0.000927387	40.499	4
0	133	0.00359362	0.000489082	40.74	4
0	134	0.0137758	0.00118581	40.978	4
0	135	0.008259	0.000791993	41.22	4
0	136	0.00602143	0.000709975	41.458	4
0	137	0.00422985	0.000572115	41.702	4
0	138	0.00754324	0.000877511	41.965	4
0	139	0.00448898	0.000776475	42.226	4
0	140	0.00612229	0.000715771	42.483	4
0	141	0.00498509	0.000673962	42.733	4
0	142	0.00484939	0.000842298	42.984	4
0	143	0.00396109	0.000640043	43.223	4
0	144	0.00403809	0.00069339	43.464	4
0	145	0.00353006	0.000603063	43.7111	4
0	146	0.00369342	0.000542771	43.963	4
0	147	0.00305181	0.00051819	44.221	4
0	148	0.00367017	0.000561749	44.467	4
0	149	0.00309944	0.000438326	44.71	4
0	150	0.00390752	0.00050702	44.966	4
0	151	0.00430103	0.000591587	45.222	4
0	152	0.00368489	0.000587139	45.478	4
0	153	0.00496048	0.000737036	45.741	4
0	154	0.00321092	0.000534932	46.002	4
0	155	0.00337892	0.000590184	46.27	4
0	156	0.00296331	0.000532709	46.513	4
0	157	0.0032697	0.000576954	46.749	4
0	158	0.00304084	0.000545917	46.994	4
0	159	0.00404123	0.000715667	47.233	4
0	160	0.00325496	0.000485099	47.475	4
0	161	0.00331087	0.000571399	47.722	4
0	162	0.00367633	0.000622412	47.976	4
0	163	0.00322523	0.00043783	48.227	4
0	164	0.00300354	0.000552477	48.496	4
0	165	0.00269105	0.000428179	48.742	4
0	166	0.00435513	0.000656628	48.999	4
0	167	0.00299991	0.000529896	49.247	4
0	168	0.00264712	0.000403017	49.492	4
0	169	0.00353565	0.000477723	49.736	4
0	170	0.00450579	0.000506058	49.982	4
0	171	0.00379484	0.000515678	50.239	4
0	172	0.00280154	0.000440401	50.497	4
0	173	0.00774318	0.000680482	50.738	4
0	174	0.0058571	0.000587068	50.985	4
0	175	0.00310823	0.000490135	51.235	4
0	176	0.00311214	0.000487888	51.484	4
0	177	0.00368719	0.000431822	51.742	4
0	178	0.00419733	0.000613114	52.002	4
0	179	0.00552829	0.000468715	52.254	4
0	180	0.00361065	0.000560161	52.507	4
0	181	0.00339373	0.000462171	52.75	4
0	182	0.00372666	0.000442528	52.996	4
0	183	0.00310496	0.000519681	53.237	4
0	184	0.00298217	0.00047149	53.478	4
0	185	0.00490569	0.000563372	53.719	4
0	186	0.00299717	0.000560118	53.97	4
0	187	0.00337777	0.000506471	54.229	4
0	188	0.00529793	0.000631854	54.485	4
0	189	0.00365139	0.000431216	54.737	4
0	190	0.00377234	0.000536491	54.987	4
0	191	0.00601405	0.000748997	55.228	4
0	192	0.00370101	0.000628118	55.47	4
0	193	0.00400912	0.000543285	55.721	4
0	194	0.00304745	0.000536213	55.969	4
0	195	0.003368	0.000454372	56.212	4
0	196	0.0030002	0.000484278	56.461	4
0	197	0.00349627	0.000503938	56.693	4
0	198	0.00398543	0.000541487	56.961	4
0	199	0.00311775	0.000439919	57.205	4
0	200	0.00357393	0.000460289	57.455	4
0	201	0.00384156	0.000454237	57.716	4
0	202	0.00416393	0.000739716	57.967	4
0	203	0.00250529	0.000363712	58.222	4
0	204	0.00416103	0.000654782	58.474	4
0	205	0.00302069	0.000554253	58.713	4
0	206	0.00267137	0.00046115	58.955	4
0	207	0.00322364	0.000500077	59.189	4
0	208	0.00413445	0.000644902	59.436	4
0	209	0.00292093	0.000510443	59.683	4
0	210	0.0033586	0.000561785	59.947	4
0	211	0.0026494	0.000460495	60.19	4
0	212	0.00268709	0.000434521	60.452	4
0	213	0.00244368	0.000420697	60.704	4
0	214	0.00329196	0.000499101	60.953	4
0	215	0.00297903	0.000437779	61.192	4
0	216	0.00287626	0.000403917	61.448	4
0	217	0.00239531	0.000383565	61.71	4
0	218	0.00263419	0.000402534	61.956	4
0	219	0.00472862	0.00057634	62.202	4
0	220	0.00290856	0.000418643	62.453	4
0	221	0.00319051	0.000566905	62.699	4
0	222	0.00403616	0.000468145	62.954	4
0	223	0.00846411	0.00079294	63.195	4
0	224	0.00524514	0.000600474	63.456	4
0	225	0.00441649	0.000767372	63.709	4
0	226	0.00526339	0.00071552	63.965	4
0	227	0.00564605	0.000805684	64.207	4
0	228	0.0051233	0.000665688	64.459	4
0	229	0.00449506	0.000574294	64.703	4
0	230	0.00294583	0.00048953	64.947	4
0	231	0.00378592	0.000430051	65.185	4
0	232	0.00414876	0.000633931	65.426	4
0	233	0.00406954	0.000697567	65.67	4
0	234	0.00262812	0.0004047	65.926	4
0	235	0.00274824	0.000429682	66.168	4
0	236	0.00245189	0.00039713	66.431	4
0	237	0.00302411	0.000432209	66.679	4
0	238	0.00390543	0.000441233	66.954	4
0	239	0.00336885	0.000472111	67.195	4
0	240	0.00400641	0.000504102	67.447	4
0	241	0.00510319	0.000547097	67.699	4
0	242	0.00470888	0.000649036	67.945	4
0	243	0.00285626	0.000459891	68.198	4
0	244	0.00249985	0.000431827	68.45	4
0	245	0.0035414	0.000378835	68.691	4
0	246	0.003422	0.00053395	68.947	4
0	247	0.00287491	0.000475791	69.1931	4
0	248	0.00320899	0.000572945	69.439	4
0	249	0.00309365	0.000410967	69.698	4
0	250	0.0031055	0.000441531	69.953	4
0	251	0.00251658	0.000456537	70.2	4
0	252	0.00286669	0.000451271	70.46	4
0	253	0.00285952	0.000493638	70.719	4
0	254	0.00425848	0.000714543	70.967	4
0	255	0.00287051	0.000423175	71.217	4
0	256	0.00271198	0.000394069	71.466	4
0	257	0.00267324	0.00037615	71.716	4
0	258	0.00324807	0.000491631	71.978	4
0	259	0.00267524	0.000467876	72.22	4
0	260	0.00241837	0.000376024	72.493	4
0	261	0.00499799	0.000603046	72.749	4
0	262	0.00380622	0.000442714	73.003	4
0	263	0.00227928	0.00028595	73.259	4
0	264	0.00268778	0.000404005	73.509	4
0	265	0.00245187	0.000508391	73.77	4
0	266	0.00247469	0.000369088	74.039	4
0	267	0.00412914	0.000453362	74.3	4
0	268	0.00292524	0.00046276	74.543	4
0	269	0.00326634	0.000497359	74.793	4
0	270	0.00302697	0.000478644	75.039	4
0	271	0.00201604	0.00039805	75.298	4
0	272	0.0025689	0.000357849	75.545	4
0	273	0.00277302	0.000400945	75.806	4
0	274	0.00234295	0.000421127	76.071	4
0	275	0.00245654	0.000419003	76.334	4
0	276	0.00316581	0.000483866	76.593	4
0	277	0.00215383	0.000332184	76.839	4
0	278	0.00236044	0.000415265	77.083	4
0	279	0.00300129	0.000404221	77.325	4
0	280	0.0021778	0.000378285	77.571	4
0	281	0.0031707	0.000503232	77.824	4
0	282	0.00284288	0.000406163	78.076	4
0	283	0.00201403	0.000379771	78.323	4
0	284	0.00244041	0.000347574	78.581	4
0	285	0.00220866	0.000333413	78.849	4
0	286	0.00235818	0.000337931	79.09	4
0	287	0.00253136	0.000350359	79.329	4
0	288	0.00224594	0.000359782	79.57	4
0	289	0.00247196	0.000310202	79.822	4
0	290	0.00219495	0.000329307	80.064	4
0	291	0.00178507	0.000341259	80.324	4
0	292	0.0043379	0.000563106	80.564	4
0	293	0.00295882	0.000355877	80.811	4
0	294	0.00279856	0.000488032	81.064	4
0	295	0.00258945	0.000343463	81.303	4
0	296	0.00397068	0.000432901	81.546	4
0	297	0.00285685	0.000471918	81.798	4
0	298	0.00214869	0.000315787	82.055	4
0	299	0.00231104	0.000330906	82.32	4
0	300	0.00380211	0.00049797	82.575	4
0	301	0.00276376	0.0003418	82.833	4
0	302	0.00239509	0.000436002	83.079	4
0	303	0.00236487	0.000392057	83.33	4
0	304	0.00219588	0.000391367	83.578	4
0	305	0.00333082	0.000435217	83.829	4
0	306	0.00226704	0.000350693	84.076	4
0	307	0.00241721	0.000409659	84.316	4
0	308	0.00199263	0.000331145	84.564	4
0	309	0.00287528	0.000329265	84.8211	4
0	310	0.00197052	0.000321696	85.058	4
0	311	0.00289535	0.000397968	85.294	4
0	312	0.00786131	0.000783075	85.55	4
0	313	0.00311916	0.000420703	85.809	4
0	314	0.00408172	0.000468347	86.069	4
0	315	0.00420067	0.000515951	86.325	4
0	316	0.0023506	0.00037497	86.575	4
0	317	0.00223864	0.000354911	86.832	4
0	318	0.00196489	0.000361213	87.092	4
0	319	0.00211444	0.000368779	87.354	4
0	320	0.00250768	0.000418137	87.597	4
0	321	0.00187456	0.000297169	87.851	4
0	322	0.00262956	0.000367952	88.097	4
0	323	0.00216822	0.000331757	88.36	4
0	324	0.00250636	0.000359889	88.605	4
0	325	0.00371689	0.000505006	88.84	4
0	326	0.00213323	0.00029568	89.08	4
0	327	0.0023814	0.000283338	89.324	4
0	328	0.00218498	0.000278927	89.576	4
0	329	0.00241503	0.00042787	89.821	4
0	330	0.00211472	0.000283718	90.075	4
0	331	0.00288398	0.000351114	90.334	4
0	332	0.00236308	0.000285943	90.584	4
0	333	0.00219698	0.000354744	90.841	4
0	334	0.00208894	0.000318352	91.101	4
0	335	0.00215165	0.000344375	91.344	4
0	336	0.00420728	0.000553311	91.5871	4
0	337	0.00301606	0.000468205	91.8411	4
0	338	0.0022353	0.00039482	92.1	4
0	339	0.00221694	0.0003149	92.344	4
0	340	0.00228625	0.000367219	92.604	4
0	341	0.00224741	0.000370951	92.842	4
0	342	0.00192555	0.000289716	93.089	4
0	343	0.00211434	0.000298337	93.342	4
0	344	0.00217906	0.000344622	93.582	4
0	345	0.00235491	0.000358858	93.844	4
0	346	0.00210168	0.000357426	94.105	4
0	347	0.0020905	0.000282075	94.354	4
0	348	0.00191379	0.000317353	94.613	4
0	349	0.0022066	0.00035335	94.873	4
0	350	0.00191137	0.000369353	95.128	4
0	351	0.00187617	0.000323074	95.371	4
0	352	0.00174015	0.000281022	95.6131	4
0	353	0.00185413	0.000302546	95.872	4
0	354	0.00233822	0.000271202	96.139	4
0	355	0.00355713	0.000372642	96.402	4
0	356	0.00198974	0.000295996	96.656	4
0	357	0.00219403	0.000278625	96.91	4
0	358	0.00182027	0.000255261	97.152	4
0	359	0.00219199	0.000298927	97.403	4
0	360	0.00196902	0.000283791	97.642	4
0	361	0.00205435	0.000298885	97.903	4
0	362	0.00200705	0.000301921	98.153	4
0	363	0.00394039	0.000405627	98.403	4
0	364	0.00290046	0.000359021	98.651	4
0	365	0.00392606	0.000494837	98.895	4
0	366	0.00327303	0.000516217	99.146	4
0	367	0.00411239	0.000423077	99.399	4
0	368	0.00266325	0.000390091	99.6471	4
0	369	0.00266724	0.00040271	99.921	4
0	370	0.00233945	0.000295071	100.168	4
0	371	0.00262644	0.000326274	100.432	4
0	372	0.00284606	0.000347412	100.677	4
0	373	0.00271044	0.000446454	100.921	4
0	374	0.00279736	0.000329606	101.164	4
0	375	0.00202828	0.00034297	101.399	4
0	376	0.00291822	0.000416565	101.64	4
0	377	0.00218416	0.000406741	101.895	4
0	378	0.00194982	0.000264692	102.158	4
0	379	0.0035678	0.000341285	102.395	4
0	380	0.00242293	0.000290143	102.639	4
0	381	0.00173359	0.000282135	102.885	4
0	382	0.00190826	0.00026989	103.14	4
0	383	0.00253527	0.000360859	103.396	4
0	384	0.00184539	0.000290391	103.646	4
0	385	0.00173318	0.000270492	103.896	4
0	386	0.00179803	0.000331506	104.141	4
0	387	0.00242518	0.000320117	104.393	4
0	388	0.00328121	0.000395703	104.636	4
0	389	0.00168114	0.000274435	104.88	4
0	390	0.00313933	0.000313446	105.13	4
0	391	0.00503719	0.000549947	105.403	4
0	392	0.00198238	0.000274626	105.651	4
0	393	0.00454283	0.000487505	105.937	4
0	394	0.00310382	0.000413427	106.191	4
0	395	0.00221891	0.000296115	106.444	4
0	396	0.00250005	0.000385618	106.699	4
0	397	0.00186854	0.00030777	106.944	4
0	398	0.00201534	0.000345889	107.182	4
0	399	0.00174706	0.000327658	107.432	4
0	400	0.00199686	0.00036446	107.677	4
0	401	0.00197201	0.000351897	107.924	4
0	402	0.0016468	0.000293351	108.191	4
0	403	0.00185803	0.000293325	108.44	4
0	404	0.0018349	0.000389028	108.695	4
0	405	0.0022077	0.000281206	108.948	4
0	406	0.00248548	0.0003242	109.2	4
0	407	0.00213738	0.00029873	109.457	4
0	408	0.00205789	0.000333241	109.713	4
0	409	0.00193535	0.000295695	109.97	4
0	410	0.00158501	0.00025108	110.224	4
0	411	0.00166286	0.000247753	110.47	4
0	412	0.00160838	0.000287004	110.725	4
0	413	0.00185027	0.000288654	110.978	4
0	414	0.0020605	0.000267809	111.216	4
0	415	0.00155374	0.000315321	111.462	4
0	416	0.00223662	0.000295486	111.706	4
0	417	0.00190059	0.000335787	111.966	4
0	418	0.00153454	0.00027744	112.225	4
0	419	0.00194887	0.000237855	112.492	4
0	420	0.00154325	0.000276024	112.737	4
0	421	0.00231596	0.000363635	112.997	4
0	422	0.00229676	0.000310381	113.252	4
0	423	0.00343433	0.000467537	113.502	4
0	424	0.00152708	0.000232143	113.752	4
0	425	0.00185528	0.000312972	114.034	4
0	426	0.00164445	0.000221165	114.29	4
0	427	0.00167548	0.000232989	114.568	4
0	428	0.0015599	0.000209778	114.816	4
0	429	0.00211052	0.000257404	115.075	4
0	430	0.00294288	0.000346716	115.33	4
0	431	0.00211414	0.000392123	115.578	4
0	432	0.00170011	0.000319157	115.829	4
0	433	0.00179794	0.000304649	116.066	4
0	434	0.00226832	0.000318668	116.327	4
0	435	0.00275874	0.000370751	116.579	4
0	436	0.00199587	0.000283733	116.827	4
0	437	0.00209891	0.000309668	117.087	4
0	438	0.00159815	0.000230269	117.342	4
0	439	0.00198235	0.000237175	117.597	4
0	440	0.0019634	0.00028277	117.846	4
0	441	0.00273182	0.00031448	118.112	4
0	442	0.00212176	0.000332176	118.359	4
0	443	0.00215252	0.000253252	118.617	4
0	444	0.00241643	0.000346866	118.869	4
0	445	0.00191645	0.000260016	119.114	4
0	446	0.00229308	0.000306979	119.365	4
0	447	0.0013664	0.000251114	119.613	4
0	448	0.00151115	0.000217303	119.863	4
0	449	0.0015668	0.000249564	120.124	4
0	450	0.00206689	0.000264313	120.378	4
0	451	0.00257755	0.000322403	120.63	4
0	452	0.00135819	0.000170183	120.885	4
0	453	0.00224638	0.000295711	121.139	4
0	454	0.00214454	0.000255225	121.396	4
0	455	0.0016812	0.000244942	121.649	4
0	456	0.00219914	0.000271312	121.907	4
0	457	0.00210352	0.000269365	122.159	4
0	458	0.00185587	0.000300313	122.413	4
0	459	0.0021125	0.000273774	122.661	4
0	460	0.00150133	0.000244404	122.91	4
0	461	0.00169451	0.000217332	123.161	4
0	462	0.00257914	0.000327876	123.414	4
0	463	0.0027933	0.00031917	123.666	4
0	464	0.00222893	0.000280807	123.925	4
0	465	0.00149759	0.000247268	124.181	4
0	466	0.0018289	0.000263813	124.437	4
0	467	0.00525103	0.000559161	124.686	4
0	468	0.00243956	0.000339085	124.932	4
0	469	0.00331985	0.000408822	125.183	4
0	470	0.00261598	0.0004038	125.428	4
0	471	0.0021928	0.000317328	125.68	4
0	472	0.00180552	0.000250385	125.929	4
0	473	0.00202483	0.000255135	126.184	4
0	474	0.00203508	0.000299238	126.444	4
0	475	0.0022062	0.000314404	126.697	4
0	476	0.00140677	0.000228656	126.946	4
0	477	0.00167987	0.000266848	127.192	4
0	478	0.00150952	0.000220416	127.439	4
0	479	0.0012763	0.000206293	127.678	4
0	480	0.00184017	0.000253677	127.928	4
0	481	0.00190308	0.000275845	128.174	4
0	482	0.00180866	0.000252708	128.42	4
0	483	0.0018068	0.000287889	128.665	4
0	484	0.00161394	0.000258784	128.913	4
0	485	0.00185833	0.000289718	129.164	4
0	486	0.00174086	0.000275301	129.412	4
0	487	0.00208978	0.000298124	129.667	4
0	488	0.00195422	0.000284774	129.925	4
0	489	0.00219099	0.000284268	130.176	4
0	490	0.00130235	0.00019027	130.419	4
0	491	0.00189066	0.000291151	130.675	4
0	492	0.00203492	0.000259251	130.929	4
0	493	0.00163071	0.000249759	131.182	4
0	494	0.00168531	0.000247716	131.427	4
0	495	0.00161027	0.000277598	131.662	4
0	496	0.00143998	0.000238514	131.926	4
0	497	0.00151949	0.000237911	132.176	4
0	498	0.00148477	0.00022613	132.423	4
0	499	0.00144638	0.000199819	132.687	4
0	500	0.00239189	0.000276254	132.94	4
0	501	0.00254811	0.000289279	133.191	4
0	502	0.00182647	0.000194244	133.447	4
0	503	0.0013723	0.000178603	133.699	4
0	504	0.00890024	0.000542229	133.956	4
0	505	0.00415307	0.000397747	134.204	4
0	506	0.00388733	0.000314985	134.442	4
0	507	0.00239424	0.000342008	134.685	4
0	508	0.00226572	0.000328319	134.926	4
0	509	0.00245466	0.000353473	135.192	4
0	510	0.00320101	0.000389652	135.444	4
0	511	0.00235988	0.000309705	135.696	4
0	512	0.0025006	0.000298655	135.946	4
0	513	0.00192724	0.000239274	136.2	4
0	514	0.0019679	0.000313067	136.445	4
0	515	0.00180756	0.00023048	136.702	4
0	516	0.00215913	0.000278684	136.957	4
0	517	0.00130791	0.000234787	137.192	4
0	518	0.00178928	0.000213966	137.435	4
0	519	0.00149713	0.000229913	137.678	4
0	520	0.00189679	0.00029734	137.937	4
0	521	0.0015853	0.000238373	138.2	4
0	522	0.00195194	0.000243776	138.449	4
0	523	0.00184288	0.000216775	138.704	4
0	524	0.00184739	0.000217134	138.966	4
0	525	0.001863	0.000230476	139.217	4
0	526	0.00140534	0.000201572	139.46	4
0	527	0.00137593	0.000192311	139.7	4
0	528	0.00130657	0.000220761	139.948	4
0	529	0.00140938	0.000245006	140.202	4
0	530	0.00163708	0.000263625	140.454	4
0	531	0.00167577	0.00024408	140.706	4
0	532	0.00241518	0.000287784	140.957	4
0	533	0.0016657	0.000273623	141.217	4
0	534	0.00190327	0.000217751	141.474	4
0	535	0.00198488	0.000306396	141.724	4
0	536	0.00264028	0.000402532	141.993	4
0	537	0.00224547	0.000331752	142.251	4
0	538	0.0020085	0.000338899	142.485	4
0	539	0.00149276	0.000236459	142.736	4
0	540	0.0013609	0.000244806	142.98	4
0	541	0.00149621	0.00024325	143.221	4
0	542	0.00227155	0.000320844	143.466	4
0	543	0.001548	0.000213896	143.705	4
0	544	0.00187403	0.000282637	143.96	4
0	545	0.00227042	0.000267311	144.218	4
0	546	0.00264002	0.000367506	144.482	4
0	547	0.00196835	0.00024525	144.733	4
0	548	0.0015453	0.000218105	144.996	4
0	549	0.00177841	0.000255481	145.248	4
0	550	0.00171637	0.000218722	145.485	4
0	551	0.00193806	0.000235792	145.731	4
0	552	0.00181027	0.000224351	145.974	4
0	553	0.00171626	0.000250559	146.216	4
0	554	0.00201066	0.000246269	146.463	4
0	555	0.00199697	0.000210678	146.714	4
0	556	0.00172448	0.000198423	146.965	4
0	557	0.00163142	0.000248076	147.234	4
0	558	0.00164297	0.000228103	147.479	4
0	559	0.00151727	0.000208824	147.735	4
0	560	0.00146246	0.000234786	147.99	4
0	561	0.00154614	0.000195891	148.251	4
0	562	0.00136886	0.000224583	148.509	4
0	563	0.00140032	0.000200762	148.756	4
0	564	0.00154078	0.000270621	149.003	4
0	565	0.00181919	0.0002591	149.242	4
0	566	0.00217651	0.000230237	149.484	4
0	567	0.00140405	0.000227918	149.732	4
0	568	0.0011283	0.000171937	149.984	4
0	569	0.00117775	0.000187111	150.234	4
0	570	0.00143759	0.000209774	150.49	4
0	571	0.00241583	0.000304322	150.743	4
0	572	0.00183136	0.000204615	150.999	4
0	573	0.0030978	0.00029766	151.244	4
0	574	0.00158318	0.000206542	151.506	4
0	575	0.0026664	0.000279268	151.756	4
0	576	0.00152983	0.000187141	152.017	4
0	577	0.00169768	0.000215548	152.264	4
0	578	0.00151735	0.000256752	152.513	4
0	579	0.00139428	0.000175775	152.761	4
0	580	0.00151025	0.000198982	153.006	4
0	581	0.00127789	0.000179185	153.26	4
0	582	0.0015278	0.000214529	153.512	4
0	583	0.00135211	0.000184874	153.766	4
0	584	0.0013492	0.000194422	154.022	4
0	585	0.00152786	0.000201668	154.276	4
0	586	0.00131614	0.000197726	154.534	4
0	587	0.00139841	0.000197974	154.784	4
0	588	0.00307234	0.000296873	155.04	4
0	589	0.00157604	0.000290277	155.277	4
0	590	0.00281817	0.000236096	155.518	4
0	591	0.00174038	0.000237788	155.765	4
0	592	0.00245035	0.000202717	156.023	4
0	593	0.00136746	0.000191774	156.291	4
0	594	0.0020999	0.000228149	156.557	4
0	595	0.00144857	0.000221547	156.802	4
0	596	0.00191297	0.00030636	157.054	4
0	597	0.00177048	0.000210824	157.297	4
0	598	0.00156669	0.000215278	157.555	4
0	599	0.00138331	0.000230805	157.807	4
0	600	0.00125845	0.000223901	158.062	4
0	601	0.00200743	0.000211915	158.315	4
0	602	0.00140413	0.000186089	158.569	4
0	603	0.00148173	0.000232388	158.82	4
0	604	0.00121827	0.000210908	159.097	4
0	605	0.00153205	0.000184137	159.338	4
0	606	0.00134363	0.000195422	159.581	4
0	607	0.00146897	0.000221676	159.84	4
0	608	0.00140054	0.000187942	160.095	4
0	609	0.00120534	0.000167423	160.358	4
0	610	0.00137061	0.000183167	160.603	4
0	611	0.00148735	0.000186372	160.863	4
0	612	0.0019079	0.00020863	161.102	4
0	613	0.00139362	0.000170962	161.346	4
0	614	0.0015932	0.000223885	161.586	4
0	615	0.00210731	0.000225077	161.83	4
0	616	0.00132601	0.000166684	162.088	4
0	617	0.00148768	0.000230011	162.342	4
0	618	0.00115348	0.000175688	162.599	4
0	619	0.00111931	0.000195515	162.854	4
0	620	0.00152345	0.000263981	163.099	4
0	621	0.00122917	0.000229171	163.345	4
0	622	0.00142743	0.000192518	163.585	4
0	623	0.00151446	0.000245401	163.836	4
0	624	0.00138733	0.000202412	164.093	4
0	625	0.00112287	0.000208598	164.333	4
0	626	0.00146929	0.000233833	164.576	4
0	627	0.00174088	0.000310183	164.812	4
0	628	0.00194504	0.000296101	165.052	4
0	629	0.00204613	0.000289669	165.297	4
0	630	0.00186097	0.000227175	165.543	4
0	631	0.00128509	0.000194369	165.787	4
0	632	0.00213414	0.000257447	166.056	4
0	633	0.00129803	0.000203372	166.313	4
0	634	0.00132961	0.000191143	166.558	4
0	635	0.00144892	0.000204605	166.801	4
0	636	0.00114513	0.000166429	167.036	4
0	637	0.00401917	0.000283451	167.274	4
0	638	0.00185384	0.000217332	167.527	4
0	639	0.00211206	0.00025569	167.768	4
0	640	0.00179464	0.000310598	168.018	4
0	641	0.00141716	0.000201171	168.271	4
0	642	0.0019132	0.000203214	168.52	4
0	643	0.00140227	0.000229589	168.777	4
0	644	0.00139288	0.000177224	169.034	4
0	645	0.00129079	0.000230688	169.277	4
0	646	0.00110689	0.000169755	169.526	4
0	647	0.00181422	0.000227243	169.769	4
0	648	0.00151021	0.000205656	170.021	4
0	649	0.00157449	0.000210031	170.266	4
0	650	0.00146518	0.000253828	170.51	4
0	651	0.00161197	0.000223999	170.762	4
0	652	0.00173008	0.000225156	171.006	4
0	653	0.00158928	0.000221538	171.27	4
0	654	0.00150776	0.000197817	171.518	4
0	655	0.00184777	0.000261099	171.772	4
0	656	0.00143199	0.00027222	172.017	4
0	657	0.00126423	0.000195558	172.266	4
0	658	0.00146899	0.000188305	172.516	4
0	659	0.00209347	0.000278276	172.765	4
0	660	0.0014928	0.00021991	173.006	4
0	661	0.0013509	0.000180052	173.246	4
0	662	0.00169676	0.000251847	173.485	4
0	663	0.00144502	0.000191861	173.725	4
0	664	0.00160523	0.00020435	173.979	4
0	665	0.00263951	0.000279237	174.233	4
0	666	0.00186693	0.000266961	174.492	4
0	667	0.00116945	0.00014516	174.742	4
0	668	0.00186405	0.000224158	174.994	4
0	669	0.00204491	0.000213121	175.235	4
0	670	0.00129669	0.000175283	175.478	4
0	671	0.00131409	0.000191764	175.72	4
0	672	0.00152572	0.00024909	175.966	4
0	673	0.00143361	0.00018792	176.222	4
0	674	0.00161342	0.000201837	176.469	4
0	675	0.00232686	0.000256213	176.722	4
0	676	0.00128958	0.00020147	176.976	4
0	677	0.00123289	0.000182711	177.234	4
0	678	0.0011581	0.000179334	177.472	4
0	679	0.00141888	0.000169281	177.744	4
0	680	0.00319835	0.000322569	178.005	4
0	681	0.00284251	0.000387687	178.265	4
0	682	0.00230397	0.000284733	178.532	4
0	683	0.00272008	0.00025801	178.78	4
0	684	0.00240881	0.000323618	179.029	4
0	685	0.00157104	0.000185073	179.27	4
0	686	0.00226457	0.0002296	179.51	4
0	687	0.00230135	0.000217209	179.753	4
0	688	0.00189006	0.000232534	179.992	4
0	689	0.00187309	0.000284232	180.255	4
0	690	0.00209239	0.000238629	180.506	4
0	691	0.00129243	0.000196041	180.766	4
0	692	0.00149225	0.000197618	181.021	4
0	693	0.00157428	0.000222683	181.275	4
0	694	0.00128967	0.000186613	181.534	4
0	695	0.00201027	0.000275507	181.785	4
0	696	0.00175681	0.000280821	182.051	4
0	697	0.00171331	0.000212398	182.313	4
0	698	0.0025655	0.000300711	182.568	4
0	699	0.00124222	0.00018675	182.821	4
0	700	0.00115196	0.000208834	183.069	4
0	701	0.00117761	0.000186013	183.308	4
0	702	0.00166861	0.00017907	183.556	4
0	703	0.00152378	0.000196994	183.811	4
0	704	0.00127405	0.000188955	184.069	4
0	705	0.00114295	0.000177156	184.324	4
0	706	0.00135077	0.000184445	184.571	4
0	707	0.00134601	0.000191053	184.819	4
0	708	0.00120278	0.000184357	185.064	4
0	709	0.00127622	0.000190208	185.313	4
0	710	0.00131996	0.000148406	185.572	4
0	711	0.00113977	0.00017186	185.825	4
0	712	0.00217576	0.000232805	186.076	4
0	713	0.00113724	0.000197336	186.344	4
0	714	0.00134964	0.000204665	186.593	4
0	715	0.0020392	0.000228914	186.858	4
0	716	0.00301254	0.000213075	187.115	4
0	717	0.00228072	0.000233352	187.362	4
0	718	0.00166584	0.000194501	187.613	4
0	719	0.00136525	0.000176448	187.865	4
0	720	0.00189207	0.000209329	188.124	4
0	721	0.00169211	0.000282401	188.371	4
0	722	0.00223548	0.00028655	188.628	4
0	723	0.00157129	0.000217051	188.867	4
0	724	0.00128246	0.000228405	189.108	4
0	725	0.00130212	0.000189865	189.371	4
0	726	0.0019724	0.000284343	189.606	4
0	727	0.0014612	0.000200461	189.858	4
0	728	0.00141282	0.00017329	190.126	4
0	729	0.00126934	0.000199483	190.378	4
0	730	0.00119511	0.000202001	190.63	4
0	731	0.00127351	0.000178007	190.888	4
0	732	0.00158805	0.000206214	191.125	4
0	733	0.0013399	0.00021029	191.369	4
0	734	0.00113546	0.000217266	191.603	4
0	735	0.00142518	0.000240794	191.838	4
0	736	0.00120763	0.000189249	192.095	4
0	737	0.00157918	0.00023962	192.351	4
0	738	0.00105074	0.000175591	192.605	4
0	739	0.00203381	0.000254954	192.856	4
0	740	0.00136729	0.000232957	193.102	4
0	741	0.00142333	0.000181131	193.353	4
0	742	0.00104322	0.000151644	193.596	4
0	743	0.00171161	0.00017957	193.841	4
0	744	0.00203713	0.000261495	194.088	4
0	745	0.00133152	0.000162768	194.331	4
0	746	0.00116815	0.000158898	194.572	4
0	747	0.00163423	0.000171192	194.833	4
0	748	0.00101671	0.000144612	195.081	4
0	749	0.00116335	0.000145371	195.328	4
0	750	0.00108337	0.000148062	195.583	4
0	751	0.00113455	0.000146534	195.84	4
0	752	0.00113129	0.000155754	196.097	4
0	753	0.001408	0.000147664	196.369	4
0	754	0.00231837	0.00024282	196.62	4
0	755	0.00247395	0.000147004	196.867	4
0	756	0.00259305	0.000289807	197.1	4
0	757	0.00156593	0.000189278	197.342	4
0	758	0.00144551	0.000181331	197.585	4
0	759	0.00153259	0.000176908	197.83	4
0	760	0.00161874	0.000208938	198.075	4
0	761	0.00128231	0.000171507	198.323	4
0	762	0.00128014	0.000195332	198.566	4
0	763	0.00190032	0.0002345	198.797	4
0	764	0.00143039	0.000229719	199.037	4
0	765	0.00166384	0.000212509	199.283	4
0	766	0.00123096	0.000200653	199.531	4
0	767	0.00123112	0.000217003	199.79	4
0	768	0.00160842	0.000235045	200.057	4
0	769	0.00130269	0.000182825	200.313	4
0	770	0.00134064	0.000193326	200.56	4
0	771	0.00136785	0.00015609	200.821	4
0	772	0.00146087	0.000161287	201.065	4
0	773	0.00325816	0.000239591	201.309	4
0	774	0.00114839	0.000167308	201.558	4
0	775	0.00137309	0.000187992	201.806	4
0	776	0.0021434	0.000234323	202.052	4
0	777	0.00137947	0.000183309	202.3	4
0	778	0.00115889	0.000187576	202.549	4
0	779	0.00172124	0.000192693	202.807	4
0	780	0.0016319	0.000197021	203.065	4
0	781	0.00119249	0.000164795	203.306	4
0	782	0.00129497	0.000151603	203.547	4
0	783	0.00115381	0.000145481	203.794	4
0	784	0.00275823	0.000245891	204.033	4
0	785	0.0012932	0.000174394	204.281	4
0	786	0.00125939	0.000189466	204.53	4
0	787	0.00161518	0.000207618	204.794	4
0	788	0.0015684	0.00016903	205.045	4
0	789	0.00183836	0.000204215	205.292	4
0	790	0.0021817	0.000183697	205.54	4
0	791	0.00191516	0.00016621	205.782	4
0	792	0.00102885	0.000158214	206.015	4
0	793	0.00112523	0.000159861	206.254	4
0	794	0.00152867	0.000205533	206.499	4
0	795	0.0011348	0.000185406	206.749	4
0	796	0.00115811	0.000162976	207	4
0	797	0.00128249	0.000202995	207.247	4
0	798	0.00104178	0.000163949	207.496	4
0	799	0.00101645	0.000178173	207.738	4
0	800	0.00140465	0.000203989	207.986	4
0	801	0.00171691	0.000215406	208.241	4
0	802	0.00159984	0.000196137	208.494	4
0	803	0.00191834	0.00018908	208.748	4
0	804	0.00164184	0.00022496	208.994	4
0	805	0.00124469	0.000165349	209.243	4
0	806	0.00108169	0.000169063	209.482	4
0	807	0.00122484	0.000180628	209.721	4
0	808	0.00157812	0.000183739	209.963	4
0	809	0.00102289	0.000147722	210.202	4
0	810	0.00180808	0.000212902	210.453	4
0	811	0.00115677	0.000180721	210.708	4
0	812	0.00110151	0.000191286	210.946	4
0	813	0.00127437	0.000222651	211.205	4
0	814	0.0010313	0.00017478	211.467	4
0	815	0.00140635	0.000209602	211.72	4
0	816	0.00129583	0.000184615	211.992	4
0	817	0.00107577	0.000175224	212.254	4
0	818	0.00133472	0.000156881	212.504	4
0	819	0.00127809	0.000142662	212.761	4
0	820	0.00151491	0.00018649	213.02	4
0	821	0.00107072	0.000146521	213.27	4
0	822	0.00141387	0.000188427	213.528	4
0	823	0.00129403	0.000158545	213.781	4
0	824	0.00112479	0.00017126	214.035	4
0	825	0.00121614	0.000195119	214.286	4
0	826	0.00125195	0.000188464	214.542	4
0	827	0.00154341	0.000191279	214.8	4
0	828	0.00142348	0.000145188	215.045	4
0	829	0.00199867	0.000242565	215.298	4
0	830	0.00144598	0.000151351	215.547	4
0	831	0.00144648	0.000159585	215.786	4
0	832	0.00118176	0.000157881	216.03	4
0	833	0.00104099	0.000141731	216.277	4
0	834	0.00128276	0.000169805	216.521	4
0	835	0.0011371	0.000143522	216.776	4
0	836	0.00107168	0.000136141	217.033	4
0	837	0.00107758	0.000128431	217.283	4
0	838	0.00098865	0.000134242	217.528	4
0	839	0.00103886	0.000137602	217.778	4
0	840	0.000985125	0.00014158	218.03	4
0	841	0.00144259	0.000182112	218.276	4
0	842	0.000943999	0.000123944	218.517	4
0	843	0.00113722	0.000136168	218.763	4
0	844	0.00115583	0.000143224	219.014	4
0	845	0.00175156	0.000179555	219.274	4
0	846	0.00134002	0.000161511	219.534	4
0	847	0.00150457	0.000218998	219.785	4
0	848	0.00124649	0.000185707	220.037	4
0	849	0.00133585	0.000186488	220.29	4
0	850	0.00128864	0.000202604	220.539	4
0	851	0.000951373	0.000144963	220.791	4
0	852	0.00177479	0.000223098	221.041	4
0	853	0.00146547	0.00022217	221.29	4
0	854	0.00132793	0.000167557	221.545	4
0	855	0.00110305	0.000201772	221.778	4
0	856	0.00104008	0.000181794	222.025	4
0	857	0.00179517	0.000254986	222.278	4
0	858	0.00247278	0.000391302	222.531	4
0	859	0.00139974	0.000238016	222.788	4
0	860	0.00148036	0.000181544	223.043	4
0	861	0.00121063	0.000197908	223.308	4
0	862	0.00151376	0.000201169	223.565	4
0	863	0.00119746	0.000218794	223.801	4
0	864	0.00129445	0.000181278	224.049	4
0	865	0.00105996	0.000163751	224.289	4
0	866	0.00174903	0.00021274	224.531	4
0	867	0.000897756	0.000132261	224.779	4
0	868	0.0015046	0.000163153	225.026	4
0	869	0.00174652	0.000224741	225.281	4
0	870	0.00130906	0.00018468	225.53	4
0	871	0.00120422	0.000167985	225.771	4
0	872	0.00102628	0.000153065	226.022	4
0	873	0.00141343	0.000148721	226.265	4
0	874	0.0010721	0.000126247	226.516	4
0	875	0.00123455	0.000192201	226.784	4
0	876	0.00101072	0.000136807	227.044	4
0	877	0.00106706	0.000153376	227.302	4
0	878	0.00101797	0.000141308	227.553	4
0	879	0.000929724	0.000122674	227.795	4
0	880	0.00126	0.000150414	228.04	4
0	881	0.0015701	0.000161749	228.29	4
0	882	0.00137358	0.000203854	228.535	4
0	883	0.00121414	0.000194632	228.782	4
0	884	0.0016064	0.000196551	229.045	4
0	885	0.00098314	0.000158146	229.303	4
0	886	0.00182763	0.000168138	229.567	4
0	887	0.00121789	0.000160206	229.834	4
0	888	0.00121833	0.000154026	230.076	4
0	889	0.00165741	0.000195154	230.316	4
0	890	0.00143836	0.000185325	230.555	4
0	891	0.00105636	0.000136843	230.816	4
0	892	0.00169847	0.000181137	231.07	4
0	893	0.0010887	0.000148581	231.319	4
0	894	0.00128081	0.000161253	231.567	4
0	895	0.00094534	0.000170612	231.824	4
0	896	0.00158324	0.000189941	232.076	4
0	897	0.00116985	0.000147198	232.328	4
0	898	0.00115729	0.000153435	232.58	4
0	899	0.000991133	0.000155393	232.842	4
0	900	0.00117795	0.00014633	233.098	4
0	901	0.00104026	0.000148281	233.342	4
0	902	0.00105776	0.00012818	233.587	4
0	903	0.00128802	0.000160584	233.827	4
0	904	0.0010434	0.000128033	234.072	4
0	905	0.00119527	0.00014148	234.316	4
0	906	0.00129085	0.000181238	234.562	4
0	907	0.000917962	0.00014161	234.815	4
0	908	0.00106511	0.000179819	235.065	4
0	909	0.00143945	0.000200084	235.319	4
0	910	0.000985933	0.000156783	235.576	4
0	911	0.00157442	0.000192121	235.832	4
0	912	0.00104555	0.000177543	236.074	4
0	913	0.00144449	0.000217935	236.332	4
0	914	0.00109118	0.000196211	236.568	4
0	915	0.00104368	0.00016631	236.808	4
0	916	0.00101413	0.00018221	237.06	4
0	917	0.0014604	0.000169613	237.313	4
0	918	0.0018962	0.000191806	237.568	4
0	919	0.000868551	0.000126567	237.832	4
0	920	0.00670719	0.000527566	238.094	4
0	921	0.00234955	0.000184682	238.343	4
0	922	0.00214692	0.000231083	238.591	4
0	923	0.00136554	0.000188026	238.839	4
0	924	0.00225849	0.000165132	239.098	4
0	925	0.00275688	0.000281985	239.348	4
0	926	0.00128747	0.000173694	239.609	4
0	927	0.00150302	0.00019469	239.851	4
0	928	0.00201405	0.000205695	240.095	4
0	929	0.00127201	0.000209234	240.353	4
0	930	0.00123935	0.000160833	240.599	4
0	931	0.00129834	0.000166554	240.858	4
0	932	0.00112594	0.000159475	241.12	4
0	933	0.00125723	0.000173226	241.36	4
0	934	0.00127606	0.000186323	241.601	4
0	935	0.00101647	0.000147934	241.861	4
0	936	0.000993662	0.000160032	242.12	4
0	937	0.000832503	0.000129147	242.383	4
0	938	0.00126885	0.000154802	242.649	4
0	939	0.00121488	0.000149472	242.907	4
0	940	0.000922792	0.000157602	243.15	4
0	941	0.000911248	0.000136453	243.412	4
0	942	0.000875129	0.000144791	243.659	4
0	943	0.00132145	0.000172616	243.904	4
0	944	0.00118811	0.000181908	244.144	4
0	945	0.00137048	0.000156817	244.384	4
0	946	0.00120697	0.000143495	244.633	4
0	947	0.00111574	0.000135175	244.886	4
0	948	0.00170757	0.000190172	245.139	4
0	949	0.000921054	0.000178403	245.394	4
0	950	0.00133233	0.00019223	245.65	4
0	951	0.00133529	0.000152779	245.901	4
0	952	0.0015259	0.0001974	246.142	4
0	953	0.00100627	0.000168783	246.388	4
0	954	0.000985662	0.000137308	246.632	4
0	955	0.00155526	0.000167978	246.872	4
0	956	0.00186966	0.000173175	247.123	4
0	957	0.00111094	0.00012754	247.373	4
0	958	0.00106535	0.000136328	247.619	4
0	959	0.000945754	0.000131933	247.865	4
0	960	0.00111812	0.000152563	248.116	4
0	961	0.00101317	0.000158887	248.358	4
0	962	0.00115297	0.000168073	248.621	4
0	963	0.00188601	0.000235764	248.884	4
0	964	0.00112493	0.000174062	249.135	4
0	965	0.000992486	0.000155926	249.385	4
0	966	0.00108493	0.000166291	249.637	4
0	967	0.00143774	0.000155103	249.885	4
0	968	0.000969512	0.000138051	250.13	4
0	969	0.00104111	0.000131271	250.368	4
0	970	0.00100268	0.000152461	250.611	4
0	971	0.00099851	0.000149261	250.858	4
0	972	0.00103351	0.000153272	251.116	4
0	973	0.00281902	0.000310965	251.376	4
0	974	0.00196437	0.0002149	251.642	4
0	975	0.00104336	0.000195798	251.897	4
0	976	0.00123252	0.000119189	252.146	4
0	977	0.00102098	0.000165051	252.397	4
0	978	0.000903907	0.000147548	252.654	4
0	979	0.00119459	0.000187625	252.902	4
0	980	0.00100219	0.000139955	253.157	4
0	981	0.00090394	0.000132508	253.42	4
0	982	0.000995944	0.000150906	253.678	4
0	983	0.00159218	0.000149423	253.927	4
0	984	0.00194546	0.000175047	254.185	4
0	985	0.0011173	0.000148941	254.433	4
0	986	0.00122465	0.00017613	254.688	4
0	987	0.0010022	0.000148683	254.959	4
0	988	0.0012234	0.000168937	255.201	4
0	989	0.00117913	0.000170075	255.465	4
0	990	0.00114006	0.000186903	255.719	4
0	991	0.00112005	0.000172849	255.976	4
0	992	0.00138806	0.000193724	256.217	4
0	993	0.00144818	0.000186008	256.468	4
0	994	0.00120078	0.000172874	256.713	4
0	995	0.00156821	0.00017621	256.972	4
0	996	0.00155498	0.000223291	257.221	4
0	997	0.00148317	0.00020488	257.472	4
0	998	0.00132421	0.000143646	257.727	4
0	999	0.00125385	0.000128411	257.978	4
0	1000	0.00106164	0.00013412	258.222	4
0	1001	0.0015606	0.000143389	258.475	4
0	1002	0.0012975	0.000137486	258.73	4
0	1003	0.00124555	0.000122693	258.99	4
0	1004	0.00125449	0.000123702	259.237	4
0	1005	0.00123385	0.000157824	259.485	4
0	1006	0.00133432	0.000144786	259.744	4
0	1007	0.0010373	0.000114557	259.996	4
0	1008	0.00174713	0.000173564	260.255	4
0	1009	0.00104237	0.000129841	260.503	4
0	1010	0.000939374	0.00014064	260.747	4
0	1011	0.00141414	0.000155566	261.005	4
0	1012	0.00165037	0.000156786	261.255	4
0	1013	0.00122825	0.000184394	261.515	4
0	1014	0.00105811	0.000147167	261.773	4
0	1015	0.000808307	0.000133584	262.033	4
0	1016	0.00142157	0.000150371	262.284	4
0	1017	0.00133759	0.000163885	262.54	4
0	1018	0.0012761	0.000120397	262.781	4
0	1019	0.00117987	0.000144616	263.042	4
0	1020	0.00113857	0.000157136	263.31	4
0	1021	0.00102545	0.000162279	263.554	4
0	1022	0.00191411	0.000187527	263.814	4
0	1023	0.00251852	0.000254426	264.082	4
0	1024	0.00110721	0.000158783	264.333	4
0	1025	0.00102202	0.000124852	264.592	4
0	1026	0.00105118	0.000159346	264.838	4
0	1027	0.000952711	0.000118474	265.104	4
0	1028	0.000819101	0.000129309	265.356	4
0	1029	0.00132771	0.000144334	265.597	4
0	1030	0.000971294	0.000176658	265.835	4
0	1031	0.000948042	0.000115321	266.091	4
0	1032	0.000859548	0.000143058	266.339	4
0	1033	0.00110902	0.000161938	266.593	4
0	1034	0.00114	0.00015844	266.848	4
0	1035	0.000970788	0.000133272	267.12	4
0	1036	0.00115732	0.000129885	267.373	4
0	1037	0.00105475	0.000131898	267.621	4
0	1038	0.00146935	0.000186424	267.861	4
0	1039	0.00115568	0.000146015	268.109	4
0	1040	0.000913748	0.000140126	268.351	4
0	1041	0.000877292	0.000159039	268.597	4
0	1042	0.000886073	0.000139406	268.833	4
0	1043	0.000875762	0.000147794	269.099	4
0	1044	0.000871234	0.000136356	269.35	4
0	1045	0.000925915	0.000148494	269.608	4
0	1046	0.000838203	0.000150471	269.863	4
0	1047	0.00105048	0.000146357	270.114	4
0	1048	0.00157072	0.000198128	270.358	4
0	1049	0.0011413	0.000170785	270.604	4
0	1050	0.00188999	0.000268779	270.844	4
0	1051	0.00146153	0.000151968	271.108	4
0	1052	0.00101973	0.000172985	271.364	4
0	1053	0.000918609	0.000139513	271.606	4
0	1054	0.00145939	0.000163843	271.858	4
0	1055	0.000984527	0.000142914	272.119	4
0	1056	0.00166108	0.000194077	272.37	4
0	1057	0.00120386	0.000156916	272.62	4
0	1058	0.000902255	0.000140834	272.886	4
0	1059	0.00134433	0.000186959	273.151	4
0	1060	0.00169094	0.000191998	273.4	4
0	1061	0.00182094	0.000231387	273.642	4
0	1062	0.00188557	0.00020596	273.887	4
0	1063	0.00167391	0.000193415	274.129	4
0	1064	0.00145749	0.000174253	274.373	4
0	1065	0.00124388	0.00013853	274.61	4
0	1066	0.00189503	0.00021231	274.849	4
0	1067	0.0014664	0.000163885	275.114	4
0	1068	0.00112262	0.000163768	275.369	4
0	1069	0.0013241	0.000200779	275.614	4
0	1070	0.000964706	0.000129866	275.884	4
0	1071	0.00141559	0.000153056	276.135	4
0	1072	0.00123193	0.000165448	276.388	4
0	1073	0.00110553	0.000161464	276.628	4
0	1074	0.00100037	0.00013838	276.883	4
0	1075	0.00129269	0.000167732	277.143	4
0	1076	0.00135475	0.00018616	277.388	4
0	1077	0.00161915	0.000187178	277.626	4
0	1078	0.00112857	0.000200111	277.867	4
0	1079	0.00102931	0.000151831	278.12	4
0	1080	0.0011951	0.000168112	278.38	4
0	1081	0.000971958	0.000141197	278.641	4
0	1082	0.00140823	0.000143757	278.905	4
0	1083	0.00132434	0.000158048	279.159	4
0	1084	0.00262035	0.000319403	279.405	4
0	1085	0.00264398	0.00026601	279.66	4
0	1086	0.0026305	0.000220986	279.9	4
0	1087	0.0013262	0.000175513	280.141	4
0	1088	0.00267337	0.000181615	280.383	4
0	1089	0.00205334	0.000192808	280.626	4
0	1090	0.00193658	0.000227798	280.866	4
0	1091	0.0012256	0.000174429	281.132	4
0	1092	0.00204361	0.000227848	281.377	4
0	1093	0.00104865	0.000169756	281.634	4
0	1094	0.00103134	0.000154532	281.882	4
0	1095	0.00131415	0.000146971	282.14	4
0	1096	0.00192402	0.000151353	282.381	4
0	1097	0.000958609	0.000124922	282.634	4
0	1098	0.00156667	0.000154404	282.891	4
0	1099	0.0020007	0.00021267	283.142	4
0	1100	0.00188497	0.000196585	283.402	4
0	1101	0.00184048	0.000172641	283.647	4
0	1102	0.0014244	0.000171585	283.896	4
0	1103	0.000991298	0.000129845	284.152	4
0	1104	0.00135581	0.000142501	284.396	4
0	1105	0.00276042	0.000266994	284.658	4
0	1106	0.000850031	0.000131758	284.912	4
0	1107	0.00121262	0.000146041	285.178	4
0	1108	0.00124376	0.000171848	285.456	4
0	1109	0.0017789	0.000166571	285.708	4
0	1110	0.0020337	0.00019746	285.947	4
0	1111	0.0012063	0.000171031	286.191	4
0	1112	0.00122333	0.000167079	286.437	4
0	1113	0.00135872	0.000201006	286.68	4
0	1114	0.00083203	0.000142101	286.927	4
0	1115	0.00106842	0.000139915	287.188	4
0	1116	0.00163467	0.000215167	287.447	4
0	1117	0.00139429	0.000165262	287.692	4
0	1118	0.00115477	0.000125672	287.955	4
0	1119	0.00185548	0.000175445	288.203	4
0	1120	0.00110298	0.00013287	288.448	4
0	1121	0.0014413	0.000195301	288.698	4
0	1122	0.00131557	0.000201534	288.943	4
0	1123	0.000824516	0.000151659	289.201	4
0	1124	0.00120904	0.00017017	289.444	4
0	1125	0.000890163	0.000153145	289.686	4
0	1126	0.00102109	0.000175099	289.926	4
0	1127	0.0011544	0.000136607	290.179	4
0	1128	0.000908358	0.000132681	290.419	4
0	1129	0.000873993	0.000145985	290.657	4
0	1130	0.000954308	0.000143592	290.9	4
0	1131	0.000846383	0.000138037	291.16	4
0	1132	0.000882314	0.000143858	291.408	4
0	1133	0.0010506	0.000154738	291.663	4
0	1134	0.000809342	0.000147161	291.914	4
0	1135	0.00240924	0.00030705	292.161	4
0	1136	0.00112822	0.000176451	292.404	4
0	1137	0.00107649	0.000145784	292.649	4
0	1138	0.00157481	0.000190151	292.895	4
0	1139	0.000969269	0.000138332	293.164	4
0	1140	0.000867322	0.000144023	293.417	4
0	1141	0.000843015	0.000141584	293.676	4
0	1142	0.00116177	0.000209792	293.93	4
0	1143	0.00156907	0.000162319	294.172	4
0	1144	0.00120919	0.000203037	294.424	4
0	1145	0.000951652	0.000155985	294.666	4
0	1146	0.000907172	0.00015443	294.914	4
0	1147	0.0012641	0.000138365	295.175	4
0	1148	0.00110729	0.000151507	295.42	4
0	1149	0.00141413	0.00019479	295.668	4
0	1150	0.00119654	0.000134752	295.916	4
0	1151	0.00089616	0.000123672	296.181	4
0	1152	0.00176189	0.000200474	296.425	4
0	1153	0.00101807	0.000159809	296.669	4
0	1154	0.00106915	0.000145558	296.917	4
0	1155	0.000886011	0.000155606	297.173	4
0	1156	0.00103466	0.000127017	297.432	4
0	1157	0.00103721	0.000147467	297.687	4
0	1158	0.000913194	0.000125583	297.935	4
0	1159	0.00100923	0.000169476	298.184	4
0	1160	0.00296327	0.000322572	298.422	4
0	1161	0.00140653	0.000183941	298.664	4
0	1162	0.00155221	0.000144779	298.906	4
0	1163	0.0019862	0.000205217	299.162	4
0	1164	0.00102476	0.000148333	299.435	4
0	1165	0.000945388	0.000134014	299.679	4
0	1166	0.00146806	0.000178057	299.929	4
0	1167	0.000922426	0.000164554	300.179	4
0	1168	0.000917578	0.000139724	300.433	4
0	1169	0.000868066	0.000171501	300.667	4
0	1170	0.000787749	0.000127381	300.908	4
0	1171	0.000767553	0.000138517	301.166	4
0	1172	0.0016147	0.000211453	301.409	4
0	1173	0.00209644	0.000189225	301.651	4
0	1174	0.00114137	0.000137912	301.896	4
0	1175	0.000929638	0.000152077	302.155	4
0	1176	0.00121026	0.00014203	302.402	4
0	1177	0.00193493	0.000199355	302.65	4
0	1178	0.00155774	0.000176601	302.903	4
0	1179	0.00193145	0.000171258	303.157	4
0	1180	0.00109112	0.000136749	303.4	4
0	1181	0.00112584	0.000146422	303.641	4
0	1182	0.000913176	0.000107771	303.885	4
0	1183	0.00125137	0.000138886	304.126	4
0	1184	0.000928564	0.000115657	304.368	4
0	1185	0.000993046	0.000127361	304.605	4
0	1186	0.00101025	0.000155398	304.846	4
0	1187	0.000835543	0.000113813	305.099	4
0	1188	0.000801484	0.000111949	305.352	4
0	1189	0.000960924	0.00015246	305.603	4
0	1190	0.000894844	0.000127089	305.859	4
0	1191	0.000932646	0.000137209	306.114	4
0	1192	0.000988741	0.000137611	306.363	4
0	1193	0.000804427	0.000115738	306.602	4
0	1194	0.00096729	0.000128248	306.846	4
0	1195	0.00156204	0.000167279	307.088	4
0	1196	0.00167736	0.000140944	307.34	4
0	1197	0.00123694	0.000132504	307.585	4
0	1198	0.0010136	0.000133898	307.824	4
0	1199	0.00111587	0.000133109	308.078	4
0	1200	0.000951655	0.000132525	308.321	4
0	1201	0.00120007	0.00019238	308.565	4
0	1202	0.00082251	0.000138481	308.812	4
0	1203	0.000814605	0.000138433	309.067	4
0	1204	0.000843472	0.000134947	309.313	4
0	1205	0.00145575	0.000165837	309.566	4
0	1206	0.00186501	0.000197302	309.814	4
0	1207	0.00145108	0.000179511	310.065	4
0	1208	0.000835627	0.000145983	310.299	4
0	1209	0.000884217	0.000109868	310.55	4
0	1210	0.000932327	0.000116229	310.78	4
0	1211	0.000822001	0.000100885	311.026	4
0	1212	0.00103617	0.000125099	311.275	4
0	1213	0.000761171	9.97911e-005	312.095	4
0	1214	0.000863394	0.000118897	312.441	4
0	1215	0.000751594	0.000126534	312.887	4
0	1216	0.00135556	0.000192721	313.686	4
0	1217	0.000935342	0.000105429	314.493	4
0	1218	0.000856722	0.000109018	315.169	4
0	1219	0.000909458	0.000107405	315.83	4
0	1220	0.000860255	0.000104183	316.499	4
0	1221	0.00108973	0.000138074	317.185	4
0	1222	0.000781602	0.00011059	317.876	4
0	1223	0.00115052	0.000148644	318.659	4
0	1224	0.000817915	0.000112587	319.401	4
0	1225	0.00192426	0.000193788	320.009	4
0	1226	0.00171794	0.000161263	320.665	4
0	1227	0.00137566	0.000131103	321.422	4
0	1228	0.00101468	0.000112183	322.298	4
0	1229	0.00109733	0.000111165	322.929	4
0	1230	0.000947911	0.00012247	323.527	4
0	1231	0.00152149	0.00014449	324.037	4
0	1232	0.000880402	0.00011321	324.547	4
0	1233	0.000970821	0.000124387	325.154	4
0	1234	0.00110503	0.00015072	325.803	4
0	1235	0.00113693	0.000174843	326.459	4
0	1236	0.000887173	0.000141666	327.119	4
0	1237	0.000810526	0.000152555	327.856	4
0	1238	0.000923425	0.000166058	328.722	4
0	1239	0.000831515	0.000127365	329.636	4
0	1240	0.00106315	0.000165775	330.184	4
0	1241	0.000758515	0.00011339	330.957	4
0	1242	0.00136322	0.000180959	331.833	4
0	1243	0.00107004	0.000151108	332.736	4
0	1244	0.00109163	0.000178388	333.264	4
0	1245	0.000942085	0.00012916	333.78	4
0	1246	0.0010458	0.000161282	334.342	4
0	1247	0.00117383	0.000174203	335.243	4
0	1248	0.000809602	0.000154591	336.122	4
0	1249	0.000839204	0.000160489	336.972	4
0	1250	0.000822365	0.000116767	337.535	4
0	1251	0.000803986	0.000131367	338.056	4
0	1252	0.000878798	0.000155802	338.571	4
0	1253	0.000850038	0.000110748	339.241	4
0	1254	0.000863781	0.000142731	339.621	4
0	1255	0.000804557	0.000101444	339.915	4
0	1256	0.000744852	0.000124205	340.25	4
0	1257	0.000758639	0.000101944	340.73	4
0	1258	0.000734608	0.000128442	341.115	4
0	1259	0.000970889	0.000133377	341.469	4
0	1260	0.000683025	0.000124375	342.059	4
0	1261	0.000848222	0.000145037	342.937	4
0	1262	0.00139716	0.000170159	343.758	4
0	1263	0.00107162	0.000179841	344.461	4
0	1264	0.000776347	0.000113684	345.468	4
0	1265	0.00162412	0.000142668	346.095	4
0	1266	0.00207478	0.000197854	347.066	4
0	1267	0.00108823	0.000150355	347.844	4
0	1268	0.00106862	0.000118936	348.392	4
0	1269	0.000945788	0.000130167	348.911	4
0	1270	0.00113536	0.000137209	349.591	4
0	1271	0.00205677	0.00016716	350.3	4
0	1272	0.000915007	0.000123311	351.317	4
0	1273	0.00080756	0.000123301	352.528	4
0	1274	0.000781598	0.000125631	354.392	4
0	1275	0.000774731	0.000126335	356.513	4
0	1276	0.000775038	0.000112761	357.233	4
0	1277	0.00145631	0.000149688	357.83	4
0	1278	0.00103857	0.00017112	358.373	4
0	1279	0.000837856	0.000100492	358.986	4
0	1280	0.00109137	0.000145588	359.713	4
0	1281	0.000846668	0.000124254	360.329	4
0	1282	0.00113886	0.000141081	361.289	4
0	1283	0.00125768	0.00014954	362.77	4
0	1284	0.00113754	0.000190171	363.751	4
0	1285	0.00113213	0.000169516	364.529	4
0	1286	0.000896167	0.000157518	364.907	4
0	1287	0.00095685	0.000116479	365.495	4
0	1288	0.0011054	0.000129066	366.134	4
0	1289	0.000802477	0.000137682	367.659	4
0	1290	0.000695856	0.000120727	368.495	4
0	1291	0.000784887	0.000121983	369.419	4
0	1292	0.000832282	0.000124759	370.735	4
0	1293	0.00128496	0.000156619	371.626	4
0	1294	0.000843138	0.000127935	372.383	4
0	1295	0.001074	0.000158182	373.19	4
0	1296	0.000802859	0.00011496	374.388	4
0	1297	0.000774956	0.000111274	375.07	4
0	1298	0.000829082	0.000120967	375.67	4
0	1299	0.00133283	0.000134518	376.292	4
0	1300	0.000948354	0.000159678	376.953	4
0	1301	0.000880298	0.000114766	377.489	4
0	1302	0.00125328	0.000146447	378.026	4
0	1303	0.000898335	0.000106851	378.803	4
0	1304	0.00139835	0.000147141	379.554	4
0	1305	0.001045	0.000113046	380.289	4
0	1306	0.00069322	0.000122267	381.025	4
0	1307	0.000766508	0.000125118	381.842	4
0	1308	0.000893645	0.000134343	382.628	4
0	1309	0.00074987	0.000128641	383.256	4
0	1310	0.000815571	0.000126817	383.993	4
0	1311	0.00070098	0.000125515	384.597	4
0	1312	0.00066057	0.000118536	385.332	4
0	1313	0.000653826	0.000126018	386.262	4
0	1314	0.000742624	0.000106717	386.779	4
0	1315	0.0010029	0.00013413	387.494	4
0	1316	0.00078873	0.000135989	388.282	4
0	1317	0.00127967	0.000125082	388.972	4
0	1318	0.000925435	0.000119173	389.718	4
0	1319	0.00105294	0.000142381	390.523	4
0	1320	0.000708121	0.000108553	391.326	4
0	1321	0.000785791	0.000111649	391.871	4
0	1322	0.000778588	0.000110096	392.416	4
0	1323	0.000853767	0.000106401	392.951	4
0	1324	0.000896469	9.84422e-005	393.44	4
0	1325	0.000736219	9.02695e-005	394.228	4
0	1326	0.000840486	9.01288e-005	395.127	4
0	1327	0.000961339	0.000126076	395.727	4
0	1328	0.000977101	0.000125948	396.124	4
0	1329	0.00104339	0.000143576	396.544	4
0	1330	0.00128491	0.000180556	396.99	4
0	1331	0.0015133	0.000157457	397.499	4
0	1332	0.0010691	0.000130335	397.898	4
0	1333	0.00183961	0.000150497	398.266	4
0	1334	0.00122275	0.000137334	398.745	4
0	1335	0.00102649	0.000101589	399.159	4
0	1336	0.00131106	0.00015322	399.622	4
0	1337	0.00101398	0.00010583	400.06	4
0	1338	0.000989313	0.000108337	400.374	4
0	1339	0.00152854	0.00012449	400.832	4
0	1340	0.00100114	0.000144562	401.162	4
0	1341	0.000795252	0.000140492	401.633	4
0	1342	0.00103798	0.000167041	401.976	4
0	1343	0.00171489	0.00019919	402.373	4
0	1344	0.000909324	0.000156508	402.81	4
0	1345	0.00117743	0.000178383	403.297	4
0	1346	0.000871202	0.000180811	403.816	4
0	1347	0.000947324	0.000155792	404.368	4
0	1348	0.00100643	0.000135555	405.072	4
0	1349	0.000933108	0.000131395	405.579	4
0	1350	0.001089	0.000135872	406.107	4
0	1351	0.0012167	0.000175919	406.578	4
0	1352	0.000890565	0.00013565	407.112	4
0	1353	0.000831417	0.000131925	407.714	4
0	1354	0.000893141	0.000104296	408.083	4
0	1355	0.000863213	0.000125934	408.569	4
0	1356	0.000949539	0.000148455	409.157	4
0	1357	0.000743237	0.000124429	410.077	4
0	1358	0.00101164	0.00014045	410.794	4
0	1359	0.000851608	0.000150875	411.636	4
0	1360	0.00101305	0.00018075	412.476	4
0	1361	0.000828139	0.000126222	413.306	4
0	1362	0.000770763	0.00011438	413.888	4
0	1363	0.00116081	0.00014896	414.193	4
0	1364	0.00080922	0.000144984	414.634	4
0	1365	0.000772572	0.000134869	415.233	4
0	1366	0.00166292	0.000224135	415.879	4
0	1367	0.000907148	0.000120113	416.382	4
0	1368	0.00096116	0.000147017	416.841	4
0	1369	0.000848258	0.000111998	417.313	4
0	1370	0.000919698	0.000148758	417.694	4
0	1371	0.000750122	9.94024e-005	418.204	4
0	1372	0.000684434	0.000108779	418.744	4
0	1373	0.00114948	0.00014954	419.414	4
0	1374	0.000865826	0.000121878	420.329	4
0	1375	0.000976304	0.000157648	421.264	4
0	1376	0.000935518	0.000103329	422.185	4
0	1377	0.000688988	9.89937e-005	422.759	4
0	1378	0.000755062	0.00010313	423.494	4
0	1379	0.000668636	0.000105105	424.365	4
0	1380	0.000658427	0.000101978	425.157	4
0	1381	0.000843883	0.000127967	425.65	4
0	1382	0.00102466	0.000128979	426.152	4
0	1383	0.00115564	0.000126173	426.605	4
0	1384	0.000817675	0.00011884	427.039	4
0	1385	0.000850001	0.000110922	427.468	4
0	1386	0.00138253	0.000188509	427.888	4
0	1387	0.00088971	0.000125899	428.315	4
0	1388	0.000764409	0.000110323	428.795	4
0	1389	0.000647831	9.54341e-005	429.223	4
0	1390	0.00109653	0.000128159	429.578	4
0	1391	0.000600683	8.86072e-005	430.036	4
0	1392	0.000636925	9.43889e-005	430.538	4
0	1393	0.00058614	8.90876e-005	430.958	4
0	1394	0.000689122	0.000107088	431.391	4
0	1395	0.00071414	0.000119563	431.787	4
0	1396	0.000677879	0.000108339	432.221	4
0	1397	0.0169389	0.000359604	432.614	4
0	1398	0.00502024	0.000281201	433.059	4
0	1399	0.00572652	0.000320246	433.562	4
0	1400	0.00441668	0.000256954	434.069	4
0	1401	0.00219168	0.000219215	434.43	4
0	1402	0.00255185	0.00014451	434.747	4
0	1403	0.00320135	0.000151381	435.23	4
0	1404	0.00108255	0.000156321	435.723	4
0	1405	0.00141046	0.000118181	436.206	4
0	1406	0.00176898	0.000154591	436.644	4
0	1407	0.00159431	0.000159967	437.153	4
0	1408	0.00104131	0.000117329	437.668	4
0	1409	0.00126929	0.000154471	438.107	4
0	1410	0.00122599	0.000113671	438.529	4
0	1411	0.00128328	0.000114413	438.964	4
0	1412	0.00124141	0.000108479	439.326	4
0	1413	0.00100148	0.000110998	439.752	4
0	1414	0.000752867	9.64338e-005	440.196	4
0	1415	0.000920197	0.000115596	440.57	4
0	1416	0.00278402	0.00010494	440.989	4
0	1417	0.00102866	0.000118541	441.446	4
0	1418	0.000800717	9.32315e-005	442.05	4
0	1419	0.000701875	0.00012164	442.793	4
0	1420	0.000786978	9.82368e-005	443.301	4
0	1421	0.00572744	0.00015685	443.799	4
0	1422	0.00150104	0.000122727	444.293	4
0	1423	0.0011793	0.000110609	444.641	4
0	1424	0.000921459	9.82536e-005	445.055	4
0	1425	0.000812254	0.000103966	445.51	4
0	1426	0.0013971	0.00013906	445.869	4
0	1427	0.000786651	0.000111274	446.272	4
0	1428	0.000874095	9.7285e-005	446.755	4
0	1429	0.000734488	0.000101862	447.223	4
0	1430	0.000670886	9.52065e-005	447.633	4
0	1431	0.00271954	0.000322654	447.969	4
0	1432	0.00144068	0.000171729	448.359	4
0	1433	0.00100353	0.000109663	448.805	4
0	1434	0.000978637	0.000142649	449.312	4
0	1435	0.00110107	0.000134322	449.736	4
0	1436	0.000778403	0.000113779	450.147	4
0	1437	0.000887861	0.000134865	450.515	4
0	1438	0.000879044	0.000136466	450.943	4
0	1439	0.00106606	0.000134858	451.288	4
0	1440	0.00162646	0.000174081	451.676	4
0	1441	0.00108622	0.000149107	452.145	4
0	1442	0.000945212	0.000151379	452.564	4
0	1443	0.000706976	0.000136704	452.966	4
0	1444	0.00102154	0.000121215	453.357	4
0	1445	0.000825609	0.000134288	453.779	4
0	1446	0.000983289	0.000120594	454.257	4
0	1447	0.000670807	9.91968e-005	454.744	4
0	1448	0.00130433	0.000139305	455.202	4
0	1449	0.000729751	0.000105259	455.628	4
0	1450	0.000765507	0.000115917	456.027	4
0	1451	0.000819234	0.00011244	456.482	4
0	1452	0.00105512	0.000119269	456.847	4
0	1453	0.000725162	0.000105216	457.175	4
0	1454	0.00115809	0.000144148	457.553	4
0	1455	0.000918629	0.000106099	458.038	4
0	1456	0.00067604	0.000102199	458.589	4
0	1457	0.00123866	0.000141166	459.47	4
0	1458	0.00131029	0.000139883	460.305	4
0	1459	0.00119446	0.000147448	460.68	4
0	1460	0.000857076	0.000125907	461.005	4
0	1461	0.00104696	0.000122442	461.343	4
0	1462	0.00102102	0.000112411	461.819	4
0	1463	0.00136159	0.000134373	462.288	4
0	1464	0.00178894	0.000185576	462.592	4
0	1465	0.00143272	0.000134796	463.115	4
0	1466	0.0010511	0.000132886	463.61	4
0	1467	0.00101142	0.000121171	464.057	4
0	1468	0.00127182	0.000128904	464.462	4
0	1469	0.00147519	0.000154556	464.813	4
0	1470	0.00142656	0.000126513	465.208	4
0	1471	0.000845296	0.000122407	465.548	4
0	1472	0.00112578	0.000173714	465.924	4
0	1473	0.000875028	0.000132915	466.429	4
0	1474	0.000772422	0.000106637	466.877	4
0	1475	0.000807385	0.000116884	467.32	4
0	1476	0.00289538	0.000237387	467.677	4
0	1477	0.000969852	0.000137602	468.188	4
0	1478	0.00156669	0.000238934	468.678	4
0	1479	0.00124819	0.000205106	469.183	4
0	1480	0.00149768	0.000187279	469.644	4
0	1481	0.00125982	0.000187732	470.115	4
0	1482	0.000811799	0.000113473	470.613	4
0	1483	0.00121412	0.000175336	471.111	4
0	1484	0.00112725	0.000153073	471.424	4
0	1485	0.00263518	0.000254976	471.784	4
0	1486	0.0012955	0.000178977	472.134	4
0	1487	0.001146	0.000154487	472.537	4
0	1488	0.000907239	0.000130944	472.99	4
0	1489	0.000917924	0.000118169	473.682	4
0	1490	0.00136595	0.000173301	474.522	4
0	1491	0.000861269	9.85329e-005	475.341	4
0	1492	0.00196869	0.000182942	475.692	4
0	1493	0.00077857	0.000135294	475.963	4
0	1494	0.000739684	0.000100605	476.261	4
0	1495	0.000937514	0.000122301	476.534	4
0	1496	0.00119307	0.000140116	476.801	4
0	1497	0.000987019	0.0001423	477.083	4
0	1498	0.000830939	0.00010536	477.359	4
0	1499	0.00079108	0.000128751	477.65	4
0	1500	0.000790597	0.000112569	477.946	4
0	1501	0.000964546	0.000126804	478.221	4
0	1502	0.00098439	0.000159016	478.483	4
0	1503	0.000712562	0.000109104	478.739	4
0	1504	0.00948467	0.000289497	479.019	4
0	1505	0.00175674	0.000185959	479.273	4
0	1506	0.00223509	0.000255564	479.533	4
0	1507	0.00169035	0.000170415	479.794	4
0	1508	0.00193857	0.000175684	480.064	4
0	1509	0.00138128	0.000184337	480.33	4
0	1510	0.00121262	0.00014538	480.597	4
0	1511	0.00132316	0.00013571	480.859	4
0	1512	0.0014132	0.000150345	481.12	4
0	1513	0.000826815	0.000128175	481.378	4
0	1514	0.00108861	0.000112649	481.642	4
0	1515	0.00072668	0.000104851	481.91	4
0	1516	0.000850981	0.000119149	482.169	4
0	1517	0.000744973	0.00011604	482.418	4
0	1518	0.00100081	0.000124618	482.671	4
0	1519	0.000941844	0.000127895	482.935	4
0	1520	0.00109141	0.00012727	483.197	4
0	1521	0.00089138	9.68771e-005	483.445	4
0	1522	0.000773216	0.000112555	483.706	4
0	1523	0.000762493	0.000100995	483.971	4
0	1524	0.000792796	0.000113637	484.231	4
0	1525	0.000708243	9.16169e-005	484.498	4
0	1526	0.000916274	0.000130237	484.766	4
0	1527	0.000733968	9.26995e-005	485.02	4
0	1528	0.000743394	9.15346e-005	485.277	4
0	1529	0.00129707	0.000138262	485.535	4
0	1530	0.00115688	0.000135129	485.799	4
0	1531	0.00120529	0.000137265	486.057	4
0	1532	0.000987884	0.000126878	486.324	4
0	1533	0.000869848	0.000116812	486.577	4
0	1534	0.000670831	0.000100416	486.834	4
0	1535	0.000786277	0.00010458	487.092	4
0	1536	0.000842484	0.000108452	487.355	4
0	1537	0.000653596	8.00796e-005	487.636	4
0	1538	0.00783794	0.00014999	487.9	4
0	1539	0.00281658	0.000180168	488.16	4
0	1540	0.00154873	0.000114236	488.555	4
0	1541	0.00215875	0.000117668	488.866	4
0	1542	0.00121043	0.000106319	489.133	4
0	1543	0.00143988	0.000105643	489.392	4
0	1544	0.000813514	9.45066e-005	489.655	4
0	1545	0.000872237	0.000111683	489.93	4
0	1546	0.000648954	9.03855e-005	490.202	4
0	1547	0.00139101	0.000134579	490.46	4
0	1548	0.000834767	0.000110911	490.741	4
0	1549	0.00106421	0.000127519	491.025	4
0	1550	0.00095992	0.000123343	491.289	4
0	1551	0.000861221	0.000126651	491.55	4
0	1552	0.000785782	0.000117279	491.912	4
0	1553	0.000792808	0.000102234	492.2	4
0	1554	0.000973896	0.000117719	492.46	4
0	1555	0.00262941	0.000107518	492.794	4
0	1556	0.00107704	0.000103545	493.146	4
0	1557	0.00107676	0.000128327	493.515	4
0	1558	0.00114275	0.000121897	493.879	4
0	1559	0.00124852	0.000144198	494.162	4
0	1560	0.000814485	9.02052e-005	494.424	4
0	1561	0.000682446	9.85195e-005	494.866	4
0	1562	0.0010306	0.000148082	495.238	4
0	1563	0.00143536	0.000192664	495.553	4
0	1564	0.000916621	0.000129623	495.836	4
0	1565	0.000822257	0.000128576	496.132	4
0	1566	0.000790527	0.000113551	496.417	4
0	1567	0.000891821	0.000133094	496.678	4
0	1568	0.000889107	0.000165107	496.962	4
0	1569	0.000802196	0.000120664	497.283	4
0	1570	0.00105834	0.00012756	497.545	4
0	1571	0.000853106	0.000124827	497.882	4
0	1572	0.000777056	0.000118997	498.164	4
0	1573	0.000719982	0.000111145	498.432	4
0	1574	0.000746739	0.000100536	498.694	4
0	1575	0.000796501	0.000126323	498.952	4
0	1576	0.000663784	0.000117106	499.229	4
0	1577	0.000660915	0.0001055	499.517	4
0	1578	0.00115285	0.000154102	499.821	4
0	1579	0.000866781	0.000162574	500.126	4
0	1580	0.000763619	0.000125961	500.431	4
0	1581	0.000786074	0.00013087	500.707	4
0	1582	0.00112169	0.00016302	500.987	4
0	1583	0.000995594	0.000107429	501.26	4
0	1584	0.00120973	0.000176131	501.568	4
0	1585	0.00163231	0.000150729	501.881	4
0	1586	0.000979347	0.000124747	502.178	4
0	1587	0.00218921	0.000229562	502.438	4
0	1588	0.000981231	0.000140221	502.729	4
0	1589	0.00087245	0.000108096	502.996	4
0	1590	0.000843389	0.000129097	503.264	4
0	1591	0.000751039	0.000106503	503.542	4
0	1592	0.000771074	0.000114096	503.8	4
0	1593	0.000816063	0.00012161	504.047	4
0	1594	0.000906329	0.000133693	504.305	4
0	1595	0.00111567	0.000169785	504.565	4
0	1596	0.000696616	0.000130863	504.832	4
0	1597	0.00110696	0.000143843	505.139	4
0	1598	0.000865594	0.000135463	505.415	4
0	1599	0.00113662	0.000169667	505.691	4
0	1600	0.000756312	0.000115016	505.957	4
0	1601	0.0011668	0.000133816	506.222	4
0	1602	0.000861498	0.000118596	506.489	4
0	1603	0.00112995	0.000153716	506.766	4
0	1604	0.000986747	0.000172613	507.035	4
0	1605	0.000814741	0.000112997	507.291	4
0	1606	0.000726666	0.000103671	507.555	4
0	1607	0.000955828	0.000119899	507.827	4
0	1608	0.00120876	9.72892e-005	508.139	4
0	1609	0.000908742	0.000103375	508.443	4
0	1610	0.000739429	9.43082e-005	508.757	4
0	1611	0.000848167	9.55487e-005	509.048	4
0	1612	0.000972058	0.00011327	509.31	4
0	1613	0.000788558	0.000121561	509.58	4
0	1614	0.000726141	9.6925e-005	509.84	4
0	1615	0.000668966	8.95708e-005	510.099	4
0	1616	0.000806733	8.76635e-005	510.36	4
0	1617	0.000763907	0.000113538	510.62	4
0	1618	0.000828754	0.000122478	510.888	4
0	1619	0.000639839	0.000102984	511.15	4
0	1620	0.000992135	0.000128675	511.454	4
0	1621	0.000678827	0.000113905	511.758	4
0	1622	0.000781892	0.000103881	512.014	4
0	1623	0.00100526	0.000112516	512.269	4
0	1624	0.00279915	0.000205462	512.522	4
0	1625	0.00139639	0.000170545	512.767	4
0	1626	0.00119116	0.000113548	513.026	4
0	1627	0.00172716	0.000139818	513.278	4
0	1628	0.00111833	0.000120379	513.554	4
0	1629	0.000981188	0.000127063	513.807	4
0	1630	0.000755608	0.000117115	514.06	4
0	1631	0.000646048	0.000109067	514.335	4
0	1632	0.000772972	0.00011943	514.653	4
0	1633	0.000840651	0.000151695	514.926	4
0	1634	0.00101561	0.00014458	515.221	4
0	1635	0.00104266	0.000161206	515.54	4
0	1636	0.000635647	0.000102833	515.807	4
0	1637	0.00124279	0.000155341	516.073	4
0	1638	0.00060322	0.000102439	516.345	4
0	1639	0.000680213	0.000108625	516.622	4
0	1640	0.00103382	0.000102298	516.885	4
0	1641	0.000962814	0.00011672	517.153	4
0	1642	0.00069696	0.000100227	517.504	4
0	1643	0.000760242	9.37543e-005	517.872	4
0	1644	0.00160825	0.000116693	518.201	4
0	1645	0.00107923	0.000115627	518.476	4
0	1646	0.000764868	0.000101444	518.763	4
0	1647	0.000897722	0.000133601	519.032	4
0	1648	0.000748471	0.000123244	519.302	4
0	1649	0.000858022	0.000109103	519.561	4
0	1650	0.000845082	0.000119005	519.834	4
0	1651	0.000606006	7.91031e-005	520.102	4
0	1652	0.00104956	0.000121935	520.394	4
0	1653	0.000777435	0.000107599	520.713	4
0	1654	0.000762531	9.8396e-005	520.968	4
0	1655	0.000835279	0.000108857	521.229	4
0	1656	0.000669146	0.000102716	521.522	4
0	1657	0.000723551	0.000118611	521.793	4
0	1658	0.000826394	0.000112628	522.069	4
0	1659	0.000838493	9.94891e-005	522.328	4
0	1660	0.000968735	0.000124914	522.584	4
0	1661	0.000847239	9.48917e-005	522.864	4
0	1662	0.000872345	0.000130191	523.141	4
0	1663	0.000706949	9.02875e-005	523.458	4
0	1664	0.000737157	0.000119641	523.778	4
0	1665	0.00118049	0.000126714	524.075	4
0	1666	0.00250641	0.000154863	524.356	4
0	1667	0.000736771	9.59877e-005	524.67	4
0	1668	0.00125186	0.000129838	525.011	4
0	1669	0.00076919	0.000121905	525.327	4
0	1670	0.000731962	0.000115528	525.632	4
0	1671	0.000653691	0.000122202	525.943	4
0	1672	0.00154046	0.000142241	526.209	4
0	1673	0.00116662	0.000166205	526.526	4
0	1674	0.000754665	0.000108681	526.801	4
0	1675	0.000711492	0.000125501	527.07	4
0	1676	0.00125105	0.000101535	527.337	4
0	1677	0.000802426	0.000127514	527.599	4
0	1678	0.00585185	0.00031569	527.87	4
0	1679	0.00330836	0.000203127	528.135	4
0	1680	0.00196933	0.000161768	528.403	4
0	1681	0.0016045	0.000222086	528.668	4
0	1682	0.00140562	0.000156542	528.929	4
0	1683	0.00143938	0.000105075	529.19	4
0	1684	0.00141242	0.000140681	529.486	4
0	1685	0.00121968	0.000136485	529.769	4
0	1686	0.000984257	0.000114994	530.048	4
0	1687	0.00118606	0.000133703	530.302	4
0	1688	0.000971172	0.00012022	530.556	4
0	1689	0.000971023	0.000121697	530.816	4
0	1690	0.00117949	0.000132541	531.08	4
0	1691	0.00221247	0.000203642	531.337	4
0	1692	0.00176086	0.000230729	531.594	4
0	1693	0.00112251	0.000109187	531.873	4
0	1694	0.00151602	0.000154014	532.134	4
0	1695	0.000884357	0.000111835	532.427	4
0	1696	0.000796396	0.000132798	532.735	4
0	1697	0.000759542	9.23899e-005	532.997	4
0	1698	0.00078609	0.000140865	533.258	4
0	1699	0.000853545	9.29101e-005	533.52	4
0	1700	0.000857929	9.27027e-005	533.791	4
0	1701	0.000790055	9.10918e-005	534.068	4
0	1702	0.00113666	0.000133495	534.333	4
0	1703	0.000941705	0.000159078	534.586	4
0	1704	0.000726883	0.000100914	534.836	4
0	1705	0.000676687	8.41768e-005	535.111	4
0	1706	0.0032354	0.000197187	535.423	4
0	1707	0.00122587	8.81165e-005	535.745	4
0	1708	0.00357053	0.000295797	536.066	4
0	1709	0.00118738	0.000100924	536.349	4
0	1710	0.00155805	0.000137699	536.635	4
0	1711	0.00124756	0.000130674	536.918	4
0	1712	0.00154186	0.000120233	537.201	4
0	1713	0.00252377	0.000181958	537.48	4
0	1714	0.00103431	9.53132e-005	537.767	4
0	1715	0.00159074	0.000175484	538.083	4
0	1716	0.00143348	0.000137101	538.392	4
0	1717	0.00111057	0.000146056	538.736	4
0	1718	0.0014229	0.000131785	539.023	4
0	1719	0.000931168	0.000109077	539.3	4
0	1720	0.00129985	0.000129875	539.598	4
0	1721	0.00101187	0.000121196	539.9	4
0	1722	0.00111253	0.000134101	540.202	4
0	1723	0.00107459	0.000144466	540.505	4
0	1724	0.000829603	0.000110771	540.797	4
0	1725	0.000735597	0.000111548	541.087	4
0	1726	0.000805863	0.000117118	541.398	4
0	1727	0.00138051	0.000110105	541.818	4
0	1728	0.000951	0.000103586	542.13	4
0	1729	0.000696523	8.67345e-005	542.404	4
0	1730	0.00100604	9.70777e-005	542.693	4
0	1731	0.00146123	0.000123049	543.039	4
0	1732	0.000940858	0.000100424	543.323	4
0	1733	0.000866713	0.000106631	543.605	4
0	1734	0.00133605	0.000139977	543.897	4
0	1735	0.000909084	0.000138968	544.214	4
0	1736	0.000811476	9.02203e-005	544.545	4
0	1737	0.00115922	0.000140544	544.821	4
0	1738	0.00153713	0.000153498	545.097	4
0	1739	0.00110782	0.000130289	545.38	4
0	1740	0.000942016	0.000108013	545.672	4
0	1741	0.00137264	0.000124353	545.987	4
0	1742	0.000821732	9.44843e-005	546.286	4
0	1743	0.00206989	0.000183519	546.579	4
0	1744	0.000891239	0.000102769	546.88	4
0	1745	0.000892412	9.42508e-005	547.166	4
0	1746	0.000891725	0.00010492	547.491	4
0	1747	0.000827091	9.87853e-005	547.801	4
0	1748	0.000979248	9.62111e-005	548.117	4
0	1749	0.000681338	9.75354e-005	548.408	4
0	1750	0.000829081	0.000107343	548.696	4
0	1751	0.000801142	0.000106023	548.998	4
0	1752	0.000698573	9.91054e-005	549.29	4
0	1753	0.000896442	0.000136331	549.601	4
0	1754	0.000691885	8.75395e-005	549.911	4
0	1755	0.00137082	0.000114422	550.209	4
0	1756	0.000845174	8.82232e-005	550.566	4
0	1757	0.000898505	0.000106197	550.88	4
0	1758	0.000959159	0.000113926	551.212	4
0	1759	0.000955481	0.000119658	551.512	4
0	1760	0.000768671	0.000120953	551.829	4
0	1761	0.000810854	0.00011234	552.156	4
0	1762	0.00099742	0.000176231	552.46	4
0	1763	0.00105307	0.000100559	552.756	4
0	1764	0.000651423	9.22708e-005	553.05	4
0	1765	0.00112199	0.000112929	553.376	4
0	1766	0.000714431	9.84762e-005	553.702	4
0	1767	0.000758775	0.000109608	554.015	4
0	1768	0.000691424	8.86322e-005	554.321	4
0	1769	0.000642204	0.000103046	554.65	4
0	1770	0.000780672	0.000111171	554.942	4
0	1771	0.00239071	0.000200156	555.224	4
0	1772	0.00101803	0.000124335	555.7	4
0	1773	0.00110108	0.000140156	556.097	4
0	1774	0.000706105	0.000109767	556.403	4
0	1775	0.000959894	0.000173147	556.704	4
0	1776	0.00105072	0.000109498	557	4
0	1777	0.000690819	9.92719e-005	557.3	4
0	1778	0.000687004	9.85042e-005	557.653	4
0	1779	0.000839654	0.000109318	558.042	4
0	1780	0.000925402	0.000111441	558.431	4
0	1781	0.000842049	0.000129409	558.739	4
0	1782	0.000663628	8.66986e-005	559.056	4
0	1783	0.00234802	0.000184823	559.344	4
0	1784	0.000752836	0.000112353	559.604	4
0	1785	0.000830817	0.000133224	559.88	4
0	1786	0.000635234	9.69223e-005	560.145	4
0	1787	0.00063035	9.86756e-005	560.427	4
0	1788	0.000639739	9.83468e-005	560.695	4
0	1789	0.00127374	0.000123397	561.014	4
0	1790	0.00100118	0.000113976	561.513	4
0	1791	0.000987324	9.8366e-005	561.852	4
0	1792	0.000731989	0.0001002	562.166	4
0	1793	0.000681844	8.7214e-005	562.461	4
0	1794	0.000645651	9.18481e-005	562.822	4
0	1795	0.00128537	0.000127502	563.143	4
0	1796	0.000826745	0.000112722	563.483	4
0	1797	0.000866552	0.000129608	563.779	4
0	1798	0.000927588	0.000155199	564.117	4
0	1799	0.000826131	9.6883e-005	564.47	4
0	1800	0.000834186	8.54676e-005	564.759	4
0	1801	0.000765293	9.74951e-005	565.095	4
0	1802	0.00152712	0.000115937	565.443	4
0	1803	0.00101639	9.53295e-005	565.749	4
0	1804	0.000997487	0.000108975	566.033	4
0	1805	0.00135943	9.86638e-005	566.317	4
0	1806	0.000885035	9.72296e-005	566.605	4
0	1807	0.000839568	9.90829e-005	566.907	4
0	1808	0.00116073	0.000140902	567.24	4
0	1809	0.000952759	0.000104406	567.526	4
0	1810	0.00115454	0.00010405	567.81	4
0	1811	0.00065205	9.03435e-005	568.111	4
0	1812	0.00171656	0.000176242	568.41	4
0	1813	0.00130487	0.000164475	568.893	4
0	1814	0.000901549	0.000133759	569.394	4
0	1815	0.00110763	0.000123131	569.889	4
0	1816	0.000967416	0.000132458	570.304	4
0	1817	0.000726664	8.62695e-005	570.668	4
0	1818	0.000682334	8.25399e-005	571.515	4
0	1819	0.000700946	8.80077e-005	571.92	4
0	1820	0.000710523	8.05854e-005	572.374	4
0	1821	0.00104122	0.000122031	572.766	4
0	1822	0.000762912	0.000109858	573.194	4
0	1823	0.00142995	0.000154949	573.71	4
0	1824	0.000916886	0.000121805	574.074	4
0	1825	0.000733816	8.11921e-005	574.398	4
0	1826	0.000849202	0.000119307	574.709	4
0	1827	0.00070252	9.77018e-005	575.024	4
0	1828	0.000699841	9.63455e-005	575.332	4
0	1829	0.000666019	9.1363e-005	575.654	4
0	1830	0.000636557	9.1448e-005	575.958	4
0	1831	0.00109747	0.000117356	576.385	4
0	1832	0.000847236	0.000108435	576.667	4
0	1833	0.000637282	0.000107653	577.012	4
0	1834	0.000730661	0.000119355	577.367	4
0	1835	0.000612365	9.55224e-005	577.806	4
0	1836	0.000596121	9.2991e-005	578.215	4
0	1837	0.000583507	9.24956e-005	578.763	4
0	1838	0.000595918	9.56273e-005	579.248	4
0	1839	0.00059813	9.12187e-005	579.694	4
0	1840	0.00167913	0.000216257	580.049	4
0	1841	0.000923104	0.000149814	580.414	4
0	1842	0.000746966	9.78864e-005	580.764	4
0	1843	0.000804321	0.00010568	581.126	4
0	1844	0.000747453	0.000129166	581.486	4
0	1845	0.000640495	9.72187e-005	581.829	4
0	1846	0.000755634	0.000112719	582.313	4
0	1847	0.000683098	9.54665e-005	582.72	4
0	1848	0.000827774	0.000110139	583.135	4
0	1849	0.000818128	9.07219e-005	583.586	4
0	1850	0.000600098	8.83403e-005	583.968	4
0	1851	0.000592482	9.41146e-005	584.327	4
0	1852	0.000577713	6.66244e-005	584.683	4
0	1853	0.00317968	0.000249565	585.104	4
0	1854	0.00131928	0.000158517	585.516	4
0	1855	0.00139594	0.000140071	585.871	4
0	1856	0.00186677	0.000163224	586.219	4
0	1857	0.000913543	0.000136041	586.546	4
0	1858	0.000734571	0.000104925	586.86	4
0	1859	0.00081278	0.000121097	587.237	4
0	1860	0.00141239	0.000130422	587.587	4
0	1861	0.00103068	0.00015638	587.934	4
0	1862	0.000988643	0.00010146	588.325	4
0	1863	0.000811498	0.000103362	588.663	4
0	1864	0.000730401	9.64937e-005	588.974	4
0	1865	0.000727648	8.97562e-005	589.326	4
0	1866	0.000642234	8.52729e-005	589.649	4
0	1867	0.000673434	9.54982e-005	589.963	4
0	1868	0.000702103	8.92852e-005	590.293	4
0	1869	0.000886089	9.44525e-005	590.628	4
0	1870	0.000848398	0.000112173	590.965	4
0	1871	0.00105568	0.000145024	591.32	4
0	1872	0.000761805	0.00011312	591.813	4
0	1873	0.000585136	0.000108934	592.16	4
0	1874	0.000658382	9.9213e-005	592.504	4
0	1875	0.000731887	9.90454e-005	592.813	4
0	1876	0.000642191	9.88856e-005	593.151	4
0	1877	0.000643406	9.53803e-005	593.466	4
0	1878	0.00081318	9.75618e-005	593.791	4
0	1879	0.000558726	9.22773e-005	594.128	4
0	1880	0.000807402	0.000102502	594.476	4
0	1881	0.000701577	0.000105409	594.786	4
0	1882	0.000539149	8.05125e-005	595.123	4
0	1883	0.000563478	8.03793e-005	595.427	4
0	1884	0.00066349	0.000102685	595.781	4
0	1885	0.0212939	0.000408199	596.276	4
0	1886	0.0170908	0.000316536	596.628	4
0	1887	0.0105006	0.000337385	597.003	4
0	1888	0.0117347	0.000219902	597.408	4
0	1889	0.00789513	0.000232198	597.722	4
0	1890	0.00649222	0.00038247	598.068	4
0	1891	0.00355104	0.00017118	598.397	4
0	1892	0.00476593	0.000202849	598.754	4
0	1893	0.00679166	0.000142714	599.082	4
0	1894	0.00816318	0.000149129	599.463	4
0	1895	0.00313352	0.000136992	599.783	4
0	1896	0.00217951	0.000184819	600.144	4
0	1897	0.00191204	0.000134466	600.507	4
0	1898	0.0049731	0.000218348	600.885	4
0	1899	0.0026069	0.000158682	601.234	4
0	1900	0.00194193	0.000206187	601.574	4
0	1901	0.00154499	0.000158487	601.903	4
0	1902	0.0016596	0.000169272	602.229	4
0	1903	0.00121535	0.000137614	602.614	4
0	1904	0.00141893	0.000111707	603.412	4
0	1905	0.00109674	0.000107055	604.462	4
0	1906	0.00183247	0.000122687	605.148	4
0	1907	0.00084783	9.9095e-005	605.563	4
0	1908	0.00119345	0.000105099	605.888	4
0	1909	0.00120233	0.000112553	606.226	4
0	1910	0.00219879	0.000161219	606.537	4
0	1911	0.000960221	9.36109e-005	606.849	4
0	1912	0.00173491	9.92734e-005	607.186	4
0	1913	0.00146309	0.000116751	607.516	4
0	1914	0.00291687	0.00014526	607.847	4
0	1915	0.00213669	9.39584e-005	608.146	4
0	1916	0.00144044	0.000111374	608.498	4
0	1917	0.00156061	0.000106593	608.826	4
0	1918	0.00124869	0.000112785	609.211	4
0	1919	0.00105502	0.000113964	609.535	4
0	1920	0.00371212	0.000202184	609.826	4
0	1921	0.000956087	0.000108503	610.131	4
0	1922	0.000945774	0.000113806	610.482	4
0	1923	0.00113016	0.00010365	610.802	4
0	1924	0.00090002	9.84594e-005	611.124	4
0	1925	0.0010842	0.00010363	611.422	4
0	1926	0.000969585	0.000114432	611.716	4
0	1927	0.00133781	0.000120944	612.043	4
0	1928	0.0010268	9.00053e-005	612.42	4
0	1929	0.0016609	9.59021e-005	612.796	4
0	1930	0.000911951	8.85915e-005	613.122	4
0	1931	0.000933225	9.93938e-005	613.441	4
0	1932	0.00671826	0.000237886	613.747	4
0	1933	0.00644428	0.000151494	614.07	4
0	1934	0.00287369	0.000153207	614.377	4
0	1935	0.00368159	9.67727e-005	614.704	4
0	1936	0.00285871	0.000107222	614.996	4
0	1937	0.00210228	0.000138044	615.343	4
0	1938	0.00101305	8.53613e-005	615.66	4
0	1939	0.00233231	0.000162546	615.966	4
0	1940	0.00132701	8.25631e-005	616.269	4
0	1941	0.00143515	0.000108659	616.591	4
0	1942	0.00124624	0.00014361	616.949	4
0	1943	0.00117878	0.000115818	617.274	4
0	1944	0.00245456	0.000145575	617.608	4
0	1945	0.00073479	0.000102087	617.911	4
0	1946	0.00122533	0.00012375	618.236	4
0	1947	0.000911071	0.000113737	618.552	4
0	1948	0.000822848	8.45998e-005	618.843	4
0	1949	0.0010735	9.83646e-005	619.128	4
0	1950	0.00104107	7.69575e-005	619.404	4
0	1951	0.00106326	9.59885e-005	619.687	4
0	1952	0.00102982	0.000103717	619.964	4
0	1953	0.00107431	9.48296e-005	620.269	4
0	1954	0.00060237	9.12624e-005	620.553	4
0	1955	0.000774313	9.816e-005	620.907	4
0	1956	0.000950787	0.000118109	621.249	4
0	1957	0.000766771	0.000111128	621.568	4
0	1958	0.000590979	9.93583e-005	621.862	4
0	1959	0.000761821	8.08359e-005	622.151	4
0	1960	0.00203893	8.81745e-005	622.424	4
0	1961	0.000781358	7.90873e-005	622.723	4
0	1962	0.00109269	8.25967e-005	623.012	4
0	1963	0.00105224	9.05071e-005	623.301	4
0	1964	0.000866735	0.000101049	623.578	4
0	1965	0.000745161	7.2457e-005	623.857	4
0	1966	0.0011267	9.55721e-005	624.141	4
0	1967	0.000644952	7.22391e-005	624.464	4
0	1968	0.000664473	8.73719e-005	624.74	4
0	1969	0.000651386	7.64262e-005	625.033	4
0	1970	0.000574888	7.38847e-005	625.341	4
0	1971	0.000793833	9.63582e-005	625.648	4
0	1972	0.000671296	9.85752e-005	625.957	4
0	1973	0.00147547	9.64663e-005	626.273	4
0	1974	0.00121952	9.93635e-005	626.603	4
0	1975	0.000605755	9.60383e-005	626.897	4
0	1976	0.000680061	9.98774e-005	627.229	4
0	1977	0.000898376	0.000108117	627.553	4
0	1978	0.000983246	0.000110097	627.862	4
0	1979	0.000784722	9.94265e-005	628.158	4
0	1980	0.000620887	0.000105385	628.466	4
0	1981	0.00119473	0.000120189	628.765	4
0	1982	0.00129353	0.000146754	629.07	4
0	1983	0.00072703	0.000124248	629.38	4
0	1984	0.000805662	9.77396e-005	629.735	4
0	1985	0.000671938	9.91225e-005	630.048	4
0	1986	0.000992349	0.000158406	630.385	4
0	1987	0.000750666	0.000105457	630.683	4
0	1988	0.000692104	0.000110283	630.976	4
0	1989	0.000937732	0.000130627	631.249	4
0	1990	0.000889819	0.000119233	631.524	4
0	1991	0.000748893	0.000110774	631.807	4
0	1992	0.000580104	9.27492e-005	632.089	4
0	1993	0.000627133	0.000122669	632.38	4
0	1994	0.000681999	0.000108951	632.663	4
0	1995	0.0197032	0.000284291	632.935	4
0	1996	0.00550262	0.000191594	633.252	4
0	1997	0.00583254	0.000225937	633.584	4
0	1998	0.00565783	0.000150519	633.91	4
0	1999	0.00273464	0.000103639	634.202	4
0	2000	0.00264881	0.000138955	634.474	4
0	2001	0.00292221	0.000133896	634.753	4
0	2002	0.00204855	0.000161405	635.052	4
0	2003	0.00245261	0.000188473	635.326	4
0	2004	0.00210402	0.000171112	635.609	4
0	2005	0.00171289	0.000184915	635.9	4
0	2006	0.000977351	0.000107679	636.204	4
0	2007	0.00212594	0.000106134	636.531	4
0	2008	0.00137932	0.000121884	636.832	4
0	2009	0.00100048	0.000132813	637.143	4
0	2010	0.00128703	0.000104546	637.448	4
0	2011	0.000661798	9.33384e-005	637.761	4
0	2012	0.000736498	9.08244e-005	638.069	4
0	2013	0.00080718	0.000111134	638.38	4
0	2014	0.000743205	9.22467e-005	638.673	4
0	2015	0.000559069	8.25453e-005	638.961	4
0	2016	0.000566434	8.52619e-005	639.283	4
0	2017	0.000576716	8.05184e-005	639.629	4
0	2018	0.000664512	9.97738e-005	639.947	4
0	2019	0.000663418	8.20405e-005	640.282	4
0	2020	0.000710694	0.00010993	640.585	4
0	2021	0.000835176	0.000120238	640.895	4
0	2022	0.000709201	0.000114498	641.177	4
0	2023	0.0010148	0.000169126	641.484	4
0	2024	0.00175897	0.000122568	641.797	4
0	2025	0.000744621	9.56208e-005	642.113	4
0	2026	0.000792177	0.000120137	642.467	4
0	2027	0.000718584	0.000104533	642.773	4
0	2028	0.00142777	0.000147226	643.054	4
0	2029	0.000849866	0.000100779	643.344	4
0	2030	0.00121732	0.000124461	643.642	4
0	2031	0.00080639	8.98485e-005	643.945	4
0	2032	0.000835392	0.000113554	644.228	4
0	2033	0.000721001	9.17026e-005	644.501	4
0	2034	0.000674226	8.88315e-005	644.776	4
0	2035	0.000595644	7.3423e-005	645.04	4
0	2036	0.00101253	8.23439e-005	645.358	4
0	2037	0.000837875	6.92709e-005	645.669	4
0	2038	0.000922024	7.70446e-005	645.969	4
0	2039	0.000956609	8.91818e-005	646.267	4
0	2040	0.000567705	7.0349e-005	646.556	4
0	2041	0.000795612	0.000111605	646.833	4
0	2042	0.000690375	0.000104797	647.098	4
0	2043	0.00159734	8.45965e-005	647.365	4
0	2044	0.000571517	7.96419e-005	647.622	4
0	2045	0.000536758	8.03561e-005	647.894	4
0	2046	0.00166913	0.000153262	648.174	4
0	2047	0.00175133	0.000187586	648.484	4
0	2048	0.00208763	0.000281265	648.782	4
0	2049	0.000933713	0.000110833	649.051	4
0	2050	0.00130713	0.000151584	649.315	4
0	2051	0.000984778	0.000118773	649.595	4
0	2052	0.000834621	0.000127936	649.879	4
0	2053	0.000754386	0.000115591	650.185	4
0	2054	0.000714656	0.000110901	650.476	4
0	2055	0.000689825	0.000109483	650.763	4
0	2056	0.000772077	9.25349e-005	651.037	4
0	2057	0.000768803	0.000115915	651.351	4
0	2058	0.00066691	0.000102203	651.645	4
0	2059	0.000694611	9.72863e-005	651.911	4
0	2060	0.000689586	0.000101214	652.177	4
0	2061	0.000849642	0.000112671	652.438	4
0	2062	0.00154584	0.000150729	652.707	4
0	2063	0.00221078	0.000172422	652.979	4
0	2064	0.000987472	0.00012015	653.246	4
0	2065	0.000684798	9.76755e-005	653.51	4
0	2066	0.000691354	0.000105074	653.797	4
0	2067	0.000770994	0.000100152	654.072	4
0	2068	0.00123121	0.000137692	654.391	4
0	2069	0.000906911	0.000103971	654.705	4
0	2070	0.000715713	9.80873e-005	655.013	4
0	2071	0.000716757	0.000113311	655.292	4
0	2072	0.000698112	0.000105068	655.578	4
0	2073	0.000802136	0.000101619	655.853	4
0	2074	0.00083145	9.65987e-005	656.137	4
0	2075	0.000739493	0.000119024	656.448	4
0	2076	0.000637552	9.20487e-005	656.744	4
0	2077	0.000705324	8.94371e-005	657.027	4
0	2078	0.000950513	0.000101446	657.333	4
0	2079	0.000722582	8.02603e-005	657.643	4
0	2080	0.00061363	8.69744e-005	657.933	4
0	2081	0.000846012	9.14579e-005	658.22	4
0	2082	0.000825705	0.000103364	658.526	4
0	2083	0.000942987	0.000107209	658.834	4
0	2084	0.00434898	0.000207362	659.144	4
0	2085	0.00156277	0.000113577	659.414	4
0	2086	0.00133665	0.000118275	659.701	4
0	2087	0.00188091	0.000113812	659.977	4
0	2088	0.000781495	0.000114595	660.287	4
0	2089	0.00149775	0.000151737	660.595	4
0	2090	0.000718535	8.98346e-005	660.88	4
0	2091	0.000958734	0.000102783	661.161	4
0	2092	0.000748224	8.88879e-005	661.43	4
0	2093	0.000646444	8.10312e-005	661.71	4
0	2094	0.000813544	9.45947e-005	661.995	4
0	2095	0.000687961	7.54188e-005	662.264	4
0	2096	0.00068294	8.4019e-005	662.568	4
0	2097	0.00168716	0.000101747	662.882	4
0	2098	0.00092906	8.55772e-005	663.188	4
0	2099	0.000751084	8.04183e-005	663.526	4
0	2100	0.000631626	8.48711e-005	663.809	4
0	2101	0.000766527	0.000105343	664.078	4
0	2102	0.000632999	9.55273e-005	664.347	4
0	2103	0.00104718	0.000120505	664.617	4
0	2104	0.00124209	0.000145494	664.908	4
0	2105	0.000788224	0.000102364	665.192	4
0	2106	0.000682125	0.000119268	665.473	4
0	2107	0.000740222	9.18682e-005	665.75	4
0	2108	0.00105768	0.000101503	666.031	4
0	2109	0.000749661	9.10277e-005	666.328	4
0	2110	0.000594358	0.000106677	666.619	4
0	2111	0.00106365	0.000131091	666.915	4
0	2112	0.000595146	9.63588e-005	667.212	4
0	2113	0.000694822	0.000101908	667.527	4
0	2114	0.00064342	0.000111699	667.804	4
0	2115	0.000768292	9.8402e-005	668.081	4
0	2116	0.000873795	0.000101474	668.356	4
0	2117	0.00068905	8.12276e-005	668.623	4
0	2118	0.000653933	8.45793e-005	668.914	4
0	2119	0.000666192	9.81302e-005	669.321	4
0	2120	0.000718045	0.000102411	669.588	4
0	2121	0.00064834	9.03751e-005	669.854	4
0	2122	0.000877423	0.000115358	670.141	4
0	2123	0.000650723	0.00010756	670.412	4
0	2124	0.000861851	0.00011853	670.693	4
0	2125	0.000932605	0.000132164	670.997	4
0	2126	0.000663319	9.21998e-005	671.296	4
0	2127	0.00977446	0.000384273	671.588	4
0	2128	0.00560227	0.0003628	671.877	4
0	2129	0.00444652	0.000133656	672.15	4
0	2130	0.00258385	0.000277037	672.457	4
0	2131	0.0023615	0.000213303	672.736	4
0	2132	0.00177461	0.000102211	673.011	4
0	2133	0.00352814	0.000116423	673.293	4
0	2134	0.0015974	0.000139207	673.566	4
0	2135	0.0010658	0.000120494	673.841	4
0	2136	0.00201374	0.000153774	674.113	4
0	2137	0.00152549	0.000185651	674.388	4
0	2138	0.000896003	0.00010769	674.658	4
0	2139	0.00137334	9.78077e-005	674.944	4
0	2140	0.00131048	0.000113714	675.258	4
0	2141	0.00103361	8.863e-005	675.576	4
0	2142	0.00138115	0.000103313	675.861	4
0	2143	0.0026882	0.0001352	676.152	4
0	2144	0.00115053	0.000115861	676.422	4
0	2145	0.0012752	0.00011662	676.695	4
0	2146	0.00169141	0.000123571	676.972	4
0	2147	0.00145075	0.000132329	677.239	4
0	2148	0.000815046	0.00011471	677.516	4
0	2149	0.00101159	0.000117939	677.776	4
0	2150	0.000675454	0.000111753	678.048	4
0	2151	0.000597988	0.000103058	678.34	4
0	2152	0.00125877	0.000156336	678.624	4
0	2153	0.000791863	0.000102988	678.896	4
0	2154	0.0016538	0.000180678	679.181	4
0	2155	0.00131553	0.000134863	679.492	4
0	2156	0.00100419	0.00011264	679.799	4
0	2157	0.000706865	9.92384e-005	680.101	4
0	2158	0.000749204	0.000107263	680.373	4
0	2159	0.000551248	8.76424e-005	680.636	4
0	2160	0.000796082	0.000110895	680.905	4
0	2161	0.000862256	9.00075e-005	681.172	4
0	2162	0.000769421	8.76614e-005	681.465	4
0	2163	0.00100049	0.000104225	681.756	4
0	2164	0.000887524	9.70902e-005	682.031	4
0	2165	0.00101305	0.000100841	682.306	4
0	2166	0.0011213	0.00012529	682.576	4
0	2167	0.000726937	9.49177e-005	682.847	4
0	2168	0.00747404	0.00016379	683.128	4
0	2169	0.00259276	0.000144455	683.436	4
0	2170	0.00263994	0.000158835	683.736	4
0	2171	0.00189697	0.000118827	684.037	4
0	2172	0.000977822	0.000124502	684.353	4
0	2173	0.000734786	0.000104384	684.62	4
0	2174	0.0014219	0.000117894	684.893	4
0	2175	0.00128879	0.000139437	685.155	4
0	2176	0.00079217	0.000105921	685.422	4
0	2177	0.00093167	0.000109782	685.7	4
0	2178	0.000608497	9.96575e-005	685.994	4
0	2179	0.000992972	0.000143447	686.269	4
0	2180	0.000754565	0.000114205	686.551	4
0	2181	0.000875489	0.000104598	686.845	4
0	2182	0.000644623	9.97905e-005	687.138	4
0	2183	0.00102607	8.86053e-005	687.448	4
0	2184	0.000970477	9.93414e-005	687.806	4
0	2185	0.000679139	0.000100199	688.18	4
0	2186	0.00155745	0.000120394	688.518	4
0	2187	0.000929386	0.0001142	688.795	4
0	2188	0.000650557	0.000109439	689.071	4
0	2189	0.000618676	0.000115906	689.366	4
0	2190	0.000648114	9.08151e-005	689.639	4
0	2191	0.000654695	9.51971e-005	689.928	4
0	2192	0.000691352	0.000109066	690.197	4
0	2193	0.00064485	0.000103296	690.507	4
0	2194	0.0215723	0.000675997	690.827	4
0	2195	0.00441199	0.000200467	691.105	4
0	2196	0.00791614	0.000212763	691.381	4
0	2197	0.00351773	0.000177719	691.668	4
0	2198	0.00513862	0.000181166	691.972	4
0	2199	0.00232649	0.000183994	692.282	4
0	2200	0.00183427	0.000119846	692.583	4
0	2201	0.00295099	0.00016641	692.897	4
0	2202	0.00146477	0.000111718	693.189	4
0	2203	0.00131341	0.000126506	693.503	4
0	2204	0.00127859	0.000117222	693.843	4
0	2205	0.00141284	0.00011256	694.127	4
0	2206	0.00108861	0.000119758	694.439	4
0	2207	0.000924814	0.000125236	694.726	4
0	2208	0.000955622	0.000118	695.049	4
0	2209	0.00126635	0.00012107	695.346	4
0	2210	0.00188157	0.00014671	695.637	4
0	2211	0.000998818	0.000107196	695.945	4
