step	level	max error	mean error	time
0	0	1.99507	0.0596206	10.687	8
0	1	0.959885	0.1177	11.33	8
0	2	0.545276	0.047614	11.987	8
0	3	0.616923	0.0584351	12.619	8
0	4	1.14661	0.0632437	13.249	8
0	5	0.406196	0.0312866	13.904	8
0	6	0.419635	0.0866413	14.552	8
0	7	0.455796	0.0925426	15.17	8
0	8	0.480471	0.130692	15.789	8
0	9	0.363468	0.0236529	16.443	8
0	10	0.380668	0.0589047	17.094	8
0	11	0.491073	0.0918488	17.715	8
0	12	0.217875	0.0224069	18.376	8
0	13	0.485844	0.0305059	19.022	8
0	14	0.309414	0.040349	19.651	8
0	15	0.249729	0.055154	20.279	8
0	16	0.224488	0.0399742	20.931	8
0	17	0.744682	0.0387298	21.581	8
0	18	0.556932	0.0582967	22.224	8
0	19	0.824047	0.0312847	22.888	8
0	20	0.550764	0.0971434	23.538	8
0	21	0.339514	0.0546022	24.183	8
0	22	0.552421	0.0206138	24.8441	8
0	23	0.418611	0.0491807	25.506	8
0	24	0.543474	0.0262699	26.155	8
0	25	0.500251	0.0214365	26.798	8
0	26	0.253261	0.0595097	27.4641	8
0	27	0.266472	0.0500545	28.12	8
0	28	0.164321	0.0171054	28.783	8
0	29	0.43715	0.0222318	29.438	8
0	30	0.450384	0.035178	30.1	8
0	31	0.115067	0.014813	30.741	8
0	32	0.250244	0.028632	31.387	8
0	33	0.774101	0.034543	32.033	8
0	34	0.284072	0.0218056	32.68	8
0	35	0.754585	0.0679951	33.325	8
0	36	0.348594	0.0252052	33.956	8
0	37	0.194082	0.0394175	34.587	8
0	38	0.463748	0.021184	35.227	8
0	39	0.292675	0.0304087	35.864	8
0	40	0.177888	0.0516912	36.512	8
0	41	0.451755	0.0186642	37.148	8
0	42	0.266864	0.0142514	37.7831	8
0	43	0.152851	0.0306246	38.409	8
0	44	0.730944	0.0285201	39.066	8
0	45	0.249449	0.045558	39.702	8
0	46	0.41679	0.0248236	40.344	8
0	47	0.173964	0.0232119	40.99	8
0	48	0.1826	0.0359565	41.634	8
0	49	0.120876	0.0217719	42.247	8
0	50	0.718899	0.0203456	42.891	8
0	51	0.387842	0.111177	43.508	8
0	52	0.306579	0.0289745	44.157	8
0	53	0.290149	0.0791735	44.77	8
0	54	0.27074	0.0268559	45.427	8
0	55	0.369517	0.0617624	46.069	8
0	56	0.320646	0.0306803	46.716	8
0	57	0.250442	0.0251304	47.347	8
0	58	0.203644	0.0389321	47.998	8
0	59	0.365526	0.0237627	48.646	8
0	60	0.195928	0.0307034	49.298	8
0	61	0.300217	0.0291069	49.939	8
0	62	0.704684	0.0296604	50.592	8
0	63	0.551757	0.12487	51.216	8
0	64	0.343247	0.040487	51.852	8
0	65	0.333733	0.0834179	52.49	8
0	66	0.368484	0.0260256	53.1301	8
0	67	0.13195	0.0257473	53.767	8
0	68	0.491315	0.0203564	54.41	8
0	69	0.401256	0.0485996	55.057	8
0	70	0.242901	0.0377252	55.679	8
0	71	0.104637	0.0148715	56.313	8
0	72	0.263593	0.0260529	56.951	8
0	73	0.2269	0.0344117	57.609	8
0	74	0.228715	0.0480513	58.244	8
0	75	0.394615	0.0392031	58.893	8
0	76	0.380437	0.0182779	59.52	8
0	77	0.257553	0.0370743	60.149	8
0	78	0.516478	0.0168814	60.796	8
0	79	0.171108	0.0322195	61.435	8
0	80	0.127042	0.0214188	62.086	8
0	81	0.810856	0.0309669	62.743	8
0	82	0.413037	0.0502683	63.367	8
0	83	0.426978	0.0279167	64.008	8
0	84	0.271509	0.0567158	64.655	8
0	85	0.398611	0.030001	65.293	8
0	86	0.274306	0.025217	65.952	8
0	87	0.168597	0.0147232	66.6021	8
0	88	0.139685	0.0240787	67.219	8
0	89	0.218075	0.0187752	67.862	8
0	90	0.241636	0.0295024	68.509	8
0	91	0.125051	0.0126206	69.154	8
0	92	0.132366	0.0249415	69.809	8
0	93	0.106018	0.0104965	70.466	8
0	94	0.0953805	0.0207315	71.111	8
0	95	0.194675	0.0194823	71.781	8
0	96	0.121316	0.014569	72.434	8
0	97	0.123576	0.0227306	73.084	8
0	98	0.0947528	0.0116536	73.725	8
0	99	0.0651758	0.011198	74.374	8
0	100	0.18849	0.019921	75.007	8
0	101	0.0955202	0.0238048	75.659	8
0	102	0.0750694	0.0117939	76.299	8
0	103	0.128253	0.02255	76.951	8
0	104	0.0917167	0.0157733	77.594	8
0	105	0.16565	0.0131777	78.247	8
0	106	0.103983	0.0205021	78.913	8
0	107	0.107978	0.0146587	79.553	8
0	108	0.0987501	0.0218427	80.178	8
0	109	0.146236	0.0175894	80.811	8
0	110	0.1056	0.0173232	81.456	8
0	111	0.106178	0.0109667	82.091	8
0	112	0.0742903	0.0155471	82.739	8
0	113	0.128167	0.00723961	83.381	8
0	114	0.53735	0.033463	84.031	8
0	115	0.189932	0.0190738	84.6691	8
0	116	0.147378	0.0285187	85.314	8
0	117	0.264319	0.00655786	85.949	8
0	118	0.12811	0.0444142	86.561	8
0	119	0.116689	0.0347915	87.219	8
0	120	0.0910011	0.0105138	87.847	8
0	121	0.0960938	0.0279521	88.495	8
0	122	0.104382	0.00951968	89.1191	8
0	123	0.0887252	0.0142795	89.754	8
0	124	0.0721172	0.00801067	90.391	8
0	125	0.0884369	0.0206723	91.044	8
0	126	0.159014	0.0134013	91.693	8
0	127	0.153958	0.00851116	92.348	8
0	128	0.0873071	0.0265901	93.016	8
0	129	0.0807846	0.011169	93.673	8
0	130	0.101829	0.010017	94.317	8
0	131	0.0626426	0.0145724	94.965	8
0	132	0.0755569	0.00831481	95.617	8
0	133	0.100123	0.0136505	96.278	8
0	134	0.0833975	0.00891383	96.944	8
0	135	0.0693612	0.0153852	97.5741	8
0	136	0.0575431	0.0142298	98.244	8
0	137	0.0535486	0.0105574	98.898	8
0	138	0.0989165	0.00789846	99.544	8
0	139	0.137847	0.0104903	100.184	8
0	140	0.0690906	0.00611555	100.826	8
0	141	0.0752111	0.0184326	101.486	8
0	142	0.0751538	0.0106181	102.11	8
0	143	0.146513	0.0108567	102.764	8
0	144	0.0695556	0.00916474	103.411	8
0	145	0.0782805	0.0129602	104.047	8
0	146	0.0724883	0.00594552	104.67	8
0	147	0.0655523	0.0213758	105.307	8
0	148	0.0457417	0.00868738	105.955	8
0	149	0.0495436	0.00722748	106.593	8
0	150	0.0498397	0.0108277	107.231	8
0	151	0.321274	0.0097859	107.874	8
0	152	0.576458	0.0254422	108.52	8
0	153	0.390359	0.0189863	109.167	8
0	154	0.379568	0.0144997	109.801	8
0	155	0.119592	0.0125757	110.444	8
0	156	0.115452	0.033607	111.083	8
0	157	0.307256	0.00777619	111.72	8
0	158	0.126713	0.0376944	112.339	8
0	159	0.0900957	0.0267369	112.973	8
0	160	0.123653	0.00835288	113.625	8
0	161	0.141474	0.0171054	114.285	8
0	162	0.0866119	0.0142637	114.914	8
0	163	0.0723613	0.0159244	115.542	8
0	164	0.0459605	0.00985015	116.182	8
0	165	0.100664	0.00938061	116.786	8
0	166	0.078262	0.0107488	117.456	8
0	167	0.252973	0.00885286	118.08	8
0	168	0.157287	0.010805	118.724	8
0	169	0.0910078	0.0135983	119.371	8
0	170	0.0432028	0.00702104	120.002	8
0	171	0.0891268	0.012226	120.644	8
0	172	0.0662938	0.0135858	121.281	8
0	173	0.0550154	0.0115085	121.922	8
0	174	0.0589012	0.00938952	122.579	8
0	175	0.0600089	0.0080076	123.229	8
0	176	0.353029	0.01581	123.872	8
0	177	0.0946829	0.0100093	124.507	8
0	178	0.0744344	0.0194668	125.154	8
0	179	0.0614406	0.00710128	125.792	8
0	180	0.0706035	0.0120786	126.41	8
0	181	0.126212	0.00971369	127.061	8
0	182	0.109484	0.010548	127.701	8
0	183	0.0633083	0.0136366	128.312	8
0	184	0.0400008	0.0107711	128.947	8
0	185	0.101931	0.0108206	129.579	8
0	186	0.117518	0.0149686	130.23	8
0	187	0.117594	0.0140893	130.885	8
0	188	0.0712931	0.0133284	131.517	8
0	189	0.338766	0.00912325	132.169	8
0	190	0.0623891	0.0078852	132.809	8
0	191	0.115441	0.00641174	133.492	8
0	192	0.0565623	0.0110607	134.135	8
0	193	0.048556	0.0104624	134.815	8
0	194	0.0480678	0.0101108	135.446	8
0	195	0.0544995	0.0107206	136.118	8
0	196	0.411537	0.0205915	136.774	8
0	197	0.188621	0.0526263	137.407	8
0	198	0.478706	0.00607626	138.039	8
0	199	0.0999153	0.025839	138.68	8
0	200	0.103449	0.0150209	139.321	8
0	201	0.103989	0.00773886	139.969	8
0	202	0.132141	0.0131966	140.601	8
0	203	0.0865741	0.0109849	141.258	8
0	204	0.074822	0.007289	141.882	8
0	205	0.0496137	0.00575195	142.526	8
0	206	0.0789333	0.00614271	143.162	8
0	207	0.167426	0.00745428	143.768	8
0	208	0.0733704	0.00728288	144.402	8
0	209	0.04951	0.0111002	145.052	8
0	210	0.0572905	0.00476469	145.703	8
0	211	0.0572882	0.00674708	146.366	8
0	212	0.0345543	0.00460087	147.001	8
0	213	0.0460735	0.00538651	147.64	8
0	214	0.0920344	0.00793554	148.274	8
0	215	0.137993	0.0121674	148.922	8
0	216	0.101319	0.012298	149.561	8
0	217	0.062184	0.0106632	150.207	8
0	218	0.0433586	0.00813543	150.862	8
0	219	0.566173	0.0497073	151.529	8
0	220	0.52115	0.0377233	152.193	8
0	221	0.208123	0.0216215	152.835	8
0	222	0.290444	0.0389365	153.456	8
0	223	0.274116	0.0561326	154.071	8
0	224	0.219595	0.0475279	154.694	8
0	225	0.507009	0.0147193	155.324	8
0	226	0.177721	0.0135021	155.984	8
0	227	0.297773	0.0198158	156.614	8
0	228	0.123436	0.0259655	157.24	8
0	229	0.118839	0.0211374	157.871	8
0	230	0.156702	0.015862	158.506	8
0	231	0.0902844	0.0224517	159.171	8
0	232	0.0810062	0.00945564	159.819	8
0	233	0.0855405	0.0184404	160.45	8
0	234	0.0765106	0.0175149	161.075	8
0	235	0.148905	0.00900438	161.748	8
0	236	0.178674	0.00838944	162.407	8
0	237	0.0677221	0.0159472	163.065	8
0	238	0.0627822	0.00812992	163.675	8
0	239	0.0621843	0.0140944	164.352	8
0	240	0.0467081	0.0129508	164.975	8
0	241	0.0974117	0.0109115	165.612	8
0	242	0.0544552	0.0134232	166.313	8
0	243	0.0501927	0.0106885	166.968	8
0	244	0.0610725	0.0102338	167.735	8
0	245	0.0520298	0.0121134	168.393	8
0	246	0.0900814	0.00909031	169.031	8
0	247	0.0575272	0.012603	169.636	8
0	248	0.0607717	0.00993635	170.264	8
0	249	0.0436113	0.00924078	170.903	8
0	250	0.0781385	0.00826052	171.556	8
0	251	0.0546888	0.00514406	172.213	8
0	252	0.303865	0.0104383	172.853	8
0	253	0.0803248	0.00745667	173.474	8
0	254	0.10841	0.0311464	174.12	8
0	255	0.104837	0.0113806	174.748	8
0	256	0.208752	0.00943335	175.369	8
0	257	0.0661158	0.0208906	176.002	8
0	258	0.0749151	0.00868329	176.633	8
0	259	0.066104	0.00824987	177.303	8
0	260	0.0452048	0.00572736	177.967	8
0	261	0.13595	0.0118582	178.637	8
0	262	0.0382422	0.00797115	179.379	8
0	263	0.051363	0.0094864	180.007	8
0	264	0.0773175	0.00980468	180.66	8
0	265	0.0481374	0.00778242	181.345	8
0	266	0.0547222	0.00837675	182.007	8
0	267	0.0486643	0.00888869	182.668	8
0	268	0.0727548	0.0114216	183.381	8
0	269	0.0422065	0.00693112	184.03	8
0	270	0.037082	0.00861404	184.675	8
0	271	0.0518002	0.00824028	185.314	8
0	272	0.273769	0.0138405	185.965	8
0	273	0.122918	0.0284662	186.587	8
0	274	0.176168	0.0157988	187.232	8
0	275	0.247737	0.00655759	187.866	8
0	276	0.0653324	0.0215624	188.519	8
0	277	0.113472	0.00888683	189.161	8
0	278	0.0567541	0.0116883	189.823	8
0	279	0.0494804	0.00891566	190.462	8
0	280	0.0701098	0.0104563	191.128	8
0	281	0.0447759	0.00464855	191.779	8
0	282	0.0407308	0.00844232	192.41	8
0	283	0.0510985	0.0098847	193.056	8
0	284	0.0381198	0.00769898	193.741	8
0	285	0.083541	0.00702377	194.411	8
0	286	0.062829	0.00859193	195.064	8
0	287	0.11246	0.00875142	195.701	8
0	288	0.0928692	0.00928506	196.351	8
0	289	0.043405	0.00559234	197.024	8
0	290	0.0701522	0.00856997	197.685	8
0	291	0.100076	0.0153615	198.36	8
0	292	0.171274	0.00801262	199.002	8
0	293	0.0873264	0.00590055	199.681	8
0	294	0.124102	0.00780554	200.307	8
0	295	0.0392657	0.0114649	200.949	8
0	296	0.0390197	0.00883183	201.617	8
0	297	0.0801777	0.00929861	202.268	8
0	298	0.0563436	0.015955	202.918	8
0	299	0.0689855	0.00796019	203.563	8
0	300	0.159691	0.0190044	204.221	8
0	301	0.126255	0.01744	204.866	8
0	302	0.0829919	0.0210817	205.588	8
0	303	0.379849	0.00649591	206.239	8
0	304	0.0699357	0.0103491	206.861	8
0	305	0.0856816	0.00727176	207.524	8
0	306	0.0561112	0.0109063	208.198	8
0	307	0.0525485	0.0120484	208.903	8
0	308	0.0404487	0.0103565	209.672	8
0	309	0.111277	0.00726328	210.328	8
0	310	0.0917056	0.00578802	210.976	8
0	311	0.0422156	0.00788331	211.61	8
0	312	0.0621633	0.00932323	212.272	8
0	313	0.0408182	0.00792756	212.912	8
0	314	0.0793931	0.0060531	213.577	8
0	315	0.0697205	0.00694258	214.223	8
0	316	0.0529193	0.00957519	214.853	8
0	317	0.0607254	0.00861943	215.495	8
0	318	0.551535	0.0138405	216.136	8
0	319	0.161769	0.0184138	216.802	8
0	320	0.201883	0.00939062	217.427	8
0	321	0.0937982	0.0253284	218.141	8
0	322	0.0846507	0.0115208	218.76	8
0	323	0.0612273	0.00970807	219.446	8
0	324	0.064203	0.011527	220.116	8
0	325	0.0470541	0.00714295	220.769	8
0	326	0.0511198	0.0122784	221.421	8
0	327	0.0549905	0.0119211	222.06	8
0	328	0.11098	0.00999469	222.707	8
0	329	0.0464017	0.00988277	223.331	8
0	330	0.0849687	0.0097912	223.979	8
0	331	0.0426741	0.0104404	224.614	8
0	332	0.147851	0.00548913	225.228	8
0	333	0.0566065	0.012031	225.874	8
0	334	0.0548421	0.00776559	226.485	8
0	335	0.0377645	0.00670164	227.107	8
0	336	0.0349982	0.00441207	227.729	8
0	337	0.034247	0.00516989	228.337	8
0	338	0.0715354	0.00429661	229.042	8
0	339	0.0729714	0.00543798	229.778	8
0	340	0.0489184	0.00639624	230.424	8
0	341	0.0303824	0.00707631	231.046	8
0	342	0.0685163	0.0086935	231.695	8
0	343	0.0501502	0.00819709	232.358	8
0	344	0.0920968	0.00726135	233	8
0	345	0.0359101	0.00381369	233.654	8
0	346	0.025582	0.00441416	234.294	8
0	347	0.0570825	0.00501102	234.958	8
0	348	0.059726	0.00779654	235.621	8
0	349	0.0942266	0.00569697	236.265	8
0	350	0.0833948	0.011205	236.895	8
0	351	0.178319	0.00536476	237.547	8
0	352	0.0502609	0.00748987	238.191	8
0	353	0.0384433	0.00699332	238.82	8
0	354	0.0368556	0.0069151	239.48	8
0	355	0.0241353	0.00445144	240.13	8
0	356	0.0730466	0.00557695	240.779	8
0	357	0.0427177	0.0109973	241.417	8
0	358	0.105187	0.00728475	242.067	8
0	359	0.0579644	0.00787179	242.733	8
0	360	0.0643237	0.00803422	243.4	8
0	361	0.0485218	0.00574673	244.054	8
0	362	0.036695	0.00456545	244.691	8
0	363	0.0284621	0.00788244	245.36	8
0	364	0.0434872	0.00671876	246.022	8
0	365	0.0529108	0.00610564	246.635	8
0	366	0.0227426	0.00462645	247.271	8
0	367	0.0909186	0.0132465	247.913	8
0	368	0.111973	0.0120352	248.587	8
0	369	0.0784266	0.0114512	249.317	8
0	370	0.0615664	0.00582798	250.013	8
0	371	0.14205	0.00569375	250.682	8
0	372	0.0426275	0.00965101	251.32	8
0	373	0.0507078	0.00413414	251.964	8
0	374	0.0292066	0.00468615	252.622	8
0	375	0.0957497	0.00588677	253.314	8
0	376	0.0622348	0.0115576	253.993	8
0	377	0.042725	0.01102	254.657	8
0	378	0.0392524	0.00723654	255.293	8
0	379	0.0432853	0.0103235	255.944	8
0	380	0.0311884	0.00854834	256.607	8
0	381	0.0451858	0.00577764	257.275	8
0	382	0.0381202	0.00678091	257.914	8
0	383	0.0491309	0.00437464	258.566	8
0	384	0.0280694	0.00602095	259.213	8
0	385	0.0354624	0.00459823	259.855	8
0	386	0.0298262	0.00686925	260.5	8
0	387	0.324646	0.0239739	261.135	8
0	388	0.137051	0.0114779	261.777	8
0	389	0.160675	0.0128822	262.413	8
0	390	0.0500274	0.00827599	263.04	8
0	391	0.0605428	0.0139981	263.654	8
0	392	0.0573422	0.0136318	264.272	8
0	393	0.156532	0.00582141	264.89	8
0	394	0.0558216	0.0140486	265.525	8
0	395	0.0531646	0.00473236	266.183	8
0	396	0.0346064	0.00583155	266.818	8
0	397	0.0518374	0.00604383	267.476	8
0	398	0.0409623	0.00423414	268.113	8
0	399	0.197656	0.00568083	268.733	8
0	400	0.0427622	0.00731506	269.339	8
0	401	0.0654284	0.00770251	269.971	8
0	402	0.0763377	0.00485123	270.615	8
0	403	0.0295796	0.00486261	271.263	8
0	404	0.110678	0.00655429	271.906	8
0	405	0.0634511	0.0113085	272.533	8
0	406	0.058327	0.0124539	273.184	8
0	407	0.0546556	0.0130964	273.793	8
0	408	0.092611	0.00526668	274.446	8
0	409	0.0361165	0.00643362	275.071	8
0	410	0.0268153	0.00661194	275.733	8
0	411	0.0395934	0.00552794	276.383	8
0	412	0.0320705	0.00635842	277.03	8
0	413	0.0338501	0.0066878	277.684	8
0	414	0.0325405	0.00619988	278.328	8
0	415	0.0380783	0.00392861	278.955	8
0	416	0.0248946	0.0048719	279.6	8
0	417	0.0606445	0.00455025	280.214	8
0	418	0.0438228	0.00507191	280.833	8
0	419	0.0519713	0.00586724	281.506	8
0	420	0.0431469	0.0062519	282.133	8
0	421	0.0443177	0.00479236	282.777	8
0	422	0.436512	0.0256144	283.417	8
0	423	0.37276	0.0231747	284.052	8
0	424	0.159676	0.00633359	284.699	8
0	425	0.106574	0.0186203	285.336	8
0	426	0.0936465	0.0119851	285.972	8
0	427	0.0675973	0.0105673	286.604	8
0	428	0.0541068	0.0105803	287.217	8
0	429	0.0505685	0.00686356	287.868	8
0	430	0.0524546	0.0132348	288.494	8
0	431	0.0681497	0.00601858	289.155	8
0	432	0.0704757	0.00710481	289.808	8
0	433	0.172485	0.00599903	290.433	8
0	434	0.073915	0.00497055	291.081	8
0	435	0.0755653	0.00709613	291.734	8
0	436	0.0916896	0.0104561	292.388	8
0	437	0.21226	0.0155893	293.04	8
0	438	0.118167	0.00815569	293.68	8
0	439	0.100297	0.0142269	294.321	8
0	440	0.0721221	0.0172038	294.947	8
0	441	0.0937912	0.00826931	295.579	8
0	442	0.0606462	0.0149014	296.228	8
0	443	0.0597779	0.00817339	296.855	8
0	444	0.0438558	0.0074356	297.503	8
0	445	0.0610503	0.0098316	298.139	8
0	446	0.0345148	0.00668389	298.785	8
0	447	0.0219503	0.00509191	299.413	8
0	448	0.0426202	0.00495697	300.059	8
0	449	0.102358	0.00781774	300.68	8
0	450	0.0560321	0.00453318	301.323	8
0	451	0.0367665	0.00632441	301.956	8
0	452	0.0503336	0.00667636	302.581	8
0	453	0.0381731	0.00604013	303.231	8
0	454	0.0505344	0.00553542	303.905	8
0	455	0.0300402	0.00620322	304.547	8
0	456	0.0263338	0.00608461	305.177	8
0	457	0.0646444	0.00499387	305.827	8
0	458	0.0570677	0.00919686	306.461	8
0	459	0.0311199	0.00598537	307.096	8
0	460	0.0348218	0.00780248	307.744	8
0	461	0.0597969	0.00556467	308.393	8
0	462	0.0481798	0.00648913	309.045	8
0	463	0.0279215	0.00453565	309.679	8
0	464	0.0426613	0.00523387	310.334	8
0	465	0.0311783	0.00679614	310.938	8
0	466	0.319569	0.0190359	311.573	8
0	467	0.0962903	0.0284229	312.188	8
0	468	0.108552	0.00797003	312.81	8
0	469	0.0598271	0.0121315	313.446	8
0	470	0.054128	0.00641266	314.099	8
0	471	0.042049	0.00893755	314.734	8
0	472	0.07979	0.00629893	315.4	8
0	473	0.0800625	0.00643737	316.087	8
0	474	0.03729	0.00507612	316.711	8
0	475	0.0442481	0.0124395	317.337	8
0	476	0.0354594	0.0079777	318.114	8
0	477	0.120753	0.00531484	318.782	8
0	478	0.0711119	0.00729166	319.414	8
0	479	0.0493526	0.00646717	320.069	8
0	480	0.0447731	0.00404005	320.716	8
0	481	0.0505223	0.00631093	321.356	8
0	482	0.0334086	0.00542565	321.981	8
0	483	0.0285703	0.00649372	322.62	8
0	484	0.102058	0.0111216	323.261	8
0	485	0.0899667	0.0187802	323.887	8
0	486	0.103067	0.00475391	324.517	8
0	487	0.10164	0.00360453	325.167	8
0	488	0.0334463	0.00546076	325.815	8
0	489	0.037892	0.00705171	326.484	8
0	490	0.0624657	0.00419257	327.093	8
0	491	0.0383398	0.00349276	327.731	8
0	492	0.0412345	0.00726588	328.354	8
0	493	0.0312395	0.00716885	329.019	8
0	494	0.0411193	0.00507313	329.661	8
0	495	0.041351	0.0083295	330.313	8
0	496	0.0452514	0.0058102	330.987	8
0	497	0.0265898	0.00304336	331.629	8
0	498	0.0213193	0.00392513	332.305	8
0	499	0.091185	0.0101694	332.945	8
0	500	0.0519378	0.00936337	333.57	8
0	501	0.0449332	0.00849891	334.21	8
0	502	0.0955473	0.00513563	334.827	8
0	503	0.0414111	0.00381707	335.484	8
0	504	0.025424	0.00377573	336.164	8
0	505	0.0470268	0.00463255	336.83	8
0	506	0.040447	0.00403289	337.484	8
0	507	0.147311	0.00714435	338.165	8
0	508	0.026531	0.00371707	338.831	8
0	509	0.066144	0.00452502	339.489	8
0	510	0.052628	0.00868924	340.13	8
0	511	0.0545704	0.00664188	340.784	8
0	512	0.505653	0.0142904	341.438	8
0	513	0.363211	0.0428897	342.077	8
0	514	0.191918	0.0188617	342.743	8
0	515	0.132295	0.0231473	343.392	8
0	516	0.245071	0.00486584	344.025	8
0	517	0.116657	0.00616564	344.654	8
0	518	0.0687759	0.00452181	345.297	8
0	519	0.078112	0.0109056	345.937	8
0	520	0.0993623	0.015208	346.56	8
0	521	0.08335	0.00514902	347.204	8
0	522	0.0522716	0.00530593	347.836	8
0	523	0.0970188	0.00679792	348.474	8
0	524	0.0419553	0.00511898	349.095	8
0	525	0.0300547	0.00744087	349.716	8
0	526	0.0526279	0.00433003	350.369	8
0	527	0.0626627	0.0078297	351.023	8
0	528	0.0360402	0.00786723	351.646	8
0	529	0.0415487	0.00776736	352.277	8
0	530	0.0331879	0.00734479	352.924	8
0	531	0.0807662	0.00716079	353.545	8
0	532	0.0306637	0.00651303	354.179	8
0	533	0.051789	0.0055016	354.839	8
0	534	0.0343772	0.00757835	355.468	8
0	535	0.0648387	0.00464555	356.112	8
0	536	0.062104	0.00464078	356.755	8
0	537	0.0917311	0.00498113	357.377	8
0	538	0.0371859	0.00405215	358.024	8
0	539	0.0349798	0.00443298	358.677	8
0	540	0.0376325	0.0036429	359.325	8
0	541	0.0252899	0.00560172	359.972	8
0	542	0.0246708	0.00510593	360.64	8
0	543	0.025575	0.00605225	361.287	8
0	544	0.0511669	0.00446265	361.945	8
0	545	0.0795071	0.0065083	362.591	8
0	546	0.0383911	0.00438626	363.246	8
0	547	0.0236633	0.00462933	363.883	8
0	548	0.107288	0.00459951	364.517	8
0	549	0.0251731	0.0059139	365.155	8
0	550	0.128177	0.00445071	365.829	8
0	551	0.0729355	0.00542959	366.459	8
0	552	0.0848442	0.00354731	367.081	8
0	553	0.0834839	0.00752396	367.728	8
0	554	0.027266	0.00496132	368.389	8
0	555	0.034	0.0063829	369	8
0	556	0.0473135	0.0034488	369.652	8
0	557	0.0417408	0.0039644	370.296	8
0	558	0.109473	0.0102232	370.967	8
0	559	0.116011	0.0099547	371.616	8
0	560	0.12217	0.00810863	372.279	8
0	561	0.0530818	0.00468522	372.92	8
0	562	0.0416468	0.0112535	373.545	8
0	563	0.11233	0.00734849	374.169	8
0	564	0.0368392	0.00843777	374.86	8
0	565	0.109975	0.00390308	375.552	8
0	566	0.0529795	0.00706949	376.232	8
0	567	0.0342016	0.0047393	376.875	8
0	568	0.0271063	0.00374563	377.501	8
0	569	0.0502773	0.00366867	378.145	8
0	570	0.0451237	0.00635492	378.777	8
0	571	0.0341234	0.00831031	379.421	8
0	572	0.0323137	0.00368813	380.068	8
0	573	0.0400369	0.00518706	380.702	8
0	574	0.0268972	0.00541796	381.346	8
0	575	0.0319893	0.00440175	381.979	8
0	576	0.0219518	0.00394707	382.639	8
0	577	0.0184873	0.00426035	383.26	8
0	578	0.0237326	0.00589332	383.898	8
0	579	0.0397471	0.00651957	384.543	8
0	580	0.0326271	0.00336075	385.204	8
0	581	0.042363	0.0039214	385.845	8
0	582	0.147031	0.00616992	386.492	8
0	583	0.0443844	0.00406599	387.136	8
0	584	0.0363763	0.00722218	387.778	8
0	585	0.0645104	0.00385333	388.471	8
0	586	0.0341153	0.00868749	389.122	8
0	587	0.0382836	0.00598428	389.897	8
0	588	0.104227	0.00431419	390.589	8
0	589	0.0363252	0.0035996	391.227	8
0	590	0.160164	0.0160879	391.887	8
0	591	0.0991434	0.00828972	392.545	8
0	592	0.0706878	0.00383605	393.167	8
0	593	0.0581045	0.0143759	393.77	8
0	594	0.0465232	0.00825834	394.455	8
0	595	0.0638222	0.00414078	395.159	8
0	596	0.0331598	0.00804663	395.796	8
0	597	0.108934	0.00498183	396.506	8
0	598	0.0280537	0.00656786	397.19	8
0	599	0.0349588	0.00567821	397.872	8
0	600	0.0230521	0.00445509	398.547	8
0	601	0.0212213	0.00581457	399.188	8
0	602	0.0665409	0.00557786	399.833	8
0	603	0.0493405	0.00992966	400.478	8
0	604	0.0431954	0.00982837	401.115	8
0	605	0.0410299	0.00726738	401.784	8
0	606	0.0765815	0.00437536	402.425	8
0	607	0.0479766	0.00793104	403.091	8
0	608	0.0301028	0.00573218	403.748	8
0	609	0.0503565	0.00413174	404.45	8
0	610	0.0437591	0.00625424	405.143	8
0	611	0.0289359	0.00483249	405.777	8
0	612	0.0503947	0.00398368	406.439	8
0	613	0.0416927	0.00934033	407.061	8
0	614	0.0462694	0.0096209	407.699	8
0	615	0.0300017	0.00542648	408.338	8
0	616	0.177589	0.0147156	408.991	8
0	617	0.211183	0.028941	409.624	8
0	618	0.0996574	0.0287384	410.258	8
0	619	0.115278	0.00482312	410.888	8
0	620	0.0893823	0.0127471	411.529	8
0	621	0.0602413	0.00668388	412.186	8
0	622	0.0675652	0.0218773	412.81	8
0	623	0.0919877	0.00602084	413.436	8
0	624	0.0762015	0.00950112	414.061	8
0	625	0.12317	0.00437551	414.696	8
0	626	0.0521351	0.00533776	415.328	8
0	627	0.0373473	0.00787861	415.953	8
0	628	0.0384354	0.00744884	416.591	8
0	629	0.176285	0.0160759	417.224	8
0	630	0.074202	0.00738158	417.854	8
0	631	0.0646147	0.0110162	418.49	8
0	632	0.0779422	0.0040072	419.138	8
0	633	0.0487475	0.0098986	419.756	8
0	634	0.045893	0.00727676	420.405	8
0	635	0.0414871	0.0079441	421.044	8
0	636	0.0271947	0.00537735	421.671	8
0	637	0.0344433	0.00731572	422.313	8
0	638	0.0298866	0.00407725	422.983	8
0	639	0.246627	0.00778861	423.619	8
0	640	0.125358	0.0115436	424.248	8
0	641	0.111992	0.00749109	424.872	8
0	642	0.0455426	0.0064226	425.493	8
0	643	0.0547832	0.0123822	426.123	8
0	644	0.153024	0.00365978	426.743	8
0	645	0.0442908	0.00745382	427.387	8
0	646	0.0422707	0.00368467	428.018	8
0	647	0.0460124	0.00506722	428.659	8
0	648	0.032012	0.00477453	429.289	8
0	649	0.0301833	0.00280516	429.935	8
0	650	0.0380351	0.00432835	430.573	8
0	651	0.0253063	0.00512714	431.216	8
0	652	0.0319766	0.00651201	431.853	8
0	653	0.0357463	0.00376372	432.479	8
0	654	0.0181481	0.00281402	433.131	8
0	655	0.025453	0.00391575	433.784	8
0	656	0.0293372	0.00360681	434.432	8
0	657	0.0536363	0.00273424	435.092	8
0	658	0.0352092	0.00732088	435.73	8
0	659	0.0509786	0.00414268	436.389	8
0	660	0.0276034	0.00364382	437.024	8
0	661	0.0173308	0.0033176	437.672	8
0	662	0.0613266	0.00355047	438.336	8
0	663	0.0411179	0.00740952	438.979	8
0	664	0.13107	0.00397873	439.604	8
0	665	0.0241811	0.0029022	440.252	8
0	666	0.0265052	0.00543627	440.901	8
0	667	0.0298669	0.0041465	441.55	8
0	668	0.0709003	0.0031562	442.195	8
0	669	0.0665878	0.0065147	442.846	8
0	670	0.0329505	0.00507957	443.468	8
0	671	0.0193089	0.00296366	444.105	8
0	672	0.0326115	0.0034673	444.753	8
0	673	0.0282795	0.0059773	445.403	8
0	674	0.0731035	0.00376683	446.042	8
0	675	0.0735358	0.00313398	446.69	8
0	676	0.0374822	0.00458865	447.344	8
0	677	0.0262851	0.00530043	447.978	8
0	678	0.0179059	0.00333692	448.622	8
0	679	0.123714	0.00999244	449.254	8
0	680	0.0776399	0.0193373	449.876	8
0	681	0.0700995	0.00485564	450.552	8
0	682	0.0485152	0.00480691	451.217	8
0	683	0.0350307	0.00592053	451.863	8
0	684	0.025396	0.00331024	452.511	8
0	685	0.0264434	0.00347338	453.15	8
0	686	0.0256069	0.00387461	453.783	8
0	687	0.215426	0.0256322	454.421	8
0	688	0.181223	0.0246546	455.085	8
0	689	0.217278	0.0197159	455.706	8
0	690	0.100734	0.0201498	456.337	8
0	691	0.147436	0.00586342	456.976	8
0	692	0.152419	0.00773724	457.627	8
0	693	0.102151	0.00453157	458.277	8
0	694	0.0611979	0.00574188	458.891	8
0	695	0.0839544	0.00692609	459.539	8
0	696	0.0476321	0.00660843	460.175	8
0	697	0.0357646	0.00817321	460.816	8
0	698	0.0437385	0.0116997	461.431	8
0	699	0.163802	0.00371961	462.05	8
0	700	0.03625	0.0118634	462.669	8
0	701	0.0400154	0.00326473	463.333	8
0	702	0.04229	0.00691008	463.969	8
0	703	0.0522759	0.00653563	464.619	8
0	704	0.0334064	0.00775582	465.262	8
0	705	0.0298042	0.00710562	465.921	8
0	706	0.0318793	0.00655232	466.567	8
0	707	0.0396563	0.00748482	467.205	8
0	708	0.0441589	0.00536678	467.857	8
0	709	0.0241998	0.0071663	468.487	8
0	710	0.0390033	0.00471086	469.117	8
0	711	0.0239433	0.00621341	469.742	8
0	712	0.0457858	0.00314173	470.409	8
0	713	0.0606119	0.00634537	471.031	8
0	714	0.0474694	0.00516381	471.668	8
0	715	0.0213611	0.00429482	472.3	8
0	716	0.104033	0.00419827	472.963	8
0	717	0.0369689	0.00708317	473.616	8
0	718	0.0460402	0.00545266	474.276	8
0	719	0.0239963	0.00512483	474.93	8
0	720	0.449167	0.0251681	475.563	8
0	721	0.135406	0.00690114	476.199	8
0	722	0.0980331	0.0176093	476.82	8
0	723	0.112904	0.00460199	477.471	8
0	724	0.0424856	0.00544124	478.105	8
0	725	0.069409	0.00702965	478.755	8
0	726	0.0893644	0.00326301	479.385	8
0	727	0.0471941	0.00402027	480.006	8
0	728	0.0342827	0.00502833	480.665	8
0	729	0.0312629	0.00512024	481.324	8
0	730	0.0612133	0.00366053	482.005	8
0	731	0.0332136	0.00619628	482.686	8
0	732	0.158968	0.0100097	483.433	8
0	733	0.0780234	0.021243	484.337	8
0	734	0.0448978	0.00900209	485.025	8
0	735	0.0489433	0.00581288	485.705	8
0	736	0.0353948	0.00876021	486.363	8
0	737	0.16851	0.0038301	487.025	8
0	738	0.044236	0.00711335	487.707	8
0	739	0.0311664	0.0056064	488.457	8
0	740	0.0622746	0.00334567	489.191	8
0	741	0.020371	0.00441168	490.007	8
0	742	0.0997116	0.00351338	490.913	8
0	743	0.0372398	0.0105024	491.769	8
0	744	0.0682792	0.00340692	492.465	8
0	745	0.0190787	0.00314055	493.09	8
0	746	0.0780527	0.00471265	493.795	8
0	747	0.067439	0.00934833	494.48	8
0	748	0.0636129	0.00427342	495.255	8
0	749	0.0221807	0.00451665	495.972	8
0	750	0.029714	0.00775308	496.712	8
0	751	0.0194923	0.00255927	497.355	8
0	752	0.0238611	0.00358997	498.001	8
0	753	0.0238296	0.00467627	498.629	8
0	754	0.0302826	0.00526138	499.281	8
0	755	0.0382532	0.0037383	499.923	8
0	756	0.0670327	0.00633901	500.573	8
0	757	0.0329278	0.0079184	501.291	8
0	758	0.0835074	0.00336459	501.968	8
0	759	0.0491573	0.00480805	502.762	8
0	760	0.020013	0.00408398	503.661	8
0	761	0.0314575	0.0043405	504.544	8
0	762	0.0395297	0.00322805	505.259	8
0	763	0.0770024	0.00497816	505.965	8
0	764	0.0387522	0.00492078	506.67	8
0	765	0.0648557	0.00872438	507.359	8
0	766	0.0711165	0.00397135	508.001	8
0	767	0.0322578	0.00566085	508.647	8
0	768	0.391538	0.00856529	509.362	8
0	769	0.120239	0.0232755	510.077	8
0	770	0.0597398	0.0155295	510.795	8
0	771	0.0664319	0.00714958	511.446	8
0	772	0.0489201	0.00772585	512.055	8
0	773	0.0399294	0.00387227	512.723	8
0	774	0.0641271	0.00357432	513.374	8
0	775	0.0581325	0.00587105	514.009	8
0	776	0.0400721	0.00759969	514.634	8
0	777	0.0358729	0.00816333	515.255	8
0	778	0.0337743	0.00709036	515.857	8
0	779	0.0275373	0.0060362	516.498	8
0	780	0.0529641	0.0039958	517.147	8
0	781	0.0370629	0.00599657	517.811	8
0	782	0.0267682	0.00500391	518.446	8
0	783	0.0604276	0.00369369	519.106	8
0	784	0.0235321	0.00607501	519.774	8
0	785	0.0930106	0.003698	520.442	8
0	786	0.0510627	0.00480711	521.08	8
0	787	0.0238564	0.00525092	521.706	8
0	788	0.11612	0.00339759	522.413	8
0	789	0.0292754	0.00383092	523.055	8
0	790	0.025439	0.00281368	523.681	8
0	791	0.0334552	0.00373951	524.319	8
0	792	0.0325027	0.00634745	524.96	8
0	793	0.0291283	0.00601767	525.633	8
0	794	0.209616	0.0208026	526.305	8
0	795	0.141708	0.0116632	526.946	8
0	796	0.188592	0.0176796	527.592	8
0	797	0.197288	0.00643688	528.197	8
0	798	0.0500039	0.00647819	528.803	8
0	799	0.051449	0.00575987	529.432	8
0	800	0.0644743	0.00862753	530.052	8
0	801	0.0750766	0.00466515	530.694	8
0	802	0.0394773	0.00715282	531.309	8
0	803	0.109414	0.00402597	531.928	8
0	804	0.0422225	0.00839036	532.573	8
0	805	0.035133	0.00472693	533.245	8
0	806	0.0328301	0.00902572	533.889	8
0	807	0.0298384	0.00441949	534.515	8
0	808	0.0488824	0.00432667	535.15	8
0	809	0.0288459	0.00746708	535.769	8
0	810	0.0621955	0.00296325	536.406	8
0	811	0.0395866	0.00606473	537.033	8
0	812	0.050139	0.00520638	537.715	8
0	813	0.0333409	0.00403347	538.404	8
0	814	0.0265933	0.0069312	539.036	8
0	815	0.0273847	0.00516024	539.654	8
0	816	0.0246807	0.00641556	540.273	8
0	817	0.0241644	0.00493635	540.887	8
0	818	0.0228655	0.00347528	541.522	8
0	819	0.046507	0.00307564	542.161	8
0	820	0.0214555	0.00498514	542.791	8
0	821	0.0241628	0.00406454	543.428	8
0	822	0.0244853	0.0061792	544.092	8
0	823	0.204437	0.0139778	544.742	8
0	824	0.0851138	0.0102109	545.44	8
0	825	0.0798536	0.00681738	546.057	8
0	826	0.0411319	0.00875276	546.696	8
0	827	0.0683826	0.00505005	547.33	8
0	828	0.0411459	0.00306373	547.969	8
0	829	0.0284185	0.00489223	548.615	8
0	830	0.0342093	0.00508215	549.319	8
0	831	0.0313749	0.0055201	550.029	8
0	832	0.0226211	0.00531989	550.76	8
0	833	0.0258921	0.00262413	551.5	8
0	834	0.0227237	0.00498841	552.329	8
0	835	0.0866621	0.00854987	553.1	8
0	836	0.0619054	0.012026	553.806	8
0	837	0.0523435	0.0069074	554.624	8
0	838	0.0404182	0.00837825	555.405	8
0	839	0.0683173	0.00438358	556.082	8
0	840	0.0359365	0.00703076	556.769	8
0	841	0.0352108	0.00374249	557.432	8
0	842	0.0263922	0.00506715	558.123	8
0	843	0.0320993	0.00395224	558.8	8
0	844	0.0329649	0.00572017	559.478	8
0	845	0.020081	0.00478234	560.104	8
0	846	0.0232626	0.00434897	560.84	8
0	847	0.0261949	0.00431703	561.543	8
0	848	0.0903836	0.00427445	562.215	8
0	849	0.0674726	0.00339815	562.882	8
0	850	0.0466897	0.00485677	563.605	8
0	851	0.0228319	0.00473396	564.294	8
0	852	0.0222967	0.00496978	564.99	8
0	853	0.0191366	0.00424484	565.645	8
0	854	0.0209732	0.00444489	566.301	8
0	855	0.11685	0.00365176	566.955	8
0	856	0.0962305	0.0247385	567.617	8
0	857	0.0920421	0.00417344	568.253	8
0	858	0.0359953	0.00698378	568.948	8
0	859	0.0604501	0.00462751	569.648	8
0	860	0.0280365	0.004675	570.407	8
0	861	0.0316771	0.00411858	571.125	8
0	862	0.0629435	0.00387576	571.779	8
0	863	0.0419241	0.00304137	572.494	8
0	864	0.0394162	0.00737036	573.221	8
0	865	0.0440732	0.00638629	573.863	8
0	866	0.0243391	0.00393474	574.504	8
0	867	0.0216961	0.00375197	575.163	8
0	868	0.0225492	0.00629941	575.806	8
0	869	0.0214598	0.00354586	576.543	8
0	870	0.259275	0.0134689	577.238	8
0	871	0.0689244	0.00530062	577.935	8
0	872	0.0877915	0.00691946	578.641	8
0	873	0.0256154	0.00449748	579.309	8
0	874	0.0376671	0.00927535	580.118	8
0	875	0.0294385	0.00661735	580.888	8
0	876	0.151617	0.00320929	581.566	8
0	877	0.0367698	0.00740193	582.234	8
0	878	0.0291075	0.00319334	582.91	8
0	879	0.0787326	0.00310643	583.611	8
0	880	0.0426593	0.0105231	584.263	8
0	881	0.207903	0.0150768	585.013	8
0	882	0.25712	0.0152188	585.768	8
0	883	0.123626	0.0163346	586.481	8
0	884	0.123785	0.00961557	587.159	8
0	885	0.0896568	0.0141522	587.829	8
0	886	0.121811	0.00535424	588.544	8
0	887	0.0518665	0.0136944	589.253	8
0	888	0.05966	0.0119799	589.913	8
0	889	0.194867	0.00522153	590.624	8
0	890	0.0748783	0.0100453	591.392	8
0	891	0.0509403	0.0174127	592.139	8
0	892	0.0906477	0.00415072	592.826	8
0	893	0.039783	0.00664593	593.493	8
0	894	0.035138	0.00982111	594.181	8
0	895	0.031811	0.00587741	594.877	8
0	896	0.037894	0.00659455	595.56	8
0	897	0.0335424	0.00922004	596.263	8
0	898	0.0466525	0.00423696	596.924	8
0	899	0.0360931	0.00451146	597.618	8
0	900	0.0611334	0.00617	598.284	8
0	901	0.0453847	0.00459712	598.922	8
0	902	0.0290286	0.00589279	599.564	8
0	903	0.11944	0.00464837	600.207	8
0	904	0.0388752	0.0063408	600.846	8
0	905	0.0353284	0.00956095	601.48	8
0	906	0.0348493	0.00503017	602.136	8
0	907	0.0219807	0.00496666	602.767	8
0	908	0.263207	0.0098833	603.433	8
0	909	0.0746842	0.00832519	604.092	8
0	910	0.0632382	0.00470805	604.759	8
0	911	0.0556503	0.0055872	605.438	8
0	912	0.0384858	0.00608369	606.102	8
0	913	0.0934005	0.00841692	606.732	8
0	914	0.074026	0.0102522	607.386	8
0	915	0.27908	0.00348256	608.035	8
0	916	0.0320114	0.00589785	608.697	8
0	917	0.0301033	0.00591613	609.371	8
0	918	0.0283126	0.00261968	610.016	8
0	919	0.0262971	0.00430295	610.676	8
0	920	0.0252576	0.00320326	611.343	8
0	921	0.0235347	0.00515266	612.003	8
0	922	0.0226082	0.00498689	612.657	8
0	923	0.0220654	0.00488108	613.319	8
0	924	0.0563127	0.0036002	613.989	8
0	925	0.0213804	0.00354273	614.648	8
0	926	0.0269352	0.0046276	615.276	8
0	927	0.0266077	0.00697355	615.92	8
0	928	0.0313975	0.00590162	616.56	8
0	929	0.0304161	0.00598906	617.209	8
0	930	0.0153575	0.00317861	617.856	8
0	931	0.0858836	0.00355141	618.517	8
0	932	0.0271276	0.0046328	619.13	8
0	933	0.0238085	0.00436064	619.766	8
0	934	0.0821598	0.00481733	620.407	8
0	935	0.0427878	0.00311246	621.037	8
0	936	0.0264737	0.00416386	621.658	8
0	937	0.0224156	0.00424088	622.294	8
0	938	0.0500378	0.00411125	622.918	8
0	939	0.0504437	0.00296183	623.569	8
0	940	0.0407121	0.00294172	624.221	8
0	941	0.0215814	0.00241435	624.872	8
0	942	0.0206218	0.00392893	625.517	8
0	943	0.0364732	0.00281886	626.185	8
0	944	0.0319121	0.00428366	626.849	8
0	945	0.0533633	0.00380149	627.475	8
0	946	0.0194284	0.00317821	628.122	8
0	947	0.0353233	0.00377817	628.752	8
0	948	0.051616	0.00396401	629.395	8
0	949	0.0276021	0.00497823	630.018	8
0	950	0.0527607	0.00581937	630.667	8
0	951	0.0351676	0.00542345	631.422	8
0	952	0.114647	0.00343284	632.139	8
0	953	0.03634	0.00467063	632.81	8
0	954	0.0195033	0.00462617	633.475	8
0	955	0.0181551	0.00354134	634.124	8
0	956	0.0185928	0.0042105	634.768	8
0	957	0.0234951	0.00329091	635.422	8
0	958	0.0181665	0.00509438	636.072	8
0	959	0.0185559	0.00435631	636.766	8
0	960	0.0187033	0.00430977	637.402	8
0	961	0.068162	0.00632903	638.044	8
0	962	0.0533743	0.00851187	638.681	8
0	963	0.0524353	0.0055192	639.319	8
0	964	0.0312489	0.00580476	639.966	8
0	965	0.0469646	0.00562015	640.603	8
0	966	0.0264208	0.00609269	641.236	8
0	967	0.0297913	0.00281603	641.889	8
0	968	0.0220697	0.00463213	642.557	8
0	969	0.0468978	0.00254065	643.194	8
0	970	0.0398014	0.00258257	643.825	8
0	971	0.064567	0.00313376	644.463	8
0	972	0.0314322	0.00360272	645.111	8
0	973	0.0177666	0.0039051	645.736	8
0	974	0.0233968	0.0021775	646.391	8
0	975	0.0198846	0.00400004	647.044	8
0	976	0.0195503	0.0039397	647.695	8
0	977	0.0196033	0.00428929	648.357	8
0	978	0.111652	0.00382198	649.015	8
0	979	0.0260607	0.00367309	649.67	8
0	980	0.0302994	0.00263635	650.326	8
0	981	0.0144588	0.00235712	650.96	8
0	982	0.0212406	0.0039311	651.611	8
0	983	0.0372422	0.00246493	652.255	8
0	984	0.0270633	0.00670505	652.893	8
0	985	0.0720745	0.00836097	653.546	8
0	986	0.0460455	0.00739562	654.194	8
0	987	0.0451083	0.00426324	654.847	8
0	988	0.0326072	0.00576517	655.492	8
0	989	0.0267815	0.00671424	656.149	8
0	990	0.0456229	0.00550152	656.781	8
0	991	0.0393057	0.0069616	657.437	8
0	992	0.0342157	0.00735193	658.077	8
0	993	0.0624947	0.00293888	658.737	8
0	994	0.0344765	0.0083919	659.367	8
0	995	0.0244056	0.00516981	660.005	8
0	996	0.0231828	0.00612741	660.652	8
0	997	0.019834	0.00483412	661.293	8
0	998	0.0446707	0.00281487	661.939	8
0	999	0.0406144	0.0100162	662.582	8
0	1000	0.0310589	0.00316801	663.212	8
0	1001	0.0317388	0.0030851	663.848	8
0	1002	0.0218935	0.00324482	664.476	8
0	1003	0.0212562	0.00585112	665.117	8
0	1004	0.0401774	0.00290591	665.748	8
0	1005	0.042373	0.00422794	666.397	8
0	1006	0.039362	0.0035303	667.046	8
0	1007	0.0305288	0.00371227	667.692	8
0	1008	0.0373234	0.00362072	668.318	8
0	1009	0.0263689	0.00206295	668.977	8
0	1010	0.0248045	0.00237933	669.626	8
0	1011	0.0151874	0.00239916	670.275	8
0	1012	0.0275961	0.00308506	670.922	8
0	1013	0.0178655	0.00443299	671.558	8
0	1014	0.0129469	0.00275627	672.219	8
0	1015	0.0173706	0.00301033	672.857	8
0	1016	0.0284476	0.0043728	673.491	8
0	1017	0.0430038	0.00343104	674.148	8
0	1018	0.0626905	0.00317503	674.786	8
0	1019	0.0141702	0.00292302	675.415	8
0	1020	0.018542	0.0033557	676.038	8
0	1021	0.0165276	0.00388653	676.679	8
0	1022	0.023759	0.0030439	677.341	8
0	1023	0.0513909	0.00365108	677.982	8
0	1024	0.0313424	0.00340963	678.634	8
0	1025	0.0136369	0.00262583	679.279	8
0	1026	0.0303398	0.003999	679.941	8
0	1027	0.0292223	0.0054113	680.567	8
0	1028	0.0230815	0.00553769	681.19	8
0	1029	0.0205501	0.00477806	681.831	8
0	1030	0.0271085	0.00423323	682.46	8
0	1031	0.0577216	0.00327499	683.104	8
0	1032	0.0258635	0.00439235	683.768	8
0	1033	0.0170738	0.00412727	684.399	8
0	1034	0.0500375	0.00305893	685.039	8
0	1035	0.0155048	0.00242032	685.674	8
0	1036	0.0247228	0.00277105	686.333	8
0	1037	0.0221078	0.00286387	686.995	8
0	1038	0.0180019	0.00439625	687.644	8
0	1039	0.0533891	0.00302584	688.29	8
0	1040	0.102812	0.00289381	688.927	8
0	1041	0.020674	0.00443604	689.564	8
0	1042	0.028002	0.00307719	690.22	8
0	1043	0.0271245	0.00422739	690.864	8
0	1044	0.0319089	0.00286575	691.507	8
0	1045	0.01412	0.00284302	692.141	8
0	1046	0.0173027	0.00249234	692.789	8
0	1047	0.0705645	0.00328094	693.428	8
0	1048	0.0264713	0.00188089	694.089	8
0	1049	0.0146277	0.00293103	694.73	8
0	1050	0.126985	0.018158	695.364	8
0	1051	0.103616	0.0124717	695.992	8
0	1052	0.0638699	0.0139006	696.637	8
0	1053	0.0778812	0.00471629	697.275	8
0	1054	0.0563766	0.0056881	697.939	8
0	1055	0.0340553	0.0103356	698.576	8
0	1056	0.029332	0.0062778	699.2	8
0	1057	0.0400628	0.00243333	699.839	8
0	1058	0.0358959	0.00286714	700.478	8
0	1059	0.0244698	0.00314892	701.181	8
0	1060	0.0147876	0.00223628	701.899	8
0	1061	0.0121573	0.00273048	702.565	8
0	1062	0.0165737	0.00310476	703.219	8
0	1063	0.0166721	0.00364789	703.844	8
0	1064	0.023065	0.0040876	704.499	8
0	1065	0.027673	0.0023202	705.143	8
0	1066	0.0176286	0.00425024	705.792	8
0	1067	0.0642771	0.00740513	706.436	8
0	1068	0.192845	0.00274268	707.091	8
0	1069	0.0254776	0.00408398	707.746	8
0	1070	0.0167186	0.00247429	708.41	8
0	1071	0.0145876	0.00321193	709.072	8
0	1072	0.0253482	0.0026944	709.722	8
0	1073	0.0398362	0.002415	710.368	8
0	1074	0.0255402	0.00410715	710.996	8
0	1075	0.0176447	0.00269904	711.651	8
0	1076	0.0166489	0.00285679	712.284	8
0	1077	0.0919657	0.00731213	712.942	8
0	1078	0.105125	0.00769333	713.574	8
0	1079	0.034952	0.00817474	714.225	8
0	1080	0.110701	0.00294415	714.856	8
0	1081	0.0331726	0.00524796	715.509	8
0	1082	0.024099	0.00480229	716.142	8
0	1083	0.0233089	0.00665483	716.789	8
0	1084	0.0516077	0.00693681	717.439	8
0	1085	0.105258	0.00838377	718.086	8
0	1086	0.0386897	0.00828073	718.785	8
0	1087	0.0307373	0.00670695	719.431	8
0	1088	0.0609677	0.00293693	720.069	8
0	1089	0.0230005	0.00506042	720.729	8
0	1090	0.0294742	0.00312711	721.382	8
0	1091	0.0321678	0.00265623	722.044	8
0	1092	0.0337552	0.00271657	722.711	8
0	1093	0.0180657	0.00253718	723.432	8
0	1094	0.202964	0.0052956	724.088	8
0	1095	0.058218	0.00628991	724.746	8
0	1096	0.0453637	0.00586511	725.384	8
0	1097	0.0494381	0.00512285	726.027	8
0	1098	0.0292075	0.00530164	726.681	8
0	1099	0.0762029	0.0027624	727.306	8
0	1100	0.0236174	0.00321654	727.968	8
0	1101	0.0340999	0.0021534	728.623	8
0	1102	0.0213035	0.00281606	729.286	8
0	1103	0.0196105	0.00313516	729.91	8
0	1104	0.0212636	0.00315942	730.594	8
0	1105	0.0166932	0.00410221	731.233	8
0	1106	0.0300572	0.00399215	731.98	8
0	1107	0.0238098	0.00299359	732.693	8
0	1108	0.0201644	0.00322141	733.355	8
0	1109	0.0191719	0.00318744	734.019	8
0	1110	0.267251	0.0443746	734.772	8
0	1111	0.397674	0.0491738	735.413	8
0	1112	0.166141	0.0356055	736.085	8
0	1113	0.18394	0.0330392	736.738	8
0	1114	0.20336	0.0566543	737.392	8
0	1115	0.180978	0.0350048	738.042	8
0	1116	0.174004	0.00524857	738.682	8
0	1117	0.18566	0.0773535	739.322	8
0	1118	0.123659	0.0070766	739.973	8
0	1119	0.102431	0.00905001	740.612	8
0	1120	0.13757	0.0055873	741.24	8
0	1121	0.0715358	0.00580255	741.892	8
0	1122	0.0820648	0.00963299	742.53	8
0	1123	0.0405529	0.00631089	743.154	8
0	1124	0.108407	0.00496871	743.792	8
0	1125	0.0441669	0.0123043	744.432	8
0	1126	0.0502656	0.00688066	745.079	8
0	1127	0.0530631	0.0121421	745.728	8
0	1128	0.0524768	0.00367659	746.388	8
0	1129	0.119078	0.00620316	747.03	8
0	1130	0.0365323	0.00271054	747.672	8
0	1131	0.0553572	0.0105219	748.321	8
0	1132	0.0489767	0.00572869	748.954	8
0	1133	0.0326131	0.00935758	749.597	8
0	1134	0.0951172	0.00640813	750.243	8
0	1135	0.0398829	0.00646496	750.859	8
0	1136	0.0346854	0.0057676	751.495	8
0	1137	0.0476738	0.0124847	752.16	8
0	1138	0.0291037	0.00588252	752.78	8
0	1139	0.156277	0.00517171	753.4	8
0	1140	0.0480347	0.0140924	754.081	8
0	1141	0.0459237	0.00550816	754.868	8
0	1142	0.0480035	0.0134652	755.584	8
0	1143	0.0868367	0.00570101	756.208	8
0	1144	0.0461786	0.00334337	756.862	8
0	1145	0.0311346	0.00344079	757.497	8
0	1146	0.0227096	0.00468133	758.162	8
0	1147	0.0224856	0.00522026	758.855	8
0	1148	0.0414521	0.00569075	759.581	8
0	1149	0.0550454	0.00753909	760.23	8
0	1150	0.0268636	0.00518918	760.896	8
0	1151	0.0316686	0.00676337	761.532	8
0	1152	0.0367215	0.00574297	762.195	8
0	1153	0.0716739	0.0066173	762.845	8
0	1154	0.0753529	0.00607798	763.519	8
0	1155	0.0289511	0.00532147	764.169	8
0	1156	0.0518159	0.00792483	764.833	8
0	1157	0.0365392	0.0103221	765.457	8
0	1158	0.0401885	0.00674766	766.081	8
0	1159	0.0531312	0.00427324	766.72	8
0	1160	0.0293297	0.00263494	767.356	8
0	1161	0.0387929	0.0024305	768.007	8
0	1162	0.024338	0.00664168	768.636	8
0	1163	0.0562683	0.00564974	769.309	8
0	1164	0.044513	0.0113494	769.95	8
0	1165	0.0388538	0.0051462	770.592	8
0	1166	0.0307754	0.00790812	771.243	8
0	1167	0.0330085	0.00655383	771.919	8
0	1168	0.0284094	0.00526481	772.556	8
0	1169	0.0452134	0.00677215	773.193	8
0	1170	0.0271609	0.00454401	773.874	8
0	1171	0.0382012	0.00485335	774.519	8
0	1172	0.0281284	0.00388317	775.152	8
0	1173	0.0630624	0.00423379	775.787	8
0	1174	0.0161845	0.00214546	776.43	8
0	1175	0.0296119	0.00281257	777.088	8
0	1176	0.0250832	0.00214318	777.732	8
0	1177	0.0212011	0.00471276	778.377	8
0	1178	0.0486074	0.00488875	779.013	8
0	1179	0.0764596	0.00487726	779.661	8
0	1180	0.0324599	0.00535005	780.279	8
0	1181	0.02454	0.00625921	780.914	8
0	1182	0.0259607	0.00505975	781.552	8
0	1183	0.0357199	0.0043984	782.167	8
0	1184	0.0263699	0.0045675	782.81	8
0	1185	0.0200073	0.00263299	783.439	8
0	1186	0.019712	0.00460983	784.07	8
0	1187	0.015871	0.00318572	784.704	8
0	1188	0.0225777	0.00527731	785.356	8
0	1189	0.0559283	0.00409376	785.983	8
0	1190	0.0308987	0.00746903	786.628	8
0	1191	0.0170675	0.00290031	787.255	8
0	1192	0.0281734	0.00364187	787.895	8
0	1193	0.0198618	0.00452622	788.531	8
0	1194	0.0421882	0.00217597	789.176	8
0	1195	0.0212261	0.00462896	789.858	8
0	1196	0.0206032	0.00485672	790.497	8
0	1197	0.0963333	0.00492331	791.13	8
0	1198	0.0730081	0.00336841	791.779	8
0	1199	0.0188971	0.0039538	792.403	8
0	1200	0.0168843	0.00374795	793.055	8
0	1201	0.0281451	0.00441048	793.698	8
0	1202	0.0555212	0.00341054	794.354	8
0	1203	0.0254219	0.00421988	794.987	8
0	1204	0.0174323	0.0038581	795.606	8
0	1205	0.144343	0.00640703	796.24	8
0	1206	0.06214	0.00977916	796.861	8
0	1207	0.0877869	0.0025096	797.52	8
0	1208	0.0221815	0.00528207	798.139	8
0	1209	0.0180615	0.00434365	798.794	8
0	1210	0.0756602	0.00470388	799.423	8
0	1211	0.0303727	0.00580505	800.072	8
0	1212	0.0466659	0.00385531	800.694	8
0	1213	0.0130882	0.00185168	801.337	8
0	1214	0.0302312	0.00289689	802.012	8
0	1215	0.0202695	0.00358508	802.661	8
0	1216	0.0218335	0.00448013	803.312	8
0	1217	0.0205066	0.00392454	803.945	8
0	1218	0.0167275	0.00379049	804.6	8
0	1219	0.136605	0.0126164	805.241	8
0	1220	0.139229	0.0118404	805.895	8
0	1221	0.141937	0.0302053	806.528	8
0	1222	0.175173	0.00531092	807.177	8
0	1223	0.10794	0.00474563	807.825	8
0	1224	0.0560577	0.00451758	808.449	8
0	1225	0.114206	0.00471615	809.117	8
0	1226	0.0457327	0.00294217	809.772	8
0	1227	0.0437697	0.00437981	810.416	8
0	1228	0.0805267	0.00395816	811.067	8
0	1229	0.0402056	0.00366045	811.716	8
0	1230	0.0414013	0.00905242	812.344	8
0	1231	0.0398937	0.00829333	812.979	8
0	1232	0.0579494	0.00299158	813.611	8
0	1233	0.0449599	0.00403524	814.254	8
0	1234	0.0461774	0.0056795	814.873	8
0	1235	0.0261006	0.00529227	815.514	8
0	1236	0.0460686	0.00295037	816.151	8
0	1237	0.0314657	0.00438403	816.813	8
0	1238	0.0338535	0.0043108	817.438	8
0	1239	0.0263928	0.00301572	818.068	8
0	1240	0.0824796	0.00404412	818.697	8
0	1241	0.0413255	0.00792524	819.352	8
0	1242	0.0324414	0.00394298	820.007	8
0	1243	0.0334964	0.0059653	820.647	8
0	1244	0.0266344	0.0051798	821.279	8
0	1245	0.0149812	0.00322302	821.932	8
0	1246	0.0550674	0.00280205	822.598	8
0	1247	0.0298974	0.00553648	823.22	8
0	1248	0.027698	0.00415036	823.865	8
0	1249	0.023319	0.00310133	824.513	8
0	1250	0.200386	0.00857077	825.164	8
0	1251	0.0469291	0.0102973	825.812	8
0	1252	0.0432657	0.00928313	826.537	8
0	1253	0.0983391	0.00346632	827.217	8
0	1254	0.0303293	0.00251772	827.879	8
0	1255	0.0324767	0.00333156	828.546	8
0	1256	0.0214095	0.00583377	829.198	8
0	1257	0.0324063	0.00360956	829.84	8
0	1258	0.0289344	0.00520319	830.486	8
0	1259	0.089935	0.00270171	831.13	8
0	1260	0.0189008	0.00433769	831.761	8
0	1261	0.0212214	0.00400321	832.396	8
0	1262	0.0179231	0.00242651	833.07	8
0	1263	0.0221101	0.00414841	833.711	8
0	1264	0.0155896	0.00380235	834.356	8
0	1265	0.0352564	0.00354696	834.981	8
0	1266	0.0193809	0.00363533	835.645	8
0	1267	0.0281415	0.00689394	836.298	8
0	1268	0.0508233	0.00381224	836.983	8
0	1269	0.0215991	0.00438176	837.623	8
0	1270	0.0251791	0.00408269	838.282	8
0	1271	0.078339	0.00355829	838.913	8
0	1272	0.022843	0.00435491	839.552	8
0	1273	0.0224673	0.00707338	840.206	8
0	1274	0.0258274	0.0035569	840.836	8
0	1275	0.01662	0.00458096	841.466	8
0	1276	0.026468	0.00239277	842.11	8
0	1277	0.019387	0.00322711	842.76	8
0	1278	0.0162487	0.00405902	843.394	8
0	1279	0.0438076	0.00283788	844.036	8
0	1280	0.01528	0.00401903	844.675	8
0	1281	0.0268929	0.00290958	845.33	8
0	1282	0.0181171	0.00228341	845.982	8
0	1283	0.0726543	0.00351604	846.637	8
0	1284	0.0374655	0.0068629	847.272	8
0	1285	0.0378529	0.00227652	847.9	8
0	1286	0.0125563	0.00227704	848.526	8
0	1287	0.0402356	0.00223082	849.161	8
0	1288	0.026081	0.00414594	849.793	8
0	1289	0.046752	0.00327071	850.426	8
0	1290	0.0206387	0.00294239	851.104	8
0	1291	0.0243484	0.00268489	851.747	8
0	1292	0.0174867	0.00301403	852.386	8
0	1293	0.0320909	0.00178723	853.025	8
0	1294	0.016472	0.00295666	853.651	8
0	1295	0.0161046	0.00361407	854.274	8
0	1296	0.0172556	0.00358157	854.905	8
0	1297	0.0146034	0.00310407	855.543	8
0	1298	0.0184201	0.00210929	856.193	8
0	1299	0.0134589	0.00310273	856.831	8
0	1300	0.0130052	0.00347167	857.456	8
0	1301	0.0430973	0.00204535	858.091	8
0	1302	0.0183313	0.00177125	858.721	8
0	1303	0.194663	0.00684911	859.354	8
0	1304	0.0372853	0.0101228	859.971	8
0	1305	0.0577651	0.00299768	860.604	8
0	1306	0.0276355	0.00360056	861.256	8
0	1307	0.0276494	0.00356394	861.907	8
0	1308	0.0254995	0.00351762	862.566	8
0	1309	0.0168337	0.00235451	863.21	8
0	1310	0.010243	0.00192696	863.864	8
0	1311	0.0429382	0.00442251	864.513	8
0	1312	0.0324984	0.00745147	865.148	8
0	1313	0.0359697	0.00579265	865.779	8
0	1314	0.0216094	0.00414995	866.407	8
0	1315	0.0246905	0.00225457	867.05	8
0	1316	0.0419512	0.00331592	867.673	8
0	1317	0.0192342	0.00230907	868.323	8
0	1318	0.0150822	0.00316293	868.973	8
0	1319	0.0354458	0.00343829	869.613	8
0	1320	0.087449	0.00239028	870.26	8
0	1321	0.0218279	0.00526097	870.92	8
0	1322	0.0208557	0.00373392	871.556	8
0	1323	0.034509	0.00285035	872.216	8
0	1324	0.0370662	0.00342852	872.867	8
0	1325	0.0205324	0.00314007	873.541	8
0	1326	0.0146144	0.0031773	874.228	8
0	1327	0.0438684	0.00343723	874.885	8
0	1328	0.0223062	0.00358339	875.599	8
0	1329	0.0327665	0.00243904	876.32	8
0	1330	0.1375	0.0111734	877.02	8
0	1331	0.0709339	0.0130041	877.723	8
0	1332	0.118052	0.00704368	878.478	8
0	1333	0.0356126	0.00425526	879.227	8
0	1334	0.0240525	0.00434301	879.951	8
0	1335	0.0280935	0.00634823	880.663	8
0	1336	0.0381286	0.00262419	881.335	8
0	1337	0.0230781	0.0023916	882.03	8
0	1338	0.0210245	0.00358416	882.758	8
0	1339	0.038653	0.00331081	883.47	8
0	1340	0.0186629	0.00426163	884.146	8
0	1341	0.010905	0.00179935	884.84	8
0	1342	0.0136882	0.00181246	885.489	8
0	1343	0.0377131	0.00217568	886.121	8
0	1344	0.012294	0.00177103	886.795	8
0	1345	0.042978	0.00197855	887.509	8
0	1346	0.0326413	0.00332061	888.225	8
0	1347	0.021672	0.00726127	888.859	8
0	1348	0.0269417	0.00275108	889.533	8
0	1349	0.0228487	0.00238716	890.18	8
0	1350	0.0129666	0.00304204	890.819	8
0	1351	0.0326892	0.00420293	891.491	8
0	1352	0.0226847	0.00299956	892.148	8
0	1353	0.0231815	0.0030602	892.791	8
0	1354	0.0248586	0.0021342	893.452	8
0	1355	0.0175494	0.00268418	894.107	8
0	1356	0.0249074	0.0021824	894.759	8
0	1357	0.0327676	0.00350867	895.401	8
0	1358	0.0174297	0.004922	896.024	8
0	1359	0.0380428	0.00276408	896.668	8
0	1360	0.0211389	0.00227916	897.311	8
0	1361	0.0356289	0.00212298	897.95	8
0	1362	0.0191337	0.0042084	898.6	8
0	1363	0.0377881	0.00216015	899.26	8
0	1364	0.0266028	0.00411438	899.917	8
0	1365	0.0324603	0.00213079	900.581	8
0	1366	0.0181155	0.00316509	901.231	8
0	1367	0.0289806	0.00231397	901.887	8
0	1368	0.0174121	0.00390412	902.516	8
0	1369	0.016094	0.00213089	903.167	8
0	1370	0.0157603	0.0034219	903.825	8
0	1371	0.0128116	0.00286325	904.486	8
0	1372	0.0605518	0.00699318	905.128	8
0	1373	0.0488764	0.00798475	905.772	8
0	1374	0.0422256	0.00895948	906.397	8
0	1375	0.0746812	0.00392041	907.026	8
0	1376	0.0340305	0.00380025	907.663	8
0	1377	0.039939	0.00575636	908.299	8
0	1378	0.0640642	0.00212399	908.957	8
0	1379	0.0315165	0.00267985	909.607	8
0	1380	0.0217279	0.00648674	910.226	8
0	1381	0.0148466	0.00300391	910.858	8
0	1382	0.0116597	0.00253746	911.497	8
0	1383	0.0445141	0.00337354	912.137	8
0	1384	0.0298225	0.00283659	912.784	8
0	1385	0.017494	0.00205873	913.435	8
0	1386	0.0429152	0.0078901	914.083	8
0	1387	0.0434932	0.00403366	914.723	8
0	1388	0.0269057	0.0064936	915.36	8
0	1389	0.0914458	0.00217152	915.996	8
0	1390	0.0284336	0.00227253	916.658	8
0	1391	0.0249562	0.00326475	917.336	8
0	1392	0.0100879	0.00177843	917.99	8
0	1393	0.0777224	0.00497763	918.655	8
0	1394	0.12173	0.00314794	919.304	8
0	1395	0.0731179	0.0247853	920.021	8
0	1396	0.0529691	0.00814253	920.701	8
0	1397	0.0393825	0.00308168	921.333	8
0	1398	0.0308187	0.0096421	921.987	8
0	1399	0.0278829	0.00501276	922.631	8
0	1400	0.0364508	0.0122521	923.275	8
0	1401	0.029111	0.00448895	923.904	8
0	1402	0.0233494	0.00637586	924.53	8
0	1403	0.0553878	0.0062251	925.17	8
