step	level	max error	time	nr. of control nodes
0	0	0.416163	10	2
0	0	0.45595	27	4
0	0	0.247531	43	6
0	1	0.464353	59	2
0	1	9.82205	63	4
0	1	3.68232	68	6
0	1	1.81328	74	8
0	1	2.27877	80	10
0	1	1.57795	87	12
0	1	0.679287	94	14
0	1	0.478157	101	16
0	1	0.378609	109	18
0	1	0.270621	119	20
0	1	0.485695	126	22
0	1	0.230008	138	24
0	1	0.245212	148	26
0	1	0.21142	159	28
0	1	0.97904	172	30
0	1	0.394883	186	32
0	1	0.288886	200	34
0	1	0.129348	215	36
0	2	0.619728	220	2
0	2	0.326759	226	4
0	2	0.210419	231	6
0	2	0.189782	237	8
0	2	1.37144	243	10
0	2	0.767085	251	12
0	2	0.376439	266	14
0	2	0.228674	274	16
0	2	0.148995	282	18
0	2	0.116385	293	20
0	2	0.11319	303	22
0	2	0.746327	315	24
0	2	0.290433	327	26
0	2	0.13852	340	28
0	2	0.418702	351	30
0	2	0.128461	364	32
0	2	0.102508	379	34
0	2	0.0781779	395	36
0	3	0.106503	399	2
0	3	0.228986	406	4
0	3	0.142446	409	6
0	3	1.12508	417	8
0	3	0.339753	424	10
0	3	0.180217	430	12
0	3	0.185302	436	14
0	3	0.142732	444	16
0	3	1.7567	451	18
0	3	0.694966	460	20
0	3	0.314344	471	22
0	3	0.250137	481	24
0	3	0.18015	492	26
0	3	0.110438	505	28
0	3	0.134011	517	30
0	3	0.438319	531	32
0	3	0.850794	546	34
0	3	0.316741	562	36
0	3	0.192019	578	38
0	3	0.119999	597	40
0	3	0.0728748	616	42
0	3	0.0654345	634	44
0	3	0.0837718	656	46
0	3	0.093253	680	48
0	3	0.0686331	703	50
0	3	0.0834439	729	52
0	3	0.0809939	754	54
0	3	0.0619161	783	56
0	3	0.0710469	811	58
0	3	0.0565945	841	60
0	4	0.086126	847	2
0	4	0.493008	851	4
0	4	0.24043	857	6
0	4	0.161481	864	8
0	4	0.119683	871	10
0	4	0.250701	877	12
0	4	0.177183	886	14
0	4	0.106576	896	16
0	4	0.100543	904	18
0	4	0.0817937	913	20
0	4	0.102657	925	22
0	4	0.0517414	936	24
0	4	0.249201	948	26
0	4	0.148735	963	28
0	4	0.0725864	978	30
0	4	0.0656046	994	32
0	4	0.0424835	1010	34
0	4	0.0417042	1031	36
0	5	0.0684871	1037	2
0	5	0.275678	1044	4
0	5	0.196883	1051	6
0	5	0.108124	1058	8
0	5	0.089516	1063	10
0	5	0.0692438	1072	12
0	5	0.0634357	1082	14
0	5	0.527624	1091	16
0	5	0.154846	1099	18
0	5	0.112082	1109	20
0	5	0.0660784	1120	22
0	5	0.0526929	1134	24
0	5	0.0574044	1147	26
0	5	0.0403895	1163	28
0	5	0.0420742	1177	30
0	5	0.0443942	1194	32
0	5	0.0481039	1212	34
0	5	0.0483179	1234	36
0	5	0.0795794	1258	38
0	5	0.032982	1282	40
0	5	0.0628932	1306	42
0	5	0.0442004	1332	44
0	5	0.0333394	1359	46
0	5	0.0422504	1387	48
0	5	0.0241873	1419	50
0	6	0.0396842	1425	2
0	6	0.0490194	1431	4
0	6	0.0449816	1438	6
0	6	0.164108	1444	8
0	6	0.115487	1452	10
0	6	0.0653605	1461	12
0	6	0.0414592	1471	14
0	6	0.0888678	1483	16
0	6	0.0459527	1493	18
0	6	0.109144	1506	20
0	6	0.0560161	1518	22
0	6	0.0607676	1533	24
0	6	0.0457359	1548	26
0	6	0.0432123	1561	28
0	6	0.0410948	1578	30
0	6	0.065842	1594	32
0	6	0.0446436	1611	34
0	6	0.0240765	1631	36
0	6	0.0211604	1650	38
0	6	0.0271996	1671	40
0	6	0.0216528	1693	42
0	6	0.0250921	1717	44
0	6	0.0194611	1742	46
0	6	0.0257255	1768	48
0	6	0.0287435	1801	50
0	6	0.0331584	1830	52
0	6	0.0190552	1859	54
0	6	0.0318069	1893	56
0	6	0.0159939	1920	58
0	7	0.0249219	1926	2
0	7	0.609759	1932	4
0	7	0.296271	1939	6
0	7	0.233097	1946	8
0	7	0.125558	1953	10
0	7	0.106013	1961	12
0	7	0.0949574	1970	14
0	7	0.0498899	1978	16
0	7	0.0419177	1987	18
0	7	0.044092	1996	20
0	7	0.0316632	2006	22
0	7	0.0298127	2016	24
0	7	0.0348436	2027	26
0	7	0.0191104	2040	28
0	7	0.0386172	2053	30
0	7	0.0222516	2066	32
0	7	0.0207875	2082	34
0	7	0.0207852	2098	36
0	7	0.0237398	2116	38
0	7	0.0202135	2137	40
0	7	0.0286011	2158	42
0	7	0.0177547	2176	44
0	7	0.0258492	2197	46
0	7	0.0198156	2221	48
0	7	0.0166948	2244	50
0	7	0.0206088	2270	52
0	7	0.0158854	2296	54
0	7	0.0152926	2324	56
0	7	0.0234186	2353	58
0	7	0.0165173	2387	60
0	7	0.0121762	2420	62
0	7	0.0134164	2455	64
0	7	0.00975195	2494	66
0	8	0.0174631	2498	2
0	8	0.0153834	2505	4
0	8	0.0383331	2511	6
0	8	0.0230325	2518	8
0	8	0.0228161	2525	10
0	8	0.0149639	2532	12
0	8	0.0361239	2540	14
0	8	0.0265413	2547	16
0	8	0.0220281	2556	18
0	8	0.0220179	2566	20
0	8	0.0180331	2576	22
0	8	0.0332455	2589	24
0	8	0.0187715	2601	26
0	8	0.0139585	2614	28
0	8	0.0259419	2632	30
0	8	0.023743	2651	32
0	8	0.0229496	2666	34
0	8	0.0191699	2682	36
0	8	0.0126633	2699	38
0	8	0.0123876	2717	40
0	8	0.0122522	2736	42
0	8	0.0132118	2759	44
0	8	0.0187696	2782	46
0	8	0.0136707	2804	48
0	8	0.00984564	2829	50
0	8	0.0182127	2853	52
0	8	0.00971091	2880	54
0	8	0.020756	2909	56
0	8	0.01191	2940	58
0	8	0.00963627	2972	60
0	8	0.00914732	3004	62
0	8	0.00895203	3039	64
0	8	0.00956822	3076	66
0	8	0.00848858	3123	68
0	8	0.00822283	3168	70
0	8	0.00711654	3212	72
0	9	0.018926	3219	2
0	9	0.012086	3224	4
0	9	0.369237	3230	6
0	9	0.186376	3236	8
0	9	0.0559014	3243	10
0	9	0.0176962	3250	12
0	9	0.0223966	3258	14
0	9	0.032102	3265	16
0	9	0.0363859	3275	18
0	9	0.0435847	3284	20
0	9	0.0175134	3295	22
0	9	0.0103042	3306	24
0	9	0.0133322	3318	26
0	9	0.0106374	3333	28
0	9	0.00818883	3348	30
0	9	0.0152414	3362	32
0	9	0.00991308	3380	34
0	9	0.0100417	3397	36
0	9	0.00964888	3414	38
0	9	0.00964306	3431	40
0	9	0.00912168	3453	42
0	9	0.00740069	3471	44
0	9	0.00736689	3493	46
0	9	0.0105303	3515	48
0	9	0.00725381	3541	50
0	9	0.00714103	3564	52
0	9	0.0187415	3592	54
0	9	0.0118384	3622	56
0	9	0.00744795	3653	58
0	9	0.00724029	3690	60
0	9	0.00702772	3725	62
0	9	0.00751572	3759	64
0	9	0.00690964	3793	66
0	9	0.00766267	3835	68
0	9	0.00588512	3875	70
0	9	0.00580123	3925	72
0	9	0.00565222	3970	74
0	9	0.00593561	4018	76
0	9	0.00628507	4069	78
0	9	0.00389438	4126	80
0	10	0.0239257	4131	2
0	10	0.0093516	4137	4
0	10	0.00769294	4142	6
0	10	0.0279352	4148	8
0	10	0.134378	4154	10
0	10	0.0573225	4162	12
0	10	0.0230183	4172	14
0	10	0.0184866	4182	16
0	10	0.0123088	4193	18
0	10	0.00588639	4202	20
0	10	0.00583873	4212	22
0	10	0.00986963	4223	24
0	10	0.00757906	4232	26
0	10	0.00562913	4244	28
0	10	0.00639162	4257	30
0	10	0.00522074	4271	32
0	10	0.00443273	4285	34
0	10	0.0185046	4301	36
0	10	0.00811841	4318	38
0	10	0.0046	4334	40
0	10	0.00417331	4355	42
0	10	0.00398503	4374	44
0	10	0.00392167	4397	46
0	10	0.00329073	4417	48
0	10	0.00705953	4441	50
0	10	0.00450114	4465	52
0	10	0.00317772	4491	54
0	10	0.00339272	4517	56
0	10	0.00298974	4543	58
0	10	0.00271642	4572	60
0	11	0.00485555	4577	2
0	11	0.0096446	4582	4
0	11	0.0153182	4587	6
0	11	0.00622512	4595	8
0	11	0.00689061	4603	10
0	11	0.0206085	4611	12
0	11	0.00792583	4619	14
0	11	0.0102258	4627	16
0	11	0.00554499	4637	18
0	11	0.00937992	4647	20
0	11	0.00548987	4656	22
0	11	0.00805691	4667	24
0	11	0.00501479	4680	26
0	11	0.00394715	4695	28
0	11	0.00494558	4712	30
0	11	0.00387978	4725	32
0	11	0.00464774	4739	34
0	11	0.00333029	4755	36
0	11	0.00324364	4772	38
0	11	0.00408231	4791	40
0	11	0.00353161	4810	42
0	11	0.00692924	4830	44
0	11	0.00444921	4849	46
0	11	0.00344695	4871	48
0	11	0.00374379	4895	50
0	11	0.00278229	4921	52
0	11	0.00287575	4948	54
0	11	0.00279926	4975	56
0	11	0.00260046	5002	58
0	11	0.00367167	5034	60
0	11	0.00302384	5064	62
0	11	0.00379894	5096	64
0	11	0.00228117	5131	66
0	11	0.00288892	5170	68
0	11	0.00221299	5211	70
0	11	0.00247251	5257	72
0	11	0.00345756	5299	74
0	11	0.00263962	5343	76
0	11	0.00310923	5391	78
0	11	0.00220772	5439	80
0	11	0.00221076	5490	82
0	11	0.00434495	5544	84
0	11	0.00312805	5602	86
0	11	0.00308267	5666	88
0	11	0.002601	5748	90
0	11	0.00192677	5821	92
0	12	0.00618831	5826	2
0	12	0.0704121	5831	4
0	12	0.0316809	5838	6
0	12	0.0117344	5844	8
0	12	0.0091069	5849	10
0	12	0.00695084	5857	12
0	12	0.00488008	5862	14
0	12	0.00442622	5873	16
0	12	0.0047237	5880	18
0	12	0.00296647	5890	20
0	12	0.00253001	5900	22
0	12	0.00250079	5911	24
0	12	0.00304251	5923	26
0	12	0.00729433	5936	28
0	12	0.00548074	5949	30
0	12	0.00393355	5963	32
0	12	0.00271389	5977	34
0	12	0.00266222	5991	36
0	12	0.00321545	6008	38
0	12	0.00231175	6026	40
0	12	0.00207806	6043	42
0	12	0.00254273	6063	44
0	12	0.00283839	6082	46
0	12	0.00223911	6104	48
0	12	0.00204218	6126	50
0	12	0.00189277	6156	52
0	12	0.00207044	6181	54
0	12	0.00182255	6217	56
0	12	0.00191463	6248	58
0	12	0.00169748	6281	60
0	12	0.00209095	6312	62
0	12	0.00215192	6347	64
0	12	0.00158063	6383	66
0	12	0.00143176	6422	68
0	13	0.00256816	6427	2
0	13	0.00276375	6431	4
0	13	0.0448175	6439	6
0	13	0.0198867	6445	8
0	13	0.0198714	6452	10
0	13	0.0086661	6457	12
0	13	0.00430055	6465	14
0	13	0.00439971	6474	16
0	13	0.00323738	6482	18
0	13	0.00257163	6492	20
0	13	0.00326018	6502	22
0	13	0.00284192	6511	24
0	13	0.00251963	6522	26
0	13	0.003411	6533	28
0	13	0.00212326	6546	30
0	13	0.00673826	6560	32
0	13	0.0024913	6574	34
0	13	0.00213303	6590	36
0	13	0.00199023	6607	38
0	13	0.00193836	6625	40
0	13	0.00197536	6641	42
0	13	0.00230797	6666	44
0	13	0.00201473	6686	46
0	13	0.00181168	6716	48
0	13	0.0020372	6745	50
0	13	0.00153562	6772	52
0	13	0.00151611	6798	54
0	13	0.00234188	6823	56
0	13	0.00172264	6850	58
0	13	0.00150844	6879	60
0	13	0.00200651	6914	62
0	13	0.00144703	6948	64
0	13	0.00195302	6982	66
0	13	0.00222362	7020	68
0	13	0.00178474	7059	70
0	13	0.00143128	7099	72
0	13	0.00148078	7142	74
0	13	0.00122878	7189	76
0	13	0.00118033	7245	78
0	13	0.00112828	7294	80
0	13	0.00110298	7346	82
0	13	0.00106123	7401	84
0	14	0.00225332	7407	2
0	14	0.00328347	7412	4
0	14	0.00176717	7417	6
0	14	0.00693505	7422	8
0	14	0.00257669	7429	10
0	14	0.00186559	7436	12
0	14	0.00244483	7444	14
0	14	0.00278593	7452	16
0	14	0.00207095	7461	18
0	14	0.00345282	7470	20
0	14	0.00216316	7480	22
0	14	0.00182471	7491	24
0	14	0.00182513	7502	26
0	14	0.00393729	7514	28
0	14	0.00420255	7529	30
0	14	0.00221058	7543	32
0	14	0.00189918	7559	34
0	14	0.00194591	7572	36
0	14	0.00328414	7589	38
0	14	0.00177158	7604	40
0	14	0.00189149	7620	42
0	14	0.00158807	7638	44
0	14	0.00147325	7657	46
0	14	0.00288285	7681	48
0	14	0.00139116	7707	50
0	14	0.00108317	7738	52
0	14	0.00365014	7765	54
0	14	0.00159557	7793	56
0	14	0.00126642	7824	58
0	14	0.00107717	7855	60
0	14	0.00101708	7889	62
0	14	0.000989713	7923	64
0	14	0.0019334	7960	66
0	14	0.00110505	7998	68
0	14	0.000975081	8041	70
0	14	0.000937618	8079	72
0	14	0.00120894	8122	74
0	14	0.00112418	8165	76
0	14	0.00101862	8214	78
0	14	0.00133864	8270	80
0	14	0.000933499	8323	82
0	14	0.00146468	8379	84
0	14	0.00106082	8441	86
0	14	0.00098752	8501	88
0	14	0.000861122	8560	90
0	14	0.00157489	8629	92
0	14	0.00131548	8702	94
0	14	0.00123813	8785	96
0	14	0.000992656	8863	98
0	14	0.000821634	8946	100
0	14	0.000762833	9030	102
0	15	0.00266937	9036	2
0	15	0.0255383	9041	4
0	15	0.0147119	9047	6
0	15	0.00537096	9054	8
0	15	0.00355452	9061	10
0	15	0.00274067	9067	12
0	15	0.00146046	9075	14
0	15	0.00254049	9082	16
0	15	0.00130547	9089	18
0	15	0.0012996	9098	20
0	15	0.00156568	9110	22
0	15	0.00176959	9121	24
0	15	0.00136701	9132	26
0	15	0.00105901	9145	28
0	15	0.00177777	9157	30
0	15	0.00149027	9170	32
0	15	0.00129971	9185	34
0	15	0.00286298	9200	36
0	15	0.00107508	9218	38
0	15	0.000928005	9235	40
0	15	0.0017198	9253	42
0	15	0.00130237	9275	44
0	15	0.00113315	9303	46
0	15	0.00101019	9325	48
0	15	0.0013489	9347	50
0	15	0.000996273	9372	52
0	15	0.00120094	9400	54
0	15	0.00149624	9433	56
0	15	0.000932157	9472	58
0	15	0.000916635	9504	60
0	15	0.00084339	9538	62
0	15	0.000825838	9572	64
0	15	0.00102222	9610	66
0	15	0.00155052	9648	68
0	15	0.000855894	9693	70
0	15	0.000962303	9738	72
0	15	0.000880902	9792	74
0	15	0.00072372	9846	76
0	15	0.000642603	9896	78
0	15	0.00132488	9949	80
0	15	0.000629572	10006	82
0	15	0.000609817	10067	84
0	15	0.000669485	10130	86
0	15	0.000601205	10196	88
0	15	0.000839723	10277	90
0	15	0.000573256	10358	92
0	15	0.000565147	10452	94
0	16	0.00121821	10460	2
0	16	0.0126729	10465	4
0	16	0.00855481	10471	6
0	16	0.00223442	10478	8
0	16	0.00139049	10483	10
0	16	0.00178122	10491	12
0	16	0.00163145	10499	14
0	16	0.00131516	10508	16
0	16	0.00140381	10528	18
0	16	0.00303594	10545	20
0	16	0.00110858	10555	22
0	16	0.000962554	10567	24
0	16	0.000930559	10579	26
0	16	0.00129084	10594	28
0	16	0.00124544	10606	30
0	16	0.000779869	10621	32
0	16	0.00300268	10635	34
0	16	0.00129617	10651	36
0	16	0.00088454	10666	38
0	16	0.00127718	10682	40
0	16	0.00113234	10702	42
0	16	0.000962016	10722	44
0	16	0.000746626	10744	46
0	16	0.000801604	10766	48
0	16	0.000648502	10794	50
0	16	0.000663111	10821	52
0	16	0.00102446	10848	54
0	16	0.00071135	10880	56
0	16	0.000696226	10912	58
0	16	0.000634226	10948	60
0	16	0.000712543	10983	62
0	16	0.000603964	11019	64
0	16	0.000565178	11056	66
0	16	0.000759381	11093	68
0	16	0.000606919	11132	70
0	16	0.000522374	11176	72
0	16	0.000723789	11219	74
0	16	0.000527005	11268	76
0	16	0.000560561	11326	78
0	16	0.000496461	11380	80
0	16	0.000692834	11440	82
0	16	0.000860243	11496	84
0	16	0.000487387	11555	86
0	16	0.000556686	11616	88
0	16	0.000647826	11684	90
0	16	0.000444375	11769	92
0	16	0.000593969	11852	94
0	16	0.000547551	11941	96
0	16	0.000487504	12038	98
0	16	0.000435438	12129	100
0	16	0.000543401	12211	102
0	16	0.000398486	12308	104
0	17	0.000731154	12314	2
0	17	0.00135445	12320	4
0	17	0.00106047	12326	6
0	17	0.00368807	12332	8
0	17	0.00148304	12338	10
0	17	0.00100667	12344	12
0	17	0.000839313	12352	14
0	17	0.00106661	12360	16
0	17	0.00122535	12369	18
0	17	0.000757179	12379	20
0	17	0.000724223	12389	22
0	17	0.000723018	12401	24
0	17	0.000972686	12414	26
0	17	0.000913553	12427	28
0	17	0.000637263	12440	30
0	17	0.00165005	12453	32
0	17	0.000756904	12466	34
0	17	0.000838638	12480	36
0	17	0.000830198	12495	38
0	17	0.000619012	12514	40
0	17	0.000672901	12532	42
0	17	0.000653579	12551	44
0	17	0.000680481	12572	46
0	17	0.000704154	12594	48
0	17	0.000681335	12618	50
0	17	0.000537945	12643	52
0	17	0.000508213	12672	54
0	17	0.000573654	12702	56
0	17	0.000558771	12734	58
0	17	0.000487492	12773	60
0	17	0.000504622	12826	62
0	17	0.000906027	12860	64
0	17	0.000536721	12901	66
0	17	0.000548786	12955	68
0	17	0.000463557	13009	70
0	17	0.000463051	13066	72
0	17	0.000617392	13131	74
0	17	0.00040333	13189	76
0	17	0.000546717	13245	78
0	17	0.000535374	13308	80
0	17	0.00051637	13370	82
0	17	0.000498436	13437	84
0	17	0.000360082	13510	86
0	17	0.000342095	13595	88
0	17	0.000334011	13664	90
0	17	0.000398645	13736	92
0	17	0.000379229	13813	94
0	17	0.000322776	13895	96
0	17	0.000409324	13979	98
0	17	0.000453375	14068	100
0	17	0.000291008	14156	102
0	18	0.00331029	14162	2
0	18	0.00173407	14167	4
0	18	0.00109351	14172	6
0	18	0.000627922	14178	8
0	18	0.00152115	14185	10
0	18	0.000628303	14192	12
0	18	0.000616167	14199	14
0	18	0.000479939	14207	16
0	18	0.000674376	14216	18
0	18	0.000618595	14224	20
0	18	0.000531909	14234	22
0	18	0.000476047	14244	24
0	18	0.000547783	14254	26
0	18	0.00132925	14266	28
0	18	0.000742398	14281	30
0	18	0.000602819	14299	32
0	18	0.000432981	14316	34
0	18	0.00080282	14333	36
0	18	0.000564742	14350	38
0	18	0.00101784	14369	40
0	18	0.000493555	14391	42
0	18	0.00104231	14412	44
0	18	0.000909093	14433	46
0	18	0.000632987	14456	48
0	18	0.000429759	14481	50
0	18	0.000414711	14507	52
0	18	0.000515737	14537	54
0	18	0.000411989	14565	56
0	18	0.000657261	14598	58
0	18	0.000391236	14631	60
0	18	0.000346607	14667	62
0	18	0.000332852	14702	64
0	18	0.000333473	14737	66
0	18	0.000340274	14779	68
0	18	0.00030078	14825	70
0	18	0.000581764	14870	72
0	18	0.000404921	14915	74
0	18	0.000421412	14965	76
0	18	0.000316479	15015	78
0	18	0.000306506	15068	80
0	18	0.000289617	15125	82
0	18	0.00033144	15184	84
0	18	0.000265518	15240	86
0	18	0.000264876	15310	88
0	18	0.000239297	15380	90
0	18	0.000285218	15446	92
0	18	0.000340068	15516	94
0	18	0.000260331	15588	96
0	18	0.000237233	15664	98
0	18	0.000312225	15752	100
0	18	0.000232745	15845	102
0	18	0.000278675	15933	104
0	18	0.000391816	16027	106
0	18	0.000256212	16122	108
0	18	0.000228897	16222	110
0	18	0.000255642	16328	112
0	18	0.000359884	16449	114
0	18	0.000229299	16562	116
0	18	0.000967401	16683	118
0	18	0.000595865	16809	120
0	18	0.0002686	16942	122
0	18	0.000235433	17071	124
0	18	0.000199256	17221	126
0	19	0.00040156	17227	2
0	19	0.000685057	17232	4
0	19	0.000679801	17237	6
0	19	0.000354398	17244	8
0	19	0.000887709	17254	10
0	19	0.00340286	17264	12
0	19	0.00121695	17274	14
0	19	0.000554803	17285	16
0	19	0.000678074	17296	18
0	19	0.000453644	17309	20
0	19	0.000778491	17324	22
0	19	0.000377839	17340	24
0	19	0.000374141	17352	26
0	19	0.000696828	17366	28
0	19	0.000417768	17383	30
0	19	0.000307902	17404	32
0	19	0.000591979	17425	34
0	19	0.00028796	17443	36
0	19	0.000595165	17464	38
0	19	0.000397928	17482	40
0	19	0.000351198	17504	42
0	19	0.000350615	17526	44
0	19	0.000310447	17551	46
0	19	0.000285805	17574	48
0	19	0.000268539	17599	50
0	19	0.00025267	17626	52
0	19	0.000388019	17654	54
0	19	0.000270315	17684	56
0	19	0.000370251	17713	58
0	19	0.000326827	17744	60
0	19	0.00027277	17778	62
0	19	0.00023374	17818	64
0	19	0.000297655	17853	66
0	19	0.000221678	17898	68
0	19	0.000262585	17938	70
0	19	0.000238602	17984	72
0	19	0.00073041	18030	74
0	19	0.000798129	18079	76
0	19	0.000404045	18131	78
0	19	0.000318696	18188	80
0	19	0.000381779	18251	82
0	19	0.000240652	18320	84
0	19	0.000218212	18392	86
0	19	0.000207108	18487	88
0	19	0.000442422	18565	90
0	19	0.00022093	18636	92
0	19	0.000261134	18713	94
0	19	0.000236674	18799	96
0	19	0.000267658	18894	98
0	19	0.000204053	18978	100
0	19	0.0002949	19062	102
0	19	0.00019516	19152	104
0	19	0.000214853	19253	106
0	19	0.000208164	19356	108
0	19	0.000195957	19465	110
0	19	0.000173981	19577	112
0	19	0.000266765	19691	114
0	19	0.000178867	19806	116
0	19	0.00029635	19932	118
0	19	0.000171241	20049	120
0	19	0.000167446	20165	122
0	19	0.000167311	20284	124
0	19	0.000311737	20427	126
0	19	0.000165278	20566	128
0	19	0.000162344	20707	130
0	19	0.000227369	20859	132
0	19	0.000159661	21025	134
0	19	0.000159177	21179	136
0	19	0.000294753	21334	138
0	19	0.000177744	21509	140
0	19	0.000161127	21677	142
0	19	0.000129586	21853	144
0	20	0.00047587	21859	2
0	20	0.000351567	21865	4
0	20	0.000338684	21870	6
0	20	0.000312933	21876	8
0	20	0.000306975	21884	10
0	20	0.000349561	21890	12
0	20	0.000274925	21898	14
0	20	0.000271124	21905	16
0	20	0.000305911	21914	18
0	20	0.000351811	21926	20
0	20	0.000297342	21939	22
0	20	0.000204762	21951	24
0	20	0.000214545	21963	26
0	20	0.000382646	21974	28
0	20	0.000217772	21986	30
0	20	0.000214232	22001	32
0	20	0.000192749	22013	34
0	20	0.000215513	22030	36
0	20	0.000265769	22046	38
0	20	0.000339722	22062	40
0	20	0.000297127	22078	42
0	20	0.000198051	22098	44
0	20	0.000224762	22117	46
0	20	0.000584074	22138	48
0	20	0.000530302	22163	50
0	20	0.00031626	22187	52
0	20	0.000224877	22212	54
0	20	0.000345041	22240	56
0	20	0.000233718	22269	58
0	20	0.000185854	22298	60
0	20	0.000172955	22330	62
0	20	0.000166095	22365	64
0	20	0.000324274	22403	66
0	20	0.000244393	22441	68
0	20	0.000205084	22492	70
0	20	0.000164673	22537	72
0	20	0.000156822	22582	74
0	20	0.000155069	22627	76
0	20	0.000150968	22678	78
0	20	0.000148545	22732	80
0	20	0.000182228	22790	82
0	20	0.000185946	22851	84
0	20	0.000140889	22918	86
0	20	0.000139123	22988	88
0	20	0.000189999	23051	90
0	20	0.000209432	23114	92
0	20	0.000211328	23182	94
0	20	0.000126945	23257	96
0	20	0.000125334	23329	98
0	20	0.000183925	23402	100
0	20	0.000275391	23489	102
0	20	0.000210117	23575	104
0	20	0.000128992	23661	106
0	20	0.00012596	23751	108
0	20	0.000125168	23844	110
0	20	0.000145064	23946	112
0	20	0.000144225	24058	114
0	20	0.000116068	24163	116
0	20	0.000112393	24271	118
0	20	0.000129168	24384	120
0	20	0.000134131	24505	122
0	20	0.000135667	24642	124
0	20	0.000106072	24773	126
0	20	0.000100296	24904	128
0	20	0.000455902	25058	130
0	20	0.000178884	25206	132
0	20	0.000117114	25356	134
0	20	0.00053779	25511	136
0	20	0.000198743	25677	138
0	20	9.28905e-005	25847	140
0	21	0.000171838	25853	2
0	21	0.000521097	25858	4
0	21	0.000453978	25864	6
0	21	0.00034784	25870	8
0	21	0.000206742	25877	10
0	21	0.000217903	25884	12
0	21	0.000215365	25891	14
0	21	0.000174038	25898	16
0	21	0.00019262	25907	18
0	21	0.000699983	25917	20
0	21	0.000343852	25928	22
0	21	0.000238434	25938	24
0	21	0.000179175	25951	26
0	21	0.000274813	25963	28
0	21	0.000199312	25978	30
0	21	0.000175273	25991	32
0	21	0.000236401	26011	34
0	21	0.000209905	26032	36
0	21	0.000176997	26048	38
0	21	0.000260474	26065	40
0	21	0.000156349	26082	42
0	21	0.00017253	26103	44
0	21	0.000145146	26124	46
0	21	0.000142542	26146	48
0	21	0.00018124	26169	50
0	21	0.000191428	26198	52
0	21	0.000166985	26227	54
0	21	0.000318801	26254	56
0	21	0.000167049	26283	58
0	21	0.000167002	26312	60
0	21	0.000172915	26343	62
0	21	0.00013492	26375	64
0	21	0.000131741	26415	66
0	21	0.000209527	26450	68
0	21	0.00012631	26493	70
0	21	0.000124946	26539	72
0	21	0.000124468	26586	74
0	21	0.000190382	26633	76
0	21	0.000183013	26681	78
0	21	0.000141993	26734	80
0	21	0.000160917	26784	82
0	21	0.000149218	26836	84
0	21	0.000103256	26892	86
0	21	9.77418e-005	26951	88
0	21	0.000197006	27017	90
0	21	0.000121952	27093	92
0	21	0.000119664	27160	94
0	21	0.000145193	27231	96
0	21	0.000114314	27301	98
0	21	9.64646e-005	27383	100
0	21	9.79513e-005	27468	102
0	21	9.4424e-005	27563	104
0	21	8.56733e-005	27655	106
0	21	0.000174635	27748	108
0	21	0.000117939	27848	110
0	21	9.29325e-005	27949	112
0	21	8.87767e-005	28062	114
0	21	8.3355e-005	28168	116
0	21	0.00011275	28279	118
0	21	8.0878e-005	28396	120
0	21	7.52694e-005	28518	122
0	21	7.45e-005	28656	124
0	21	0.000103487	28787	126
0	21	8.06199e-005	28923	128
0	21	8.02196e-005	29061	130
0	21	7.12048e-005	29211	132
0	21	9.85152e-005	29362	134
0	21	7.42718e-005	29516	136
0	21	8.14512e-005	29688	138
0	21	7.78092e-005	29849	140
0	21	7.99908e-005	30025	142
0	21	6.85103e-005	30211	144
0	22	0.000187531	30217	2
0	22	0.000399474	30222	4
0	22	0.000532032	30229	6
0	22	0.00022491	30235	8
0	22	0.000192048	30242	10
0	22	0.000227823	30249	12
0	22	0.000210722	30256	14
0	22	0.000302494	30264	16
0	22	0.000209506	30277	18
0	22	0.00011759	30287	20
0	22	0.000165743	30298	22
0	22	0.00065907	30310	24
0	22	0.000288201	30320	26
0	22	0.00024029	30334	28
0	22	0.000241353	30348	30
0	22	0.000113208	30363	32
0	22	0.000329542	30378	34
0	22	0.000166628	30393	36
0	22	0.000151534	30409	38
0	22	0.000179353	30425	40
0	22	0.000103498	30444	42
0	22	0.000114974	30464	44
0	22	0.000213588	30483	46
0	22	9.24426e-005	30504	48
0	22	0.000169612	30528	50
0	22	9.36962e-005	30552	52
0	22	0.000246522	30576	54
0	22	0.000126016	30604	56
0	22	9.37521e-005	30633	58
0	22	0.000157637	30669	60
0	22	0.000110375	30700	62
0	22	0.000105717	30733	64
0	22	9.68634e-005	30769	66
0	22	0.000105872	30806	68
0	22	9.87246e-005	30849	70
0	22	9.25695e-005	30891	72
0	22	0.000100781	30935	74
0	22	0.000130263	30978	76
0	22	9.2595e-005	31024	78
0	22	0.000100731	31072	80
0	22	8.68758e-005	31125	82
0	22	9.09579e-005	31188	84
0	22	7.6239e-005	31248	86
0	22	9.77548e-005	31312	88
0	22	7.57123e-005	31375	90
0	22	9.23117e-005	31444	92
0	22	7.50432e-005	31515	94
0	22	0.00011599	31588	96
0	22	8.81108e-005	31672	98
0	22	7.79627e-005	31754	100
0	22	7.78191e-005	31839	102
0	22	7.11113e-005	31927	104
0	22	0.000139082	32018	106
0	22	0.000106367	32109	108
0	22	0.000105593	32213	110
0	22	7.18756e-005	32313	112
0	22	7.09427e-005	32416	114
0	22	6.77664e-005	32529	116
0	22	7.40435e-005	32645	118
0	22	6.56758e-005	32780	120
0	22	0.000112021	32893	122
0	22	6.26576e-005	33015	124
0	22	7.51844e-005	33148	126
0	22	6.51664e-005	33294	128
0	22	6.87907e-005	33437	130
0	22	5.45638e-005	33581	132
0	22	5.61343e-005	33740	134
0	22	5.79199e-005	33892	136
0	22	5.38662e-005	34052	138
0	22	5.09655e-005	34229	140
0	23	0.000131209	34235	2
0	23	0.00193187	34241	4
0	23	0.000964062	34246	6
0	23	0.000360415	34252	8
0	23	0.000168305	34259	10
0	23	0.000387143	34265	12
0	23	0.000294092	34274	14
0	23	0.000132737	34282	16
0	23	0.000129292	34291	18
0	23	0.000120447	34300	20
0	23	9.95746e-005	34310	22
0	23	0.000105613	34320	24
0	23	0.000100983	34331	26
0	23	0.000170484	34344	28
0	23	0.000109836	34356	30
0	23	0.000113202	34370	32
0	23	0.000118209	34383	34
0	23	0.000219044	34398	36
0	23	0.000160831	34413	38
0	23	0.00013704	34429	40
0	23	9.11116e-005	34446	42
0	23	7.8207e-005	34464	44
0	23	0.000104277	34485	46
0	23	0.000117358	34507	48
0	23	0.00013869	34531	50
0	23	9.79055e-005	34554	52
0	23	9.07901e-005	34582	54
0	23	0.000102563	34610	56
0	23	9.96282e-005	34637	58
0	23	7.83275e-005	34669	60
0	23	0.000100706	34714	62
0	23	7.66309e-005	34760	64
0	23	7.65234e-005	34800	66
0	23	0.000103457	34838	68
0	23	6.64685e-005	34881	70
0	23	6.52457e-005	34926	72
0	23	9.17744e-005	34970	74
0	23	9.22706e-005	35015	76
0	23	8.35069e-005	35061	78
0	23	6.3403e-005	35114	80
0	23	6.47108e-005	35170	82
0	23	8.01103e-005	35235	84
0	23	7.03386e-005	35295	86
0	23	5.46577e-005	35357	88
0	23	7.51188e-005	35425	90
0	23	5.61297e-005	35493	92
0	23	7.63879e-005	35559	94
0	23	5.38401e-005	35634	96
0	23	5.79057e-005	35714	98
0	23	6.96917e-005	35803	100
0	23	5.53643e-005	35881	102
0	23	6.32159e-005	35965	104
0	23	5.20394e-005	36054	106
0	23	0.000114083	36144	108
0	23	6.6666e-005	36248	110
0	23	4.94121e-005	36344	112
0	23	7.08382e-005	36448	114
0	23	5.22147e-005	36557	116
0	23	6.27735e-005	36669	118
0	23	4.88511e-005	36799	120
0	23	4.71405e-005	36919	122
0	23	4.52739e-005	37049	124
0	23	4.55383e-005	37173	126
0	23	4.76619e-005	37317	128
0	23	7.78313e-005	37454	130
0	23	4.49508e-005	37595	132
0	23	4.55938e-005	37748	134
0	23	4.46043e-005	37924	136
0	23	4.60033e-005	38102	138
0	23	4.08945e-005	38292	140
0	23	4.03989e-005	38463	142
0	23	4.01779e-005	38640	144
0	23	4.7975e-005	38831	146
0	23	3.90234e-005	39026	148
0	23	6.50021e-005	39227	150
0	23	4.48749e-005	39440	152
0	23	5.94287e-005	39643	154
0	23	4.42596e-005	39863	156
0	23	3.82399e-005	40090	158
0	23	5.34892e-005	40331	160
0	23	4.26526e-005	40563	162
0	23	4.06273e-005	40818	164
0	23	3.84407e-005	41071	166
0	23	3.48329e-005	41339	168
0	24	6.86252e-005	41345	2
0	24	0.000477019	41350	4
0	24	0.00025446	41355	6
0	24	0.000215154	41361	8
0	24	0.000184127	41367	10
0	24	0.000107378	41375	12
0	24	0.000104086	41382	14
0	24	8.82795e-005	41390	16
0	24	8.60636e-005	41400	18
0	24	8.27553e-005	41409	20
0	24	6.2221e-005	41419	22
0	24	8.03488e-005	41429	24
0	24	7.11736e-005	41440	26
0	24	8.09371e-005	41452	28
0	24	6.23204e-005	41465	30
0	24	5.44688e-005	41479	32
0	24	7.96138e-005	41494	34
0	24	7.99976e-005	41510	36
0	24	5.51093e-005	41527	38
0	24	9.66908e-005	41546	40
0	24	5.77663e-005	41565	42
0	24	5.16318e-005	41584	44
0	24	6.36951e-005	41603	46
0	24	6.95655e-005	41624	48
0	24	9.72814e-005	41646	50
0	24	6.21193e-005	41669	52
0	24	0.000124618	41693	54
0	24	8.36449e-005	41720	56
0	24	6.32828e-005	41746	58
0	24	5.56227e-005	41777	60
0	24	9.63285e-005	41816	62
0	24	5.2099e-005	41851	64
0	24	7.18386e-005	41888	66
0	24	5.53119e-005	41924	68
0	24	4.68912e-005	41964	70
0	24	4.96256e-005	42005	72
0	24	6.25182e-005	42049	74
0	24	4.52284e-005	42093	76
0	24	6.36952e-005	42143	78
0	24	4.30877e-005	42192	80
0	24	6.6126e-005	42246	82
0	24	4.00954e-005	42313	84
0	24	6.31352e-005	42373	86
0	24	3.99609e-005	42429	88
0	24	4.12023e-005	42492	90
0	24	3.91276e-005	42560	92
0	24	7.84014e-005	42629	94
0	24	4.58918e-005	42707	96
0	24	3.71476e-005	42785	98
0	24	5.6023e-005	42877	100
0	24	4.09366e-005	42964	102
0	24	6.81696e-005	43056	104
0	24	4.28866e-005	43151	106
0	24	6.44789e-005	43243	108
0	24	4.00923e-005	43337	110
0	24	3.65758e-005	43450	112
0	24	7.90491e-005	43550	114
0	24	4.70749e-005	43656	116
0	24	5.54703e-005	43767	118
0	24	8.38185e-005	43893	120
0	24	4.6838e-005	44014	122
0	24	3.5109e-005	44139	124
0	24	3.24624e-005	44263	126
0	24	3.25752e-005	44411	128
0	24	3.18481e-005	44556	130
0	24	3.0495e-005	44701	132
0	24	3.41712e-005	44857	134
0	24	3.81054e-005	45020	136
0	24	2.95826e-005	45180	138
0	24	4.03676e-005	45352	140
0	24	2.92546e-005	45536	142
0	24	2.90997e-005	45715	144
0	24	2.84447e-005	45913	146
0	24	4.28686e-005	46100	148
0	24	5.29763e-005	46288	150
0	24	3.15182e-005	46503	152
0	24	2.76222e-005	46711	154
0	24	3.72149e-005	46944	156
0	24	2.70569e-005	47177	158
0	24	2.7726e-005	47423	160
0	24	2.79438e-005	47664	162
0	24	4.21139e-005	47913	164
0	24	3.3247e-005	48171	166
0	24	3.51577e-005	48432	168
0	24	2.76042e-005	48708	170
0	24	3.3232e-005	48992	172
0	24	2.66391e-005	49267	174
0	24	2.67163e-005	49559	176
0	24	2.51303e-005	49846	178
0	25	4.73309e-005	49852	2
0	25	0.000185441	49857	4
0	25	0.000137904	49863	6
0	25	7.02667e-005	49870	8
0	25	0.000114331	49877	10
0	25	0.000132311	49883	12
0	25	7.32725e-005	49891	14
0	25	6.64713e-005	49898	16
0	25	9.93371e-005	49908	18
0	25	4.49939e-005	49918	20
0	25	5.63594e-005	49927	22
0	25	5.03208e-005	49939	24
0	25	4.2827e-005	49952	26
0	25	4.61576e-005	49964	28
0	25	5.49197e-005	49979	30
0	25	7.52824e-005	49995	32
0	25	3.84769e-005	50013	34
0	25	3.74281e-005	50028	36
0	25	6.20582e-005	50044	38
0	25	0.000117054	50062	40
0	25	4.73851e-005	50079	42
0	25	5.33697e-005	50098	44
0	25	5.68576e-005	50119	46
0	25	3.94376e-005	50140	48
0	25	4.43636e-005	50163	50
0	25	3.56594e-005	50187	52
0	25	8.85364e-005	50215	54
0	25	0.000140848	50246	56
0	25	4.84157e-005	50280	58
0	25	5.20341e-005	50316	60
0	25	7.178e-005	50352	62
0	25	3.52735e-005	50394	64
0	25	3.68299e-005	50436	66
0	25	3.42616e-005	50482	68
0	25	4.41648e-005	50525	70
0	25	3.80121e-005	50566	72
0	25	5.1457e-005	50610	74
0	25	4.67782e-005	50654	76
0	25	3.37158e-005	50712	78
0	25	3.14203e-005	50773	80
0	25	3.59185e-005	50832	82
0	25	3.225e-005	50893	84
0	25	3.11794e-005	50963	86
0	25	4.24329e-005	51038	88
0	25	3.48729e-005	51110	90
0	25	3.476e-005	51183	92
0	25	3.56647e-005	51255	94
0	25	3.50089e-005	51339	96
0	25	0.000145335	51428	98
0	25	5.12933e-005	51524	100
0	25	7.90415e-005	51614	102
0	25	3.15892e-005	51702	104
0	25	3.23153e-005	51794	106
0	25	3.41478e-005	51886	108
0	25	3.43536e-005	51980	110
0	25	2.63377e-005	52098	112
0	25	2.61113e-005	52202	114
0	25	4.14656e-005	52313	116
0	25	3.36198e-005	52426	118
0	25	3.64874e-005	52555	120
0	25	2.65353e-005	52673	122
0	25	2.6454e-005	52796	124
0	25	2.48216e-005	52919	126
0	25	3.95252e-005	53064	128
0	25	3.83735e-005	53194	130
0	25	4.0173e-005	53330	132
