step	level	max error	time	nr. of control nodes
0	0	0.416163	13	2
0	0	0.45595	29	4
0	0	0.247531	46	6
0	0	0.090812	65	8
0	0	0.0806835	81	10
0	0	0.0245378	98	12
0	0	0.0239939	118	14
0	0	0.0155909	136	16
0	1	0.0154182	152	2
0	1	0.026079	156	4
0	1	0.0132309	164	6
0	1	0.011545	170	8
0	1	0.00908091	176	10
0	1	0.017053	185	12
0	1	0.0114767	193	14
0	1	0.0142395	201	16
0	1	0.00559647	210	18
0	1	0.00382483	219	20
0	1	0.00313187	230	22
0	1	0.00236789	244	24
0	1	0.00151302	254	26
0	1	0.00135765	266	28
0	1	0.00127768	282	30
0	1	0.000932783	298	32
0	1	0.000772482	315	34
0	2	0.00117985	327	2
0	2	0.00221534	335	4
0	2	0.00143686	343	6
0	2	0.00236457	349	8
0	2	0.00115254	358	10
0	2	0.00222442	364	12
0	2	0.00137965	371	14
0	2	0.00104338	381	16
0	2	0.00118786	390	18
0	2	0.00172032	400	20
0	2	0.000957641	411	22
0	2	0.00106962	422	24
0	2	0.000907155	436	26
0	2	0.000771983	450	28
0	2	0.000796484	462	30
0	2	0.000651828	479	32
0	2	0.00059013	498	34
0	2	0.000550968	514	36
0	2	0.000390259	533	38
0	2	0.000364684	551	40
0	2	0.000259416	569	42
0	2	0.000244576	591	44
0	2	0.000189763	615	46
0	2	0.000179468	646	48
0	2	0.000172249	677	50
0	2	0.000158572	701	52
0	2	0.000144668	727	54
0	2	0.000137701	758	56
0	2	0.000133425	789	58
0	2	0.000171325	819	60
0	2	0.000116451	849	62
0	2	0.000122304	883	64
0	2	0.0001185	920	66
0	2	9.30351e-005	958	68
0	2	8.42283e-005	999	70
0	2	8.80841e-005	1042	72
0	2	7.63143e-005	1095	74
0	2	7.16981e-005	1157	76
0	2	6.0245e-005	1224	78
0	2	5.40061e-005	1288	80
0	2	5.02521e-005	1365	82
0	2	4.54662e-005	1440	84
0	2	4.19074e-005	1519	86
0	2	3.24115e-005	1595	88
0	3	5.02399e-005	1601	2
0	3	9.93301e-005	1608	4
0	3	7.39974e-005	1614	6
0	3	0.000102402	1620	8
0	3	6.35489e-005	1629	10
0	3	9.51544e-005	1638	12
0	3	0.000102971	1647	14
0	3	6.25858e-005	1659	16
0	3	0.000119424	1670	18
0	3	4.43007e-005	1681	20
0	3	4.15885e-005	1694	22
0	3	7.90021e-005	1707	24
0	3	6.89701e-005	1719	26
0	3	9.75925e-005	1737	28
0	3	3.6278e-005	1754	30
0	3	3.58524e-005	1773	32
0	3	3.34081e-005	1794	34
0	3	4.68886e-005	1813	36
0	3	4.44801e-005	1830	38
0	3	2.85774e-005	1847	40
0	3	2.70636e-005	1867	42
0	3	2.68205e-005	1892	44
0	3	2.58657e-005	1916	46
0	3	2.86323e-005	1941	48
0	3	3.24933e-005	1968	50
0	3	2.55387e-005	1998	52
0	3	2.65304e-005	2024	54
0	3	2.49041e-005	2052	56
0	3	2.17039e-005	2081	58
0	3	2.4913e-005	2122	60
0	3	1.95083e-005	2161	62
0	3	2.12167e-005	2198	64
0	3	5.56361e-005	2235	66
0	3	2.55498e-005	2275	68
0	3	2.0458e-005	2325	70
0	3	2.11938e-005	2369	72
0	3	1.46773e-005	2414	74
0	3	1.73711e-005	2463	76
0	3	2.16346e-005	2521	78
0	3	1.87005e-005	2585	80
0	3	1.89766e-005	2668	82
0	3	1.47415e-005	2741	84
0	3	1.28715e-005	2802	86
0	3	1.17052e-005	2871	88
0	3	3.45227e-005	2936	90
0	3	1.22612e-005	2999	92
0	3	1.30579e-005	3063	94
0	3	1.3911e-005	3147	96
0	3	1.74955e-005	3224	98
0	3	1.16659e-005	3301	100
0	3	1.0409e-005	3392	102
0	3	1.01033e-005	3513	104
0	3	9.47007e-006	3626	106
0	3	8.29581e-006	3772	108
0	3	8.19257e-006	3896	110
0	3	8.14722e-006	4024	112
0	3	1.32212e-005	4150	114
0	3	9.31693e-006	4315	116
0	3	7.10039e-006	4473	118
0	3	6.45601e-006	4642	120
0	3	6.1166e-006	4797	122
0	3	5.89115e-006	4955	124
0	3	8.58587e-006	5111	126
0	3	5.12695e-006	5291	128
0	3	4.93771e-006	5478	129
0	3	4.86631e-006	5656	130
0	3	4.791e-006	5870	131
0	3	4.75926e-006	6078	132
0	3	4.6808e-006	6290	133
0	3	4.17345e-006	6490	134
0	3	3.82873e-006	6690	135
0	3	5.82586e-006	6911	136
0	3	3.76031e-006	7128	137
0	3	4.57908e-006	7332	138
0	3	3.64094e-006	7527	139
0	3	3.57982e-006	7711	140
0	3	3.40502e-006	7908	141
0	3	3.18355e-006	8089	142
0	3	3.17851e-006	8277	143
0	3	3.17826e-006	8459	144
0	3	3.16452e-006	8693	145
0	3	3.05506e-006	8919	146
0	3	2.9404e-006	9119	147
0	3	2.89966e-006	9378	148
0	3	2.82949e-006	9653	149
0	3	3.26773e-006	9884	150
0	3	3.89114e-006	10128	151
0	3	2.80105e-006	10354	152
0	3	2.85041e-006	10559	153
0	3	2.70554e-006	10758	154
0	3	2.67659e-006	10973	155
0	3	2.61814e-006	11185	156
0	3	2.5894e-006	11410	157
0	3	2.56466e-006	11643	158
0	3	2.55449e-006	11904	159
0	3	2.55129e-006	12164	160
0	3	2.65627e-006	12432	161
0	3	2.13643e-006	12713	162
0	3	1.98126e-006	13002	163
0	3	1.94643e-006	13273	164
0	3	1.94017e-006	13601	165
0	3	1.84451e-006	13911	166
0	3	1.73549e-006	14205	167
0	3	1.72376e-006	14537	168
0	3	1.68353e-006	14878	169
0	3	1.66443e-006	15182	170
0	3	1.65842e-006	15478	171
0	3	1.60881e-006	15759	172
0	4	2.85176e-006	15764	1
0	4	2.18801e-005	15769	3
0	4	1.02754e-005	15776	5
0	4	8.80414e-006	15782	7
0	4	4.10644e-006	15788	9
0	4	3.75099e-006	15795	11
0	4	1.18374e-005	15802	13
0	4	1.03499e-005	15810	15
0	4	4.71702e-006	15821	17
0	4	4.88062e-006	15830	19
0	4	7.85297e-006	15840	21
0	4	4.19146e-006	15849	23
0	4	3.34402e-006	15859	25
0	4	5.08166e-006	15871	27
0	4	3.45547e-006	15884	29
0	4	2.53886e-005	15898	31
0	4	2.06795e-005	15915	33
0	4	5.88549e-006	15931	35
0	4	6.26631e-006	15955	37
0	4	3.26672e-006	15978	39
0	4	3.23026e-006	15998	41
0	4	5.2313e-006	16017	43
0	4	3.3882e-006	16039	45
0	4	4.27909e-006	16059	47
0	4	2.66169e-006	16081	49
0	4	2.86462e-006	16108	51
0	4	2.51152e-006	16135	53
0	4	3.00103e-006	16162	55
0	4	2.69495e-006	16194	57
0	4	3.60052e-006	16222	59
0	4	2.44213e-006	16254	61
0	4	3.83332e-006	16289	63
0	4	2.48696e-006	16330	65
0	4	4.41212e-006	16367	67
0	4	2.42432e-006	16404	69
0	4	2.27685e-006	16448	71
0	4	2.03326e-006	16497	73
0	4	3.06918e-006	16545	75
0	4	3.04082e-006	16595	77
0	4	2.8827e-006	16646	79
0	4	3.00655e-006	16700	81
0	4	2.60582e-006	16757	83
0	4	2.41334e-006	16819	85
0	4	1.9291e-006	16886	87
0	4	2.24099e-006	16957	89
0	4	1.86377e-006	17033	91
0	4	1.96898e-006	17105	93
0	4	1.81226e-006	17181	95
0	4	1.69823e-006	17252	97
0	4	1.77792e-006	17338	99
0	4	2.44171e-006	17421	101
0	4	1.70335e-006	17520	103
0	4	1.6243e-006	17612	105
0	4	1.78163e-006	17705	107
0	4	1.93056e-006	17806	109
0	4	1.76377e-006	17913	111
0	4	2.49143e-006	18031	113
0	4	2.34441e-006	18141	115
0	4	1.78963e-006	18254	117
0	4	1.5295e-006	18368	119
0	4	1.92936e-006	18512	121
0	4	1.37609e-006	18657	123
0	4	1.51413e-006	18795	125
0	4	1.29134e-006	18949	127
0	4	1.66195e-006	19094	128
0	4	1.2836e-006	19231	129
0	4	1.28085e-006	19374	130
0	4	1.58064e-006	19576	131
0	4	1.23909e-006	19736	132
0	4	1.23672e-006	19898	133
0	4	1.2358e-006	20098	134
0	4	1.16237e-006	20262	135
0	4	1.12317e-006	20430	136
0	4	1.1013e-006	20613	137
0	4	1.08743e-006	20777	138
0	4	1.0793e-006	20951	139
0	4	1.06506e-006	21141	140
0	4	1.06806e-006	21342	141
0	4	1.05288e-006	21558	142
0	4	1.04805e-006	21741	143
0	4	9.97254e-007	21951	144
0	4	1.53309e-006	22188	145
0	4	9.83791e-007	22377	146
0	4	1.39418e-006	22611	147
0	4	9.5141e-007	22857	148
0	4	9.4626e-007	23086	149
0	4	9.34179e-007	23343	150
0	4	1.08165e-006	23552	151
0	4	9.19599e-007	23840	152
0	4	8.86898e-007	24121	153
0	4	8.80029e-007	24405	154
0	4	8.54079e-007	24711	155
0	4	1.39192e-006	24994	156
0	4	8.33003e-007	25317	157
0	4	8.30359e-007	25585	158
0	4	9.35324e-007	25914	159
0	4	8.08905e-007	26239	160
0	4	8.08669e-007	26557	161
0	4	7.90231e-007	26834	162
0	4	7.8856e-007	27145	163
0	4	9.00998e-007	27451	164
0	4	1.33249e-006	27803	165
0	4	7.88497e-007	28106	166
0	4	8.48516e-007	28461	167
0	4	7.82437e-007	28763	168
0	4	8.0825e-007	29115	169
0	4	7.59558e-007	29440	170
0	4	7.60051e-007	29795	171
0	4	7.43478e-007	30092	172
0	4	7.91444e-007	30412	173
0	4	7.4235e-007	30707	174
0	4	9.11184e-007	31088	175
0	4	7.3858e-007	31410	176
0	4	7.37606e-007	31722	177
0	4	7.37589e-007	32050	178
0	4	7.25183e-007	32379	179
0	4	7.20307e-007	32710	180
0	4	7.06672e-007	33054	181
0	4	6.85748e-007	33403	182
0	4	6.61693e-007	33756	183
0	4	6.54236e-007	34170	184
0	4	7.85355e-007	34529	185
0	4	6.51651e-007	34913	186
0	4	7.28475e-007	35314	187
0	4	6.27115e-007	35687	188
0	4	6.22243e-007	36104	189
0	4	6.07442e-007	36493	190
0	4	6.02414e-007	36939	191
0	4	5.94997e-007	37416	192
0	4	5.91283e-007	37863	193
0	4	5.90087e-007	38298	194
0	4	5.79478e-007	38717	195
0	4	5.73327e-007	39163	196
0	4	5.6733e-007	39622	197
0	4	5.54759e-007	40089	198
0	4	7.20054e-007	40521	199
0	4	5.41074e-007	40969	200
0	4	5.39705e-007	41413	201
0	4	5.13646e-007	41909	202
0	4	5.95492e-007	42364	203
0	4	5.12472e-007	42852	204
0	4	5.05496e-007	43362	205
0	4	7.57274e-007	43889	206
0	4	6.0766e-007	44408	207
0	4	5.24327e-007	44912	208
0	4	6.33955e-007	45420	209
0	4	8.65446e-007	45925	210
0	4	6.5761e-007	46434	211
0	4	4.99542e-007	46956	212
0	4	4.89075e-007	47478	213
0	4	4.95252e-007	48002	214
0	4	4.88809e-007	48530	215
0	4	4.42774e-007	49086	216
0	4	4.82445e-007	49631	217
0	4	4.38862e-007	50189	218
0	4	4.37253e-007	50793	219
0	4	4.34782e-007	51358	220
0	4	4.30512e-007	51937	221
0	4	4.30635e-007	52515	222
0	4	4.26527e-007	53101	223
0	4	5.73213e-007	53699	224
0	4	4.23284e-007	54293	225
0	4	6.68689e-007	54896	226
0	4	4.15756e-007	55524	227
0	4	3.9957e-007	56149	228
0	4	5.74679e-007	56777	229
0	4	3.84298e-007	57399	230
0	4	3.80096e-007	58049	231
0	4	3.77556e-007	58657	232
0	4	3.74422e-007	59265	233
0	4	3.66325e-007	59882	234
0	4	3.64715e-007	60492	235
0	4	3.64642e-007	61114	236
0	4	3.60526e-007	61740	237
0	4	3.57365e-007	62389	238
0	4	3.50701e-007	63145	239
0	4	3.421e-007	63837	240
0	4	3.29646e-007	64540	241
0	4	3.27986e-007	65223	242
0	4	3.21782e-007	65891	243
0	4	3.11971e-007	66571	244
0	4	3.1453e-007	67286	245
0	4	3.08176e-007	67954	246
0	4	3.1434e-007	68678	247
0	4	3.06388e-007	69431	248
0	4	3.04856e-007	70144	249
0	4	3.02931e-007	70865	250
0	4	4.41821e-007	71593	251
0	4	2.95824e-007	72330	252
0	4	2.87387e-007	73084	253
0	4	2.85472e-007	73833	254
0	4	2.75396e-007	74591	255
0	4	2.65425e-007	75455	256
0	4	2.57295e-007	76378	257
0	4	2.55904e-007	77289	258
0	4	2.52276e-007	78334	259
0	4	2.4704e-007	79235	260
0	4	2.41455e-007	80079	261
0	4	2.3728e-007	80982	262
0	4	2.36934e-007	81875	263
0	4	2.30565e-007	82802	264
0	4	2.21161e-007	83774	265
0	4	2.84801e-007	84711	266
0	4	2.20185e-007	85814	267
0	4	2.20124e-007	86847	268
0	4	2.15936e-007	87838	269
