step	level	max error	mean error	time
0	0	0.00882602	0.00101484	20.661	16
0	1	0.00411383	0.000617047	22.786	16
0	2	0.00332627	0.000505438	24.863	16
0	3	0.00285293	0.000371178	26.944	16
0	4	0.00191178	0.000299217	29.198	16
0	5	0.00184785	0.00023555	31.374	16
0	6	0.00166068	0.000188965	33.488	16
0	7	0.00166911	0.00023642	35.569	16
0	8	0.00155955	0.000164449	37.579	16
0	9	0.0012621	0.00016369	39.827	16
0	10	0.00106192	0.000146086	41.915	16
0	11	0.00111803	0.000186873	43.94	16
0	12	0.00109783	0.000149405	46.026	16
0	13	0.000835358	0.000116186	48.112	16
