sliding type	periodicity type	greedy	doubled edge	tol	tolCrit	steps	cpu time [ms]	Qmin	Qmean	Qmax
none	none	0	0	0	0	1	158	-0.123150809652158	nan	0.995051577903885
none	none	0	0	0	0	1	157	-0.123150809652158	nan	0.995051577903885
none	none	0	0	0	0	1	152	-0.123150809652158	nan	0.995051577903885
none	none	0	0	0	0	1	157	-0.123150809652158	nan	0.995051577903885
none	none	0	0	0	0	1	168	-0.123150809652158	nan	0.995051577903885
none	none	0	0	0	0	2	316	0.0558837670845326	0.637004115956339	0.996485157856414
none	none	0	0	0	0	2	316	0.0558837670845326	0.637004115956339	0.996485157856414
none	none	0	0	0	0	2	282	0.0558837670845326	0.637004115956339	0.996485157856414
none	none	0	0	0	0	2	291	0.0558837670845326	0.637004115956339	0.996485157856414
none	none	0	0	0	0	2	298	0.0558837670845326	0.637004115956339	0.996485157856414
none	none	0	0	0	0	3	447	0.0823743663936221	0.63750125475014	0.997284586084973
none	none	0	0	0	0	3	428	0.0823743663936221	0.63750125475014	0.997284586084973
none	none	0	0	0	0	3	440	0.0823743663936221	0.63750125475014	0.997284586084973
none	none	0	0	0	0	3	434	0.0823743663936221	0.63750125475014	0.997284586084973
none	none	0	0	0	0	3	444	0.0823743663936221	0.63750125475014	0.997284586084973
none	none	0	0	0	0	4	595	0.0916407774840774	0.63831326251755	0.996991863505154
none	none	0	0	0	0	4	589	0.0916407774840774	0.63831326251755	0.996991863505154
none	none	0	0	0	0	4	580	0.0916407774840774	0.63831326251755	0.996991863505154
none	none	0	0	0	0	4	583	0.0916407774840774	0.63831326251755	0.996991863505154
none	none	0	0	0	0	4	581	0.0916407774840774	0.63831326251755	0.996991863505154
none	none	0	0	0	0	5	709	0.0965357481622444	0.638966508109524	0.997262805381278
none	none	0	0	0	0	5	722	0.0965357481622444	0.638966508109524	0.997262805381278
none	none	0	0	0	0	5	723	0.0965357481622444	0.638966508109524	0.997262805381278
none	none	0	0	0	0	5	740	0.0965357481622444	0.638966508109524	0.997262805381278
none	none	0	0	0	0	5	727	0.0965357481622444	0.638966508109524	0.997262805381278
none	none	0	0	0	0	6	881	0.0995876453390986	0.639452489824986	0.997450452541046
none	none	0	0	0	0	6	870	0.0995876453390986	0.639452489824986	0.997450452541046
none	none	0	0	0	0	6	887	0.0995876453390986	0.639452489824986	0.997450452541046
none	none	0	0	0	0	6	872	0.0995876453390986	0.639452489824986	0.997450452541046
none	none	0	0	0	0	6	887	0.0995876453390986	0.639452489824986	0.997450452541046
none	none	0	0	0	0	7	1031	0.101675130557026	0.639823801701886	0.997588068495245
none	none	0	0	0	0	7	1016	0.101675130557026	0.639823801701886	0.997588068495245
none	none	0	0	0	0	7	1025	0.101675130557026	0.639823801701886	0.997588068495245
none	none	0	0	0	0	7	1015	0.101675130557026	0.639823801701886	0.997588068495245
none	none	0	0	0	0	7	1029	0.101675130557026	0.639823801701886	0.997588068495245
none	none	0	0	0	0	8	1165	0.103192516858105	0.64011793434864	0.997693293329953
none	none	0	0	0	0	8	1178	0.103192516858105	0.64011793434864	0.997693293329953
none	none	0	0	0	0	8	1180	0.103192516858105	0.64011793434864	0.997693293329953
none	none	0	0	0	0	8	1169	0.103192516858105	0.64011793434864	0.997693293329953
none	none	0	0	0	0	8	1175	0.103192516858105	0.64011793434864	0.997693293329953
none	none	0	0	0	0	9	1320	0.104344666034193	0.64035607609083	0.997776350150742
none	none	0	0	0	0	9	1318	0.104344666034193	0.64035607609083	0.997776350150742
none	none	0	0	0	0	9	1311	0.104344666034193	0.64035607609083	0.997776350150742
none	none	0	0	0	0	9	1310	0.104344666034193	0.64035607609083	0.997776350150742
none	none	0	0	0	0	9	1325	0.104344666034193	0.64035607609083	0.997776350150742
none	none	0	0	0	0	10	1462	0.105248839482734	0.640552369925231	0.997843571496899
none	none	0	0	0	0	10	1452	0.105248839482734	0.640552369925231	0.997843571496899
none	none	0	0	0	0	10	1460	0.105248839482734	0.640552369925231	0.997843571496899
none	none	0	0	0	0	10	1479	0.105248839482734	0.640552369925231	0.997843571496899
none	none	0	0	0	0	10	1465	0.105248839482734	0.640552369925231	0.997843571496899
none	none	0	0	0	0	12	1760	0.106575883984138	0.640856034208576	0.997945711996021
none	none	0	0	0	0	12	1733	0.106575883984138	0.640856034208576	0.997945711996021
none	none	0	0	0	0	12	1763	0.106575883984138	0.640856034208576	0.997945711996021
none	none	0	0	0	0	12	1744	0.106575883984138	0.640856034208576	0.997945711996021
none	none	0	0	0	0	12	1758	0.106575883984138	0.640856034208576	0.997945711996021
none	none	0	0	0	0	14	2019	0.107502244597601	0.641075746625927	0.998019640533576
none	none	0	0	0	0	14	2037	0.107502244597601	0.641075746625927	0.998019640533576
none	none	0	0	0	0	14	2050	0.107502244597601	0.641075746625927	0.998019640533576
none	none	0	0	0	0	14	2048	0.107502244597601	0.641075746625927	0.998019640533576
none	none	0	0	0	0	14	2043	0.107502244597601	0.641075746625927	0.998019640533576
none	none	0	0	0	0	16	2334	0.108128418215651	0.64124423304193	0.998075622420948
none	none	0	0	0	0	16	2353	0.108128418215651	0.64124423304193	0.998075622420948
none	none	0	0	0	0	16	2334	0.108128418215651	0.64124423304193	0.998075622420948
none	none	0	0	0	0	16	2342	0.108128418215651	0.64124423304193	0.998075622420948
none	none	0	0	0	0	16	2311	0.108128418215651	0.64124423304193	0.998075622420948
none	none	0	0	0	0	18	2605	0.10829277736303	0.641377452921678	0.998119482904671
none	none	0	0	0	0	18	2597	0.10829277736303	0.641377452921678	0.998119482904671
none	none	0	0	0	0	18	2614	0.10829277736303	0.641377452921678	0.998119482904671
none	none	0	0	0	0	18	2627	0.10829277736303	0.641377452921678	0.998119482904671
none	none	0	0	0	0	18	2627	0.10829277736303	0.641377452921678	0.998119482904671
none	none	0	0	0	0	20	2893	0.108417616002621	0.641485183991677	0.998154772987729
none	none	0	0	0	0	20	2883	0.108417616002621	0.641485183991677	0.998154772987729
none	none	0	0	0	0	20	2909	0.108417616002621	0.641485183991677	0.998154772987729
none	none	0	0	0	0	20	2925	0.108417616002621	0.641485183991677	0.998154772987729
none	none	0	0	0	0	20	2909	0.108417616002621	0.641485183991677	0.998154772987729
none	periodic	0	0	0	0	1	166	-0.225818748132104	nan	1.02799485555517
none	periodic	0	0	0	0	1	157	-0.225818748132104	nan	1.02799485555517
none	periodic	0	0	0	0	1	160	-0.225818748132104	nan	1.02799485555517
none	periodic	0	0	0	0	1	153	-0.225818748132104	nan	1.02799485555517
none	periodic	0	0	0	0	1	168	-0.225818748132104	nan	1.02799485555517
none	periodic	0	0	0	0	2	322	-0.0253081819559655	0.650827122119114	0.99677451643378
none	periodic	0	0	0	0	2	309	-0.0253081819559655	0.650827122119114	0.99677451643378
none	periodic	0	0	0	0	2	294	-0.0253081819559655	0.650827122119114	0.99677451643378
none	periodic	0	0	0	0	2	301	-0.0253081819559655	0.650827122119114	0.99677451643378
none	periodic	0	0	0	0	2	305	-0.0253081819559655	0.650827122119114	0.99677451643378
none	periodic	0	0	0	0	3	458	0.0353671526560087	0.651661372463018	0.99574775602042
none	periodic	0	0	0	0	3	462	0.0353671526560087	0.651661372463018	0.99574775602042
none	periodic	0	0	0	0	3	451	0.0353671526560087	0.651661372463018	0.99574775602042
none	periodic	0	0	0	0	3	465	0.0353671526560087	0.651661372463018	0.99574775602042
none	periodic	0	0	0	0	3	466	0.0353671526560087	0.651661372463018	0.99574775602042
none	periodic	0	0	0	0	4	608	0.0479871045733626	0.651202112489467	0.995723603099855
none	periodic	0	0	0	0	4	636	0.0479871045733626	0.651202112489467	0.995723603099855
none	periodic	0	0	0	0	4	696	0.0479871045733626	0.651202112489467	0.995723603099855
none	periodic	0	0	0	0	4	620	0.0479871045733626	0.651202112489467	0.995723603099855
none	periodic	0	0	0	0	4	619	0.0479871045733626	0.651202112489467	0.995723603099855
none	periodic	0	0	0	0	5	752	0.0539048408681471	0.65085787617218	0.997720937712778
none	periodic	0	0	0	0	5	757	0.0539048408681471	0.65085787617218	0.997720937712778
none	periodic	0	0	0	0	5	757	0.0539048408681471	0.65085787617218	0.997720937712778
none	periodic	0	0	0	0	5	742	0.0539048408681471	0.65085787617218	0.997720937712778
none	periodic	0	0	0	0	5	740	0.0539048408681471	0.65085787617218	0.997720937712778
none	periodic	0	0	0	0	6	981	0.0574404508468243	0.650697741189488	0.998099637217019
none	periodic	0	0	0	0	6	896	0.0574404508468243	0.650697741189488	0.998099637217019
none	periodic	0	0	0	0	6	906	0.0574404508468243	0.650697741189488	0.998099637217019
none	periodic	0	0	0	0	6	905	0.0574404508468243	0.650697741189488	0.998099637217019
none	periodic	0	0	0	0	6	916	0.0574404508468243	0.650697741189488	0.998099637217019
none	periodic	0	0	0	0	7	1040	0.0597999533250038	0.650635754643797	0.996951207916476
none	periodic	0	0	0	0	7	1073	0.0597999533250038	0.650635754643797	0.996951207916476
none	periodic	0	0	0	0	7	1067	0.0597999533250038	0.650635754643797	0.996951207916476
none	periodic	0	0	0	0	7	1051	0.0597999533250038	0.650635754643797	0.996951207916476
none	periodic	0	0	0	0	7	1060	0.0597999533250038	0.650635754643797	0.996951207916476
none	periodic	0	0	0	0	8	1198	0.0614877938072135	0.650622164733926	0.996079443348001
none	periodic	0	0	0	0	8	1182	0.0614877938072135	0.650622164733926	0.996079443348001
none	periodic	0	0	0	0	8	1194	0.0614877938072135	0.650622164733926	0.996079443348001
none	periodic	0	0	0	0	8	1209	0.0614877938072135	0.650622164733926	0.996079443348001
none	periodic	0	0	0	0	8	1221	0.0614877938072135	0.650622164733926	0.996079443348001
none	periodic	0	0	0	0	9	1365	0.0627548173005756	0.650633937344095	0.995927105691178
none	periodic	0	0	0	0	9	1348	0.0627548173005756	0.650633937344095	0.995927105691178
none	periodic	0	0	0	0	9	1364	0.0627548173005756	0.650633937344095	0.995927105691178
none	periodic	0	0	0	0	9	1335	0.0627548173005756	0.650633937344095	0.995927105691178
none	periodic	0	0	0	0	9	1343	0.0627548173005756	0.650633937344095	0.995927105691178
none	periodic	0	0	0	0	10	1497	0.0636817568995987	0.650661203816951	0.995944299178869
none	periodic	0	0	0	0	10	1518	0.0636817568995987	0.650661203816951	0.995944299178869
none	periodic	0	0	0	0	10	1511	0.0636817568995987	0.650661203816951	0.995944299178869
none	periodic	0	0	0	0	10	1504	0.0636817568995987	0.650661203816951	0.995944299178869
none	periodic	0	0	0	0	10	1512	0.0636817568995987	0.650661203816951	0.995944299178869
none	periodic	0	0	0	0	12	1786	0.063988150371091	0.650721704668109	0.995970285936976
none	periodic	0	0	0	0	12	1806	0.063988150371091	0.650721704668109	0.995970285936976
none	periodic	0	0	0	0	12	1801	0.063988150371091	0.650721704668109	0.995970285936976
none	periodic	0	0	0	0	12	1766	0.063988150371091	0.650721704668109	0.995970285936976
none	periodic	0	0	0	0	12	1806	0.063988150371091	0.650721704668109	0.995970285936976
none	periodic	0	0	0	0	14	2089	0.0641466429380336	0.650681963270541	0.995988981126787
none	periodic	0	0	0	0	14	2087	0.0641466429380336	0.650681963270541	0.995988981126787
none	periodic	0	0	0	0	14	2117	0.0641466429380336	0.650681963270541	0.995988981126787
none	periodic	0	0	0	0	14	2067	0.0641466429380336	0.650681963270541	0.995988981126787
none	periodic	0	0	0	0	14	2103	0.0641466429380336	0.650681963270541	0.995988981126787
none	periodic	0	0	0	0	16	2389	0.064232204350981	0.650523263832629	0.996087914702684
none	periodic	0	0	0	0	16	2419	0.064232204350981	0.650523263832629	0.996087914702684
none	periodic	0	0	0	0	16	2403	0.064232204350981	0.650523263832629	0.996087914702684
none	periodic	0	0	0	0	16	2375	0.064232204350981	0.650523263832629	0.996087914702684
none	periodic	0	0	0	0	16	2410	0.064232204350981	0.650523263832629	0.996087914702684
none	periodic	0	0	0	0	18	2710	0.0642787923526954	0.650400143906253	0.996249727207227
none	periodic	0	0	0	0	18	2703	0.0642787923526954	0.650400143906253	0.996249727207227
none	periodic	0	0	0	0	18	2694	0.0642787923526954	0.650400143906253	0.996249727207227
none	periodic	0	0	0	0	18	2697	0.0642787923526954	0.650400143906253	0.996249727207227
none	periodic	0	0	0	0	18	2723	0.0642787923526954	0.650400143906253	0.996249727207227
none	periodic	0	0	0	0	20	3025	0.0643033482770285	0.650301141831498	0.996379453351867
none	periodic	0	0	0	0	20	3023	0.0643033482770285	0.650301141831498	0.996379453351867
none	periodic	0	0	0	0	20	3000	0.0643033482770285	0.650301141831498	0.996379453351867
none	periodic	0	0	0	0	20	3031	0.0643033482770285	0.650301141831498	0.996379453351867
none	periodic	0	0	0	0	20	2975	0.0643033482770285	0.650301141831498	0.996379453351867
none	fixed	0	0	0	0	1	76	-1.38910610676624	nan	0.998650013944131
none	fixed	0	0	0	0	1	65	-1.38910610676624	nan	0.998650013944131
none	fixed	0	0	0	0	1	80	-1.38910610676624	nan	0.998650013944131
none	fixed	0	0	0	0	1	83	-1.38910610676624	nan	0.998650013944131
none	fixed	0	0	0	0	1	66	-1.38910610676624	nan	0.998650013944131
none	fixed	0	0	0	0	2	148	0.0798516842933534	0.628863893778831	0.998072239598706
none	fixed	0	0	0	0	2	140	0.0798516842933534	0.628863893778831	0.998072239598706
none	fixed	0	0	0	0	2	139	0.0798516842933534	0.628863893778831	0.998072239598706
none	fixed	0	0	0	0	2	154	0.0798516842933534	0.628863893778831	0.998072239598706
none	fixed	0	0	0	0	2	133	0.0798516842933534	0.628863893778831	0.998072239598706
none	fixed	0	0	0	0	3	184	0.105514062539126	0.632522346599729	0.99710692226329
none	fixed	0	0	0	0	3	197	0.105514062539126	0.632522346599729	0.99710692226329
none	fixed	0	0	0	0	3	187	0.105514062539126	0.632522346599729	0.99710692226329
none	fixed	0	0	0	0	3	195	0.105514062539126	0.632522346599729	0.99710692226329
none	fixed	0	0	0	0	3	186	0.105514062539126	0.632522346599729	0.99710692226329
none	fixed	0	0	0	0	4	255	0.116531529478139	0.634554425314137	0.998415940491085
none	fixed	0	0	0	0	4	256	0.116531529478139	0.634554425314137	0.998415940491085
none	fixed	0	0	0	0	4	258	0.116531529478139	0.634554425314137	0.998415940491085
none	fixed	0	0	0	0	4	250	0.116531529478139	0.634554425314137	0.998415940491085
none	fixed	0	0	0	0	4	247	0.116531529478139	0.634554425314137	0.998415940491085
none	fixed	0	0	0	0	5	322	0.122765867680478	0.635813731336718	0.998994744446011
none	fixed	0	0	0	0	5	326	0.122765867680478	0.635813731336718	0.998994744446011
none	fixed	0	0	0	0	5	319	0.122765867680478	0.635813731336718	0.998994744446011
none	fixed	0	0	0	0	5	319	0.122765867680478	0.635813731336718	0.998994744446011
none	fixed	0	0	0	0	5	325	0.122765867680478	0.635813731336718	0.998994744446011
none	fixed	0	0	0	0	6	380	0.12679813419809	0.636666464857559	0.999279374634749
none	fixed	0	0	0	0	6	384	0.12679813419809	0.636666464857559	0.999279374634749
none	fixed	0	0	0	0	6	379	0.12679813419809	0.636666464857559	0.999279374634749
none	fixed	0	0	0	0	6	386	0.12679813419809	0.636666464857559	0.999279374634749
none	fixed	0	0	0	0	6	385	0.12679813419809	0.636666464857559	0.999279374634749
none	fixed	0	0	0	0	7	439	0.129626761169438	0.637292915319125	0.999428385929701
none	fixed	0	0	0	0	7	446	0.129626761169438	0.637292915319125	0.999428385929701
none	fixed	0	0	0	0	7	441	0.129626761169438	0.637292915319125	0.999428385929701
none	fixed	0	0	0	0	7	444	0.129626761169438	0.637292915319125	0.999428385929701
none	fixed	0	0	0	0	7	447	0.129626761169438	0.637292915319125	0.999428385929701
none	fixed	0	0	0	0	8	503	0.131723392761422	0.637770005976588	0.999508632425518
none	fixed	0	0	0	0	8	498	0.131723392761422	0.637770005976588	0.999508632425518
none	fixed	0	0	0	0	8	509	0.131723392761422	0.637770005976588	0.999508632425518
none	fixed	0	0	0	0	8	506	0.131723392761422	0.637770005976588	0.999508632425518
none	fixed	0	0	0	0	8	507	0.131723392761422	0.637770005976588	0.999508632425518
none	fixed	0	0	0	0	9	565	0.133340845595783	0.638140066553411	0.99955156995541
none	fixed	0	0	0	0	9	570	0.133340845595783	0.638140066553411	0.99955156995541
none	fixed	0	0	0	0	9	573	0.133340845595783	0.638140066553411	0.99955156995541
none	fixed	0	0	0	0	9	555	0.133340845595783	0.638140066553411	0.99955156995541
none	fixed	0	0	0	0	9	567	0.133340845595783	0.638140066553411	0.99955156995541
none	fixed	0	0	0	0	10	632	0.13462716252459	0.63843805163821	0.99957325861248
none	fixed	0	0	0	0	10	618	0.13462716252459	0.63843805163821	0.99957325861248
none	fixed	0	0	0	0	10	629	0.13462716252459	0.63843805163821	0.99957325861248
none	fixed	0	0	0	0	10	620	0.13462716252459	0.63843805163821	0.99957325861248
none	fixed	0	0	0	0	10	634	0.13462716252459	0.63843805163821	0.99957325861248
none	fixed	0	0	0	0	12	751	0.136545050386196	0.638884137139707	0.999584054316555
none	fixed	0	0	0	0	12	751	0.136545050386196	0.638884137139707	0.999584054316555
none	fixed	0	0	0	0	12	739	0.136545050386196	0.638884137139707	0.999584054316555
none	fixed	0	0	0	0	12	754	0.136545050386196	0.638884137139707	0.999584054316555
none	fixed	0	0	0	0	12	741	0.136545050386196	0.638884137139707	0.999584054316555
none	fixed	0	0	0	0	14	876	0.137907271618401	0.639207039034506	0.999573843509764
none	fixed	0	0	0	0	14	866	0.137907271618401	0.639207039034506	0.999573843509764
none	fixed	0	0	0	0	14	865	0.137907271618401	0.639207039034506	0.999573843509764
none	fixed	0	0	0	0	14	877	0.137907271618401	0.639207039034506	0.999573843509764
none	fixed	0	0	0	0	14	873	0.137907271618401	0.639207039034506	0.999573843509764
none	fixed	0	0	0	0	16	990	0.138925152484466	0.639450856782785	0.99953285751154
none	fixed	0	0	0	0	16	983	0.138925152484466	0.639450856782785	0.99953285751154
none	fixed	0	0	0	0	16	1003	0.138925152484466	0.639450856782785	0.99953285751154
none	fixed	0	0	0	0	16	993	0.138925152484466	0.639450856782785	0.99953285751154
none	fixed	0	0	0	0	16	1005	0.138925152484466	0.639450856782785	0.99953285751154
none	fixed	0	0	0	0	18	1129	0.139714783234015	0.639639374693589	0.999504751458718
none	fixed	0	0	0	0	18	1122	0.139714783234015	0.639639374693589	0.999504751458718
none	fixed	0	0	0	0	18	1115	0.139714783234015	0.639639374693589	0.999504751458718
none	fixed	0	0	0	0	18	1127	0.139714783234015	0.639639374693589	0.999504751458718
none	fixed	0	0	0	0	18	1123	0.139714783234015	0.639639374693589	0.999504751458718
none	fixed	0	0	0	0	20	1241	0.140345286087355	0.63978729424558	0.999484673597471
none	fixed	0	0	0	0	20	1246	0.140345286087355	0.63978729424558	0.999484673597471
none	fixed	0	0	0	0	20	1248	0.140345286087355	0.63978729424558	0.999484673597471
none	fixed	0	0	0	0	20	1258	0.140345286087355	0.63978729424558	0.999484673597471
none	fixed	0	0	0	0	20	1239	0.140345286087355	0.63978729424558	0.999484673597471
ps	none	0	0	0	0	1	174	-0.0784390565001606	nan	0.996711720274852
ps	none	0	0	0	0	1	153	-0.0784390565001606	nan	0.996711720274852
ps	none	0	0	0	0	1	150	-0.0784390565001606	nan	0.996711720274852
ps	none	0	0	0	0	1	155	-0.0784390565001606	nan	0.996711720274852
ps	none	0	0	0	0	1	166	-0.0784390565001606	nan	0.996711720274852
ps	none	0	0	0	0	2	332	0.0578281148080785	0.651455292014075	0.998471136756407
ps	none	0	0	0	0	2	301	0.0578281148080785	0.651455292014075	0.998471136756407
ps	none	0	0	0	0	2	292	0.0578281148080785	0.651455292014075	0.998471136756407
ps	none	0	0	0	0	2	298	0.0578281148080785	0.651455292014075	0.998471136756407
ps	none	0	0	0	0	2	294	0.0578281148080785	0.651455292014075	0.998471136756407
ps	none	0	0	0	0	3	461	0.100844004323286	0.65274469434472	0.997454932411314
ps	none	0	0	0	0	3	451	0.100844004323286	0.65274469434472	0.997454932411314
ps	none	0	0	0	0	3	440	0.100844004323286	0.65274469434472	0.997454932411314
ps	none	0	0	0	0	3	453	0.100844004323286	0.65274469434472	0.997454932411314
ps	none	0	0	0	0	3	458	0.100844004323286	0.65274469434472	0.997454932411314
ps	none	0	0	0	0	4	599	0.119135457257718	0.653435713819477	0.996808738748872
ps	none	0	0	0	0	4	607	0.119135457257718	0.653435713819477	0.996808738748872
ps	none	0	0	0	0	4	588	0.119135457257718	0.653435713819477	0.996808738748872
ps	none	0	0	0	0	4	599	0.119135457257718	0.653435713819477	0.996808738748872
ps	none	0	0	0	0	4	584	0.119135457257718	0.653435713819477	0.996808738748872
ps	none	0	0	0	0	5	754	0.129504619065366	0.653876030076077	0.996382892214903
ps	none	0	0	0	0	5	746	0.129504619065366	0.653876030076077	0.996382892214903
ps	none	0	0	0	0	5	742	0.129504619065366	0.653876030076077	0.996382892214903
ps	none	0	0	0	0	5	719	0.129504619065366	0.653876030076077	0.996382892214903
ps	none	0	0	0	0	5	743	0.129504619065366	0.653876030076077	0.996382892214903
ps	none	0	0	0	0	6	877	0.135217734127779	0.654186491693008	0.99608643657171
ps	none	0	0	0	0	6	901	0.135217734127779	0.654186491693008	0.99608643657171
ps	none	0	0	0	0	6	883	0.135217734127779	0.654186491693008	0.99608643657171
ps	none	0	0	0	0	6	888	0.135217734127779	0.654186491693008	0.99608643657171
ps	none	0	0	0	0	6	876	0.135217734127779	0.654186491693008	0.99608643657171
ps	none	0	0	0	0	7	1051	0.138278628498616	0.654416964607829	0.995869134672382
ps	none	0	0	0	0	7	1046	0.138278628498616	0.654416964607829	0.995869134672382
ps	none	0	0	0	0	7	1047	0.138278628498616	0.654416964607829	0.995869134672382
ps	none	0	0	0	0	7	1035	0.138278628498616	0.654416964607829	0.995869134672382
ps	none	0	0	0	0	7	1041	0.138278628498616	0.654416964607829	0.995869134672382
ps	none	0	0	0	0	8	1191	0.140546514666989	0.65459486979061	0.99570324141505
ps	none	0	0	0	0	8	1157	0.140546514666989	0.65459486979061	0.99570324141505
ps	none	0	0	0	0	8	1162	0.140546514666989	0.65459486979061	0.99570324141505
ps	none	0	0	0	0	8	1181	0.140546514666989	0.65459486979061	0.99570324141505
ps	none	0	0	0	0	8	1190	0.140546514666989	0.65459486979061	0.99570324141505
ps	none	0	0	0	0	9	1318	0.142289746348937	0.654736395990823	0.995957780291898
ps	none	0	0	0	0	9	1324	0.142289746348937	0.654736395990823	0.995957780291898
ps	none	0	0	0	0	9	1323	0.142289746348937	0.654736395990823	0.995957780291898
ps	none	0	0	0	0	9	1313	0.142289746348937	0.654736395990823	0.995957780291898
ps	none	0	0	0	0	9	1320	0.142289746348937	0.654736395990823	0.995957780291898
ps	none	0	0	0	0	10	1478	0.143669698766267	0.654849013904343	0.996326063169743
ps	none	0	0	0	0	10	1469	0.143669698766267	0.654849013904343	0.996326063169743
ps	none	0	0	0	0	10	1468	0.143669698766267	0.654849013904343	0.996326063169743
ps	none	0	0	0	0	10	1482	0.143669698766267	0.654849013904343	0.996326063169743
ps	none	0	0	0	0	10	1454	0.143669698766267	0.654849013904343	0.996326063169743
ps	none	0	0	0	0	12	1788	0.145713251380421	0.655018849713711	0.996888825881832
ps	none	0	0	0	0	12	1770	0.145713251380421	0.655018849713711	0.996888825881832
ps	none	0	0	0	0	12	1780	0.145713251380421	0.655018849713711	0.996888825881832
ps	none	0	0	0	0	12	1733	0.145713251380421	0.655018849713711	0.996888825881832
ps	none	0	0	0	0	12	1747	0.145713251380421	0.655018849713711	0.996888825881832
ps	none	0	0	0	0	14	2025	0.147152530349556	0.655142468444927	0.997298349643523
ps	none	0	0	0	0	14	2073	0.147152530349556	0.655142468444927	0.997298349643523
ps	none	0	0	0	0	14	2060	0.147152530349556	0.655142468444927	0.997298349643523
ps	none	0	0	0	0	14	2064	0.147152530349556	0.655142468444927	0.997298349643523
ps	none	0	0	0	0	14	2055	0.147152530349556	0.655142468444927	0.997298349643523
ps	none	0	0	0	0	16	2361	0.148220468273684	0.655236536937672	0.997609602341198
ps	none	0	0	0	0	16	2345	0.148220468273684	0.655236536937672	0.997609602341198
ps	none	0	0	0	0	16	2332	0.148220468273684	0.655236536937672	0.997609602341198
ps	none	0	0	0	0	16	2329	0.148220468273684	0.655236536937672	0.997609602341198
ps	none	0	0	0	0	16	2326	0.148220468273684	0.655236536937672	0.997609602341198
ps	none	0	0	0	0	18	2718	0.149044162390708	0.655310721730003	0.997854116508329
ps	none	0	0	0	0	18	2633	0.149044162390708	0.655310721730003	0.997854116508329
ps	none	0	0	0	0	18	2671	0.149044162390708	0.655310721730003	0.997854116508329
ps	none	0	0	0	0	18	2650	0.149044162390708	0.655310721730003	0.997854116508329
ps	none	0	0	0	0	18	2601	0.149044162390708	0.655310721730003	0.997854116508329
ps	none	0	0	0	0	20	2954	0.149698730303871	0.655370731930694	0.998051255306731
ps	none	0	0	0	0	20	2958	0.149698730303871	0.655370731930694	0.998051255306731
ps	none	0	0	0	0	20	2900	0.149698730303871	0.655370731930694	0.998051255306731
ps	none	0	0	0	0	20	2960	0.149698730303871	0.655370731930694	0.998051255306731
ps	none	0	0	0	0	20	2930	0.149698730303871	0.655370731930694	0.998051255306731
ps	periodic	0	0	0	0	1	167	-8.93857867046436	nan	0.991441331697671
ps	periodic	0	0	0	0	1	176	-8.93857867046436	nan	0.991441331697671
ps	periodic	0	0	0	0	1	160	-8.93857867046436	nan	0.991441331697671
ps	periodic	0	0	0	0	1	177	-8.93857867046436	nan	0.991441331697671
ps	periodic	0	0	0	0	1	171	-8.93857867046436	nan	0.991441331697671
ps	periodic	0	0	0	0	2	338	0.0855571870177272	0.66503851109731	0.993368199228711
ps	periodic	0	0	0	0	2	323	0.0855571870177272	0.66503851109731	0.993368199228711
ps	periodic	0	0	0	0	2	316	0.0855571870177272	0.66503851109731	0.993368199228711
ps	periodic	0	0	0	0	2	313	0.0855571870177272	0.66503851109731	0.993368199228711
ps	periodic	0	0	0	0	2	310	0.0855571870177272	0.66503851109731	0.993368199228711
ps	periodic	0	0	0	0	3	468	0.119125904028506	0.663007083177957	0.994814857183597
ps	periodic	0	0	0	0	3	471	0.119125904028506	0.663007083177957	0.994814857183597
ps	periodic	0	0	0	0	3	467	0.119125904028506	0.663007083177957	0.994814857183597
ps	periodic	0	0	0	0	3	470	0.119125904028506	0.663007083177957	0.994814857183597
ps	periodic	0	0	0	0	3	473	0.119125904028506	0.663007083177957	0.994814857183597
ps	periodic	0	0	0	0	4	617	0.137346477526491	0.661705134520329	0.996686067083005
ps	periodic	0	0	0	0	4	623	0.137346477526491	0.661705134520329	0.996686067083005
ps	periodic	0	0	0	0	4	621	0.137346477526491	0.661705134520329	0.996686067083005
ps	periodic	0	0	0	0	4	611	0.137346477526491	0.661705134520329	0.996686067083005
ps	periodic	0	0	0	0	4	608	0.137346477526491	0.661705134520329	0.996686067083005
ps	periodic	0	0	0	0	5	770	0.146064020328429	0.660966842049053	0.997917696795983
ps	periodic	0	0	0	0	5	770	0.146064020328429	0.660966842049053	0.997917696795983
ps	periodic	0	0	0	0	5	763	0.146064020328429	0.660966842049053	0.997917696795983
ps	periodic	0	0	0	0	5	766	0.146064020328429	0.660966842049053	0.997917696795983
ps	periodic	0	0	0	0	5	767	0.146064020328429	0.660966842049053	0.997917696795983
ps	periodic	0	0	0	0	6	934	0.152255329381188	0.65995501051026	0.995771653098379
ps	periodic	0	0	0	0	6	920	0.152255329381188	0.65995501051026	0.995771653098379
ps	periodic	0	0	0	0	6	932	0.152255329381188	0.65995501051026	0.995771653098379
ps	periodic	0	0	0	0	6	920	0.152255329381188	0.65995501051026	0.995771653098379
ps	periodic	0	0	0	0	6	927	0.152255329381188	0.65995501051026	0.995771653098379
ps	periodic	0	0	0	0	7	1079	0.156785790813939	0.659120343638822	0.995628500116327
ps	periodic	0	0	0	0	7	1079	0.156785790813939	0.659120343638822	0.995628500116327
ps	periodic	0	0	0	0	7	1081	0.156785790813939	0.659120343638822	0.995628500116327
ps	periodic	0	0	0	0	7	1082	0.156785790813939	0.659120343638822	0.995628500116327
ps	periodic	0	0	0	0	7	1081	0.156785790813939	0.659120343638822	0.995628500116327
ps	periodic	0	0	0	0	8	1240	0.160216313183869	0.658505310962324	0.995554140021074
ps	periodic	0	0	0	0	8	1234	0.160216313183869	0.658505310962324	0.995554140021074
ps	periodic	0	0	0	0	8	1219	0.160216313183869	0.658505310962324	0.995554140021074
ps	periodic	0	0	0	0	8	1229	0.160216313183869	0.658505310962324	0.995554140021074
ps	periodic	0	0	0	0	8	1236	0.160216313183869	0.658505310962324	0.995554140021074
ps	periodic	0	0	0	0	9	1387	0.162893895562789	0.658028816255203	0.995515590917944
ps	periodic	0	0	0	0	9	1383	0.162893895562789	0.658028816255203	0.995515590917944
ps	periodic	0	0	0	0	9	1443	0.162893895562789	0.658028816255203	0.995515590917944
ps	periodic	0	0	0	0	9	1422	0.162893895562789	0.658028816255203	0.995515590917944
ps	periodic	0	0	0	0	9	1394	0.162893895562789	0.658028816255203	0.995515590917944
ps	periodic	0	0	0	0	10	1536	0.165037693976062	0.657666035424972	0.99549679654792
ps	periodic	0	0	0	0	10	1540	0.165037693976062	0.657666035424972	0.99549679654792
ps	periodic	0	0	0	0	10	1639	0.165037693976062	0.657666035424972	0.99549679654792
ps	periodic	0	0	0	0	10	1779	0.165037693976062	0.657666035424972	0.99549679654792
ps	periodic	0	0	0	0	10	1596	0.165037693976062	0.657666035424972	0.99549679654792
ps	periodic	0	0	0	0	12	1873	0.16825043810073	0.657154093807276	0.995488547248444
ps	periodic	0	0	0	0	12	1857	0.16825043810073	0.657154093807276	0.995488547248444
ps	periodic	0	0	0	0	12	1859	0.16825043810073	0.657154093807276	0.995488547248444
ps	periodic	0	0	0	0	12	1866	0.16825043810073	0.657154093807276	0.995488547248444
ps	periodic	0	0	0	0	12	1865	0.16825043810073	0.657154093807276	0.995488547248444
ps	periodic	0	0	0	0	14	2153	0.170539571426143	0.656798766278268	0.995497237480212
ps	periodic	0	0	0	0	14	2164	0.170539571426143	0.656798766278268	0.995497237480212
ps	periodic	0	0	0	0	14	2147	0.170539571426143	0.656798766278268	0.995497237480212
ps	periodic	0	0	0	0	14	2161	0.170539571426143	0.656798766278268	0.995497237480212
ps	periodic	0	0	0	0	14	2153	0.170539571426143	0.656798766278268	0.995497237480212
ps	periodic	0	0	0	0	16	2419	0.17225175128338	0.65654999537038	0.995511705287785
ps	periodic	0	0	0	0	16	2470	0.17225175128338	0.65654999537038	0.995511705287785
ps	periodic	0	0	0	0	16	2452	0.17225175128338	0.65654999537038	0.995511705287785
ps	periodic	0	0	0	0	16	2447	0.17225175128338	0.65654999537038	0.995511705287785
ps	periodic	0	0	0	0	16	2489	0.17225175128338	0.65654999537038	0.995511705287785
ps	periodic	0	0	0	0	18	2766	0.173580089527428	0.656366618825908	0.9955276625242
ps	periodic	0	0	0	0	18	2923	0.173580089527428	0.656366618825908	0.9955276625242
ps	periodic	0	0	0	0	18	2755	0.173580089527428	0.656366618825908	0.9955276625242
ps	periodic	0	0	0	0	18	2765	0.173580089527428	0.656366618825908	0.9955276625242
ps	periodic	0	0	0	0	18	2761	0.173580089527428	0.656366618825908	0.9955276625242
ps	periodic	0	0	0	0	20	3057	0.174640391185952	0.65621873827305	0.995543390315287
ps	periodic	0	0	0	0	20	3062	0.174640391185952	0.65621873827305	0.995543390315287
ps	periodic	0	0	0	0	20	3069	0.174640391185952	0.65621873827305	0.995543390315287
ps	periodic	0	0	0	0	20	3064	0.174640391185952	0.65621873827305	0.995543390315287
ps	periodic	0	0	0	0	20	3059	0.174640391185952	0.65621873827305	0.995543390315287
ps	fixed	0	0	0	0	1	76	0.0124828635650145	nan	0.998368781111432
ps	fixed	0	0	0	0	1	66	0.0124828635650145	nan	0.998368781111432
ps	fixed	0	0	0	0	1	67	0.0124828635650145	nan	0.998368781111432
ps	fixed	0	0	0	0	1	66	0.0124828635650145	nan	0.998368781111432
ps	fixed	0	0	0	0	1	65	0.0124828635650145	nan	0.998368781111432
ps	fixed	0	0	0	0	2	146	0.261159664334705	0.675534935032994	0.993081111717378
ps	fixed	0	0	0	0	2	137	0.261159664334705	0.675534935032994	0.993081111717378
ps	fixed	0	0	0	0	2	132	0.261159664334705	0.675534935032994	0.993081111717378
ps	fixed	0	0	0	0	2	133	0.261159664334705	0.675534935032994	0.993081111717378
ps	fixed	0	0	0	0	2	126	0.261159664334705	0.675534935032994	0.993081111717378
ps	fixed	0	0	0	0	3	197	0.288413730956714	0.677975692389056	0.996771748721678
ps	fixed	0	0	0	0	3	185	0.288413730956714	0.677975692389056	0.996771748721678
ps	fixed	0	0	0	0	3	198	0.288413730956714	0.677975692389056	0.996771748721678
ps	fixed	0	0	0	0	3	191	0.288413730956714	0.677975692389056	0.996771748721678
ps	fixed	0	0	0	0	3	192	0.288413730956714	0.677975692389056	0.996771748721678
ps	fixed	0	0	0	0	4	261	0.301142267941296	0.679465400187481	0.99796736846109
ps	fixed	0	0	0	0	4	270	0.301142267941296	0.679465400187481	0.99796736846109
ps	fixed	0	0	0	0	4	256	0.301142267941296	0.679465400187481	0.99796736846109
ps	fixed	0	0	0	0	4	252	0.301142267941296	0.679465400187481	0.99796736846109
ps	fixed	0	0	0	0	4	254	0.301142267941296	0.679465400187481	0.99796736846109
ps	fixed	0	0	0	0	5	326	0.308058286197271	0.680405063500469	0.99804066486109
ps	fixed	0	0	0	0	5	326	0.308058286197271	0.680405063500469	0.99804066486109
ps	fixed	0	0	0	0	5	329	0.308058286197271	0.680405063500469	0.99804066486109
ps	fixed	0	0	0	0	5	315	0.308058286197271	0.680405063500469	0.99804066486109
ps	fixed	0	0	0	0	5	317	0.308058286197271	0.680405063500469	0.99804066486109
ps	fixed	0	0	0	0	6	386	0.312324846628688	0.681031549865605	0.99883239507604
ps	fixed	0	0	0	0	6	380	0.312324846628688	0.681031549865605	0.99883239507604
ps	fixed	0	0	0	0	6	382	0.312324846628688	0.681031549865605	0.99883239507604
ps	fixed	0	0	0	0	6	380	0.312324846628688	0.681031549865605	0.99883239507604
ps	fixed	0	0	0	0	6	375	0.312324846628688	0.681031549865605	0.99883239507604
ps	fixed	0	0	0	0	7	443	0.315200111835194	0.681456889683408	0.997888698517818
ps	fixed	0	0	0	0	7	448	0.315200111835194	0.681456889683408	0.997888698517818
ps	fixed	0	0	0	0	7	456	0.315200111835194	0.681456889683408	0.997888698517818
ps	fixed	0	0	0	0	7	452	0.315200111835194	0.681456889683408	0.997888698517818
ps	fixed	0	0	0	0	7	450	0.315200111835194	0.681456889683408	0.997888698517818
ps	fixed	0	0	0	0	8	510	0.317262451927021	0.681753985016199	0.997191544337969
ps	fixed	0	0	0	0	8	512	0.317262451927021	0.681753985016199	0.997191544337969
ps	fixed	0	0	0	0	8	516	0.317262451927021	0.681753985016199	0.997191544337969
ps	fixed	0	0	0	0	8	512	0.317262451927021	0.681753985016199	0.997191544337969
ps	fixed	0	0	0	0	8	518	0.317262451927021	0.681753985016199	0.997191544337969
ps	fixed	0	0	0	0	9	579	0.318811112320209	0.681992223842014	0.996656395181046
ps	fixed	0	0	0	0	9	580	0.318811112320209	0.681992223842014	0.996656395181046
ps	fixed	0	0	0	0	9	580	0.318811112320209	0.681992223842014	0.996656395181046
ps	fixed	0	0	0	0	9	571	0.318811112320209	0.681992223842014	0.996656395181046
ps	fixed	0	0	0	0	9	581	0.318811112320209	0.681992223842014	0.996656395181046
ps	fixed	0	0	0	0	10	639	0.320015434509628	0.682185532450397	0.996972554470824
ps	fixed	0	0	0	0	10	632	0.320015434509628	0.682185532450397	0.996972554470824
ps	fixed	0	0	0	0	10	646	0.320015434509628	0.682185532450397	0.996972554470824
ps	fixed	0	0	0	0	10	619	0.320015434509628	0.682185532450397	0.996972554470824
ps	fixed	0	0	0	0	10	624	0.320015434509628	0.682185532450397	0.996972554470824
ps	fixed	0	0	0	0	12	769	0.321519248691957	0.682483240287827	0.998482167105097
ps	fixed	0	0	0	0	12	769	0.321519248691957	0.682483240287827	0.998482167105097
ps	fixed	0	0	0	0	12	759	0.321519248691957	0.682483240287827	0.998482167105097
ps	fixed	0	0	0	0	12	770	0.321519248691957	0.682483240287827	0.998482167105097
ps	fixed	0	0	0	0	12	756	0.321519248691957	0.682483240287827	0.998482167105097
ps	fixed	0	0	0	0	14	884	0.322422183956496	0.68269369303391	0.999542796225414
ps	fixed	0	0	0	0	14	887	0.322422183956496	0.68269369303391	0.999542796225414
ps	fixed	0	0	0	0	14	894	0.322422183956496	0.68269369303391	0.999542796225414
ps	fixed	0	0	0	0	14	885	0.322422183956496	0.68269369303391	0.999542796225414
ps	fixed	0	0	0	0	14	889	0.322422183956496	0.68269369303391	0.999542796225414
ps	fixed	0	0	0	0	16	1008	0.323083657679616	0.682849239555842	0.998844900358619
ps	fixed	0	0	0	0	16	1022	0.323083657679616	0.682849239555842	0.998844900358619
ps	fixed	0	0	0	0	16	1020	0.323083657679616	0.682849239555842	0.998844900358619
ps	fixed	0	0	0	0	16	1003	0.323083657679616	0.682849239555842	0.998844900358619
ps	fixed	0	0	0	0	16	1015	0.323083657679616	0.682849239555842	0.998844900358619
ps	fixed	0	0	0	0	18	1140	0.323588930635466	0.682972424140796	0.998236734218769
ps	fixed	0	0	0	0	18	1142	0.323588930635466	0.682972424140796	0.998236734218769
ps	fixed	0	0	0	0	18	1148	0.323588930635466	0.682972424140796	0.998236734218769
ps	fixed	0	0	0	0	18	1146	0.323588930635466	0.682972424140796	0.998236734218769
ps	fixed	0	0	0	0	18	1150	0.323588930635466	0.682972424140796	0.998236734218769
ps	fixed	0	0	0	0	20	1260	0.323987405982682	0.683073202426628	0.997754257776549
ps	fixed	0	0	0	0	20	1266	0.323987405982682	0.683073202426628	0.997754257776549
ps	fixed	0	0	0	0	20	1278	0.323987405982682	0.683073202426628	0.997754257776549
ps	fixed	0	0	0	0	20	1272	0.323987405982682	0.683073202426628	0.997754257776549
ps	fixed	0	0	0	0	20	1293	0.323987405982682	0.683073202426628	0.997754257776549
ps	moving	0	0	0	0	1	76	0.261965206599117	0.679657803128801	0.997912974257506
ps	moving	0	0	0	0	1	66	0.261965206599117	0.679657803128801	0.997912974257506
ps	moving	0	0	0	0	1	66	0.261965206599117	0.679657803128801	0.997912974257506
ps	moving	0	0	0	0	1	67	0.261965206599117	0.679657803128801	0.997912974257506
ps	moving	0	0	0	0	1	66	0.261965206599117	0.679657803128801	0.997912974257506
ps	moving	0	0	0	0	2	160	0.335333254461913	0.665081675071159	0.998424988430444
ps	moving	0	0	0	0	2	137	0.335333254461913	0.665081675071159	0.998424988430444
ps	moving	0	0	0	0	2	137	0.335333254461913	0.665081675071159	0.998424988430444
ps	moving	0	0	0	0	2	137	0.335333254461913	0.665081675071159	0.998424988430444
ps	moving	0	0	0	0	2	136	0.335333254461913	0.665081675071159	0.998424988430444
ps	moving	0	0	0	0	3	196	0.35656697791981	0.664333280359885	0.998397261921354
ps	moving	0	0	0	0	3	181	0.35656697791981	0.664333280359885	0.998397261921354
ps	moving	0	0	0	0	3	203	0.35656697791981	0.664333280359885	0.998397261921354
ps	moving	0	0	0	0	3	191	0.35656697791981	0.664333280359885	0.998397261921354
ps	moving	0	0	0	0	3	189	0.35656697791981	0.664333280359885	0.998397261921354
ps	moving	0	0	0	0	4	262	0.366281702627534	0.664481277762277	0.998243962961327
ps	moving	0	0	0	0	4	262	0.366281702627534	0.664481277762277	0.998243962961327
ps	moving	0	0	0	0	4	250	0.366281702627534	0.664481277762277	0.998243962961327
ps	moving	0	0	0	0	4	260	0.366281702627534	0.664481277762277	0.998243962961327
ps	moving	0	0	0	0	4	261	0.366281702627534	0.664481277762277	0.998243962961327
ps	moving	0	0	0	0	5	321	0.372051290871446	0.664745132464658	0.999704067139143
ps	moving	0	0	0	0	5	306	0.372051290871446	0.664745132464658	0.999704067139143
ps	moving	0	0	0	0	5	318	0.372051290871446	0.664745132464658	0.999704067139143
ps	moving	0	0	0	0	5	309	0.372051290871446	0.664745132464658	0.999704067139143
ps	moving	0	0	0	0	5	316	0.372051290871446	0.664745132464658	0.999704067139143
ps	moving	0	0	0	0	6	383	0.375901401529132	0.664989253956834	0.998574459088463
ps	moving	0	0	0	0	6	373	0.375901401529132	0.664989253956834	0.998574459088463
ps	moving	0	0	0	0	6	390	0.375901401529132	0.664989253956834	0.998574459088463
ps	moving	0	0	0	0	6	386	0.375901401529132	0.664989253956834	0.998574459088463
ps	moving	0	0	0	0	6	379	0.375901401529132	0.664989253956834	0.998574459088463
ps	moving	0	0	0	0	7	451	0.378660543474671	0.665197727650332	0.997773590197892
ps	moving	0	0	0	0	7	438	0.378660543474671	0.665197727650332	0.997773590197892
ps	moving	0	0	0	0	7	457	0.378660543474671	0.665197727650332	0.997773590197892
ps	moving	0	0	0	0	7	457	0.378660543474671	0.665197727650332	0.997773590197892
ps	moving	0	0	0	0	7	455	0.378660543474671	0.665197727650332	0.997773590197892
ps	moving	0	0	0	0	8	509	0.380737289858457	0.665362737272477	0.997176863975766
ps	moving	0	0	0	0	8	528	0.380737289858457	0.665362737272477	0.997176863975766
ps	moving	0	0	0	0	8	499	0.380737289858457	0.665362737272477	0.997176863975766
ps	moving	0	0	0	0	8	511	0.380737289858457	0.665362737272477	0.997176863975766
ps	moving	0	0	0	0	8	514	0.380737289858457	0.665362737272477	0.997176863975766
ps	moving	0	0	0	0	9	581	0.382357900194592	0.665501983833103	0.996715357223367
ps	moving	0	0	0	0	9	553	0.382357900194592	0.665501983833103	0.996715357223367
ps	moving	0	0	0	0	9	584	0.382357900194592	0.665501983833103	0.996715357223367
ps	moving	0	0	0	0	9	573	0.382357900194592	0.665501983833103	0.996715357223367
ps	moving	0	0	0	0	9	551	0.382357900194592	0.665501983833103	0.996715357223367
ps	moving	0	0	0	0	10	635	0.383658219414595	0.66561890171888	0.996347939801867
ps	moving	0	0	0	0	10	641	0.383658219414595	0.66561890171888	0.996347939801867
ps	moving	0	0	0	0	10	634	0.383658219414595	0.66561890171888	0.996347939801867
ps	moving	0	0	0	0	10	627	0.383658219414595	0.66561890171888	0.996347939801867
ps	moving	0	0	0	0	10	642	0.383658219414595	0.66561890171888	0.996347939801867
ps	moving	0	0	0	0	12	772	0.385615783133054	0.665799723493472	0.995800025741877
ps	moving	0	0	0	0	12	755	0.385615783133054	0.665799723493472	0.995800025741877
ps	moving	0	0	0	0	12	744	0.385615783133054	0.665799723493472	0.995800025741877
ps	moving	0	0	0	0	12	765	0.385615783133054	0.665799723493472	0.995800025741877
ps	moving	0	0	0	0	12	744	0.385615783133054	0.665799723493472	0.995800025741877
ps	moving	0	0	0	0	14	874	0.387019719700348	0.665932298573578	0.99541118305705
ps	moving	0	0	0	0	14	876	0.387019719700348	0.665932298573578	0.99541118305705
ps	moving	0	0	0	0	14	1010	0.387019719700348	0.665932298573578	0.99541118305705
ps	moving	0	0	0	0	14	880	0.387019719700348	0.665932298573578	0.99541118305705
ps	moving	0	0	0	0	14	887	0.387019719700348	0.665932298573578	0.99541118305705
ps	moving	0	0	0	0	16	1015	0.388076012625312	0.666036867043384	0.995121017864696
ps	moving	0	0	0	0	16	1026	0.388076012625312	0.666036867043384	0.995121017864696
ps	moving	0	0	0	0	16	1013	0.388076012625312	0.666036867043384	0.995121017864696
ps	moving	0	0	0	0	16	999	0.388076012625312	0.666036867043384	0.995121017864696
ps	moving	0	0	0	0	16	1003	0.388076012625312	0.666036867043384	0.995121017864696
ps	moving	0	0	0	0	18	1147	0.388899654148293	0.66612173882421	0.994896241421674
ps	moving	0	0	0	0	18	1141	0.388899654148293	0.66612173882421	0.994896241421674
ps	moving	0	0	0	0	18	1115	0.388899654148293	0.66612173882421	0.994896241421674
ps	moving	0	0	0	0	18	1135	0.388899654148293	0.66612173882421	0.994896241421674
ps	moving	0	0	0	0	18	1131	0.388899654148293	0.66612173882421	0.994896241421674
ps	moving	0	0	0	0	20	1264	0.389559926049716	0.666191653078209	0.994717010903418
ps	moving	0	0	0	0	20	1271	0.389559926049716	0.666191653078209	0.994717010903418
ps	moving	0	0	0	0	20	1265	0.389559926049716	0.666191653078209	0.994717010903418
ps	moving	0	0	0	0	20	1264	0.389559926049716	0.666191653078209	0.994717010903418
ps	moving	0	0	0	0	20	1261	0.389559926049716	0.666191653078209	0.994717010903418
ds	none	0	0	0	0	1	353	-0.0454490118761059	nan	0.991977164632287
ds	none	0	0	0	0	1	338	-0.0454490118761059	nan	0.991977164632287
ds	none	0	0	0	0	1	363	-0.0454490118761059	nan	0.991977164632287
ds	none	0	0	0	0	1	347	-0.0454490118761059	nan	0.991977164632287
ds	none	0	0	0	0	1	440	-0.0454490118761059	nan	0.991977164632287
ds	none	0	0	0	0	2	766	0.0535972683776434	0.655091769731661	0.989021089964102
ds	none	0	0	0	0	2	664	0.0535972683776434	0.655091769731661	0.989021089964102
ds	none	0	0	0	0	2	653	0.0535972683776434	0.655091769731661	0.989021089964102
ds	none	0	0	0	0	2	653	0.0535972683776434	0.655091769731661	0.989021089964102
ds	none	0	0	0	0	2	659	0.0535972683776434	0.655091769731661	0.989021089964102
ds	none	0	0	0	0	3	985	0.121543846483816	0.659189008935998	0.998886322374112
ds	none	0	0	0	0	3	984	0.121543846483816	0.659189008935998	0.998886322374112
ds	none	0	0	0	0	3	981	0.121543846483816	0.659189008935998	0.998886322374112
ds	none	0	0	0	0	3	972	0.121543846483816	0.659189008935998	0.998886322374112
ds	none	0	0	0	0	3	1132	0.121543846483816	0.659189008935998	0.998886322374112
ds	none	0	0	0	0	4	1631	0.146133998443606	0.660293230795598	0.996462648764025
ds	none	0	0	0	0	4	1649	0.146133998443606	0.660293230795598	0.996462648764025
ds	none	0	0	0	0	4	1372	0.146133998443606	0.660293230795598	0.996462648764025
ds	none	0	0	0	0	4	1335	0.146133998443606	0.660293230795598	0.996462648764025
ds	none	0	0	0	0	4	1335	0.146133998443606	0.660293230795598	0.996462648764025
ds	none	0	0	0	0	5	1665	0.158528930379448	0.660659575590188	0.998168043564301
ds	none	0	0	0	0	5	1642	0.158528930379448	0.660659575590188	0.998168043564301
ds	none	0	0	0	0	5	1647	0.158528930379448	0.660659575590188	0.998168043564301
ds	none	0	0	0	0	5	1624	0.158528930379448	0.660659575590188	0.998168043564301
ds	none	0	0	0	0	5	1627	0.158528930379448	0.660659575590188	0.998168043564301
ds	none	0	0	0	0	6	1949	0.164123819695225	0.660791628686605	0.998640388771019
ds	none	0	0	0	0	6	1963	0.164123819695225	0.660791628686605	0.998640388771019
ds	none	0	0	0	0	6	1952	0.164123819695225	0.660791628686605	0.998640388771019
ds	none	0	0	0	0	6	1937	0.164123819695225	0.660791628686605	0.998640388771019
ds	none	0	0	0	0	6	1929	0.164123819695225	0.660791628686605	0.998640388771019
ds	none	0	0	0	0	7	2269	0.168108048371469	0.660816976748808	0.999032483754257
ds	none	0	0	0	0	7	2276	0.168108048371469	0.660816976748808	0.999032483754257
ds	none	0	0	0	0	7	2288	0.168108048371469	0.660816976748808	0.999032483754257
ds	none	0	0	0	0	7	2282	0.168108048371469	0.660816976748808	0.999032483754257
ds	none	0	0	0	0	7	2269	0.168108048371469	0.660816976748808	0.999032483754257
ds	none	0	0	0	0	8	2577	0.171073335350428	0.660797559506055	0.997768350730557
ds	none	0	0	0	0	8	2597	0.171073335350428	0.660797559506055	0.997768350730557
ds	none	0	0	0	0	8	2596	0.171073335350428	0.660797559506055	0.997768350730557
ds	none	0	0	0	0	8	2578	0.171073335350428	0.660797559506055	0.997768350730557
ds	none	0	0	0	0	8	2599	0.171073335350428	0.660797559506055	0.997768350730557
ds	none	0	0	0	0	9	2921	0.173360819642093	0.6607677374722	0.99658908901837
ds	none	0	0	0	0	9	2909	0.173360819642093	0.6607677374722	0.99658908901837
ds	none	0	0	0	0	9	2903	0.173360819642093	0.6607677374722	0.99658908901837
ds	none	0	0	0	0	9	2922	0.173360819642093	0.6607677374722	0.99658908901837
ds	none	0	0	0	0	9	2941	0.173360819642093	0.6607677374722	0.99658908901837
ds	none	0	0	0	0	10	3253	0.175176998465964	0.66073718703893	0.996162236777509
ds	none	0	0	0	0	10	3227	0.175176998465964	0.66073718703893	0.996162236777509
ds	none	0	0	0	0	10	3234	0.175176998465964	0.66073718703893	0.996162236777509
ds	none	0	0	0	0	10	3239	0.175176998465964	0.66073718703893	0.996162236777509
ds	none	0	0	0	0	10	3228	0.175176998465964	0.66073718703893	0.996162236777509
ds	none	0	0	0	0	12	3876	0.177875979967309	0.660675380412009	0.995510877477002
ds	none	0	0	0	0	12	3902	0.177875979967309	0.660675380412009	0.995510877477002
ds	none	0	0	0	0	12	3859	0.177875979967309	0.660675380412009	0.995510877477002
ds	none	0	0	0	0	12	3864	0.177875979967309	0.660675380412009	0.995510877477002
ds	none	0	0	0	0	12	3885	0.177875979967309	0.660675380412009	0.995510877477002
ds	none	0	0	0	0	14	4518	0.179784158590216	0.660621963995509	0.995037204769399
ds	none	0	0	0	0	14	4537	0.179784158590216	0.660621963995509	0.995037204769399
ds	none	0	0	0	0	14	4697	0.179784158590216	0.660621963995509	0.995037204769399
ds	none	0	0	0	0	14	4532	0.179784158590216	0.660621963995509	0.995037204769399
ds	none	0	0	0	0	14	4514	0.179784158590216	0.660621963995509	0.995037204769399
ds	none	0	0	0	0	16	5180	0.181204194664201	0.660575731571701	0.995456463203752
ds	none	0	0	0	0	16	5179	0.181204194664201	0.660575731571701	0.995456463203752
ds	none	0	0	0	0	16	5193	0.181204194664201	0.660575731571701	0.995456463203752
ds	none	0	0	0	0	16	5236	0.181204194664201	0.660575731571701	0.995456463203752
ds	none	0	0	0	0	16	5189	0.181204194664201	0.660575731571701	0.995456463203752
ds	none	0	0	0	0	18	5843	0.182302021084487	0.66053156252905	0.996441321260182
ds	none	0	0	0	0	18	5836	0.182302021084487	0.66053156252905	0.996441321260182
ds	none	0	0	0	0	18	5783	0.182302021084487	0.66053156252905	0.996441321260182
ds	none	0	0	0	0	18	5821	0.182302021084487	0.66053156252905	0.996441321260182
ds	none	0	0	0	0	18	5848	0.182302021084487	0.66053156252905	0.996441321260182
ds	none	0	0	0	0	20	6433	0.183176088773253	0.660494603108865	0.997235769134228
ds	none	0	0	0	0	20	6456	0.183176088773253	0.660494603108865	0.997235769134228
ds	none	0	0	0	0	20	6466	0.183176088773253	0.660494603108865	0.997235769134228
ds	none	0	0	0	0	20	6419	0.183176088773253	0.660494603108865	0.997235769134228
ds	none	0	0	0	0	20	6508	0.183176088773253	0.660494603108865	0.997235769134228
ds	periodic	0	0	0	0	1	360	-0.0944933853252121	nan	0.997712212309519
ds	periodic	0	0	0	0	1	354	-0.0944933853252121	nan	0.997712212309519
ds	periodic	0	0	0	0	1	359	-0.0944933853252121	nan	0.997712212309519
ds	periodic	0	0	0	0	1	355	-0.0944933853252121	nan	0.997712212309519
ds	periodic	0	0	0	0	1	344	-0.0944933853252121	nan	0.997712212309519
ds	periodic	0	0	0	0	2	657	0.013388036649866	0.648367983575746	0.998796455677812
ds	periodic	0	0	0	0	2	673	0.013388036649866	0.648367983575746	0.998796455677812
ds	periodic	0	0	0	0	2	653	0.013388036649866	0.648367983575746	0.998796455677812
ds	periodic	0	0	0	0	2	676	0.013388036649866	0.648367983575746	0.998796455677812
ds	periodic	0	0	0	0	2	659	0.013388036649866	0.648367983575746	0.998796455677812
ds	periodic	0	0	0	0	3	1011	0.145162699814172	0.645116583833187	0.996192811025468
ds	periodic	0	0	0	0	3	987	0.145162699814172	0.645116583833187	0.996192811025468
ds	periodic	0	0	0	0	3	1008	0.145162699814172	0.645116583833187	0.996192811025468
ds	periodic	0	0	0	0	3	1009	0.145162699814172	0.645116583833187	0.996192811025468
ds	periodic	0	0	0	0	3	988	0.145162699814172	0.645116583833187	0.996192811025468
ds	periodic	0	0	0	0	4	1340	0.180607850826506	0.641368047844292	0.989860196455945
ds	periodic	0	0	0	0	4	1319	0.180607850826506	0.641368047844292	0.989860196455945
ds	periodic	0	0	0	0	4	1316	0.180607850826506	0.641368047844292	0.989860196455945
ds	periodic	0	0	0	0	4	1284	0.180607850826506	0.641368047844292	0.989860196455945
ds	periodic	0	0	0	0	4	1323	0.180607850826506	0.641368047844292	0.989860196455945
ds	periodic	0	0	0	0	5	1622	0.193743977537295	0.638943453624881	0.996068945608185
ds	periodic	0	0	0	0	5	1660	0.193743977537295	0.638943453624881	0.996068945608185
ds	periodic	0	0	0	0	5	1654	0.193743977537295	0.638943453624881	0.996068945608185
ds	periodic	0	0	0	0	5	1638	0.193743977537295	0.638943453624881	0.996068945608185
ds	periodic	0	0	0	0	5	1638	0.193743977537295	0.638943453624881	0.996068945608185
ds	periodic	0	0	0	0	6	1962	0.200277926301618	0.637220870750028	0.997604298714093
ds	periodic	0	0	0	0	6	1980	0.200277926301618	0.637220870750028	0.997604298714093
ds	periodic	0	0	0	0	6	1972	0.200277926301618	0.637220870750028	0.997604298714093
ds	periodic	0	0	0	0	6	1984	0.200277926301618	0.637220870750028	0.997604298714093
ds	periodic	0	0	0	0	6	1997	0.200277926301618	0.637220870750028	0.997604298714093
ds	periodic	0	0	0	0	7	2296	0.204416818226605	0.635914790466938	0.992897472807225
ds	periodic	0	0	0	0	7	2330	0.204416818226605	0.635914790466938	0.992897472807225
ds	periodic	0	0	0	0	7	2328	0.204416818226605	0.635914790466938	0.992897472807225
ds	periodic	0	0	0	0	7	2284	0.204416818226605	0.635914790466938	0.992897472807225
ds	periodic	0	0	0	0	7	2314	0.204416818226605	0.635914790466938	0.992897472807225
ds	periodic	0	0	0	0	8	2637	0.207644494788177	0.634870879503832	0.990831456901912
ds	periodic	0	0	0	0	8	2595	0.207644494788177	0.634870879503832	0.990831456901912
ds	periodic	0	0	0	0	8	2639	0.207644494788177	0.634870879503832	0.990831456901912
ds	periodic	0	0	0	0	8	2615	0.207644494788177	0.634870879503832	0.990831456901912
ds	periodic	0	0	0	0	8	2619	0.207644494788177	0.634870879503832	0.990831456901912
ds	periodic	0	0	0	0	9	2928	0.210214586095868	0.634054977367117	0.994144259110108
ds	periodic	0	0	0	0	9	2931	0.210214586095868	0.634054977367117	0.994144259110108
ds	periodic	0	0	0	0	9	2952	0.210214586095868	0.634054977367117	0.994144259110108
ds	periodic	0	0	0	0	9	2955	0.210214586095868	0.634054977367117	0.994144259110108
ds	periodic	0	0	0	0	9	2930	0.210214586095868	0.634054977367117	0.994144259110108
ds	periodic	0	0	0	0	10	3223	0.212302152163218	0.633381320154884	0.994199706160777
ds	periodic	0	0	0	0	10	3300	0.212302152163218	0.633381320154884	0.994199706160777
ds	periodic	0	0	0	0	10	3279	0.212302152163218	0.633381320154884	0.994199706160777
ds	periodic	0	0	0	0	10	3275	0.212302152163218	0.633381320154884	0.994199706160777
ds	periodic	0	0	0	0	10	3258	0.212302152163218	0.633381320154884	0.994199706160777
ds	periodic	0	0	0	0	12	3915	0.215476936828951	0.632283416851831	0.993737120321306
ds	periodic	0	0	0	0	12	3960	0.215476936828951	0.632283416851831	0.993737120321306
ds	periodic	0	0	0	0	12	3934	0.215476936828951	0.632283416851831	0.993737120321306
ds	periodic	0	0	0	0	12	3927	0.215476936828951	0.632283416851831	0.993737120321306
ds	periodic	0	0	0	0	12	3923	0.215476936828951	0.632283416851831	0.993737120321306
ds	periodic	0	0	0	0	14	4544	0.217770792819739	0.631435072707072	0.994688982512449
ds	periodic	0	0	0	0	14	4598	0.217770792819739	0.631435072707072	0.994688982512449
ds	periodic	0	0	0	0	14	4632	0.217770792819739	0.631435072707072	0.994688982512449
ds	periodic	0	0	0	0	14	4598	0.217770792819739	0.631435072707072	0.994688982512449
ds	periodic	0	0	0	0	14	4574	0.217770792819739	0.631435072707072	0.994688982512449
ds	periodic	0	0	0	0	16	5201	0.219502788501151	0.630795151809137	0.995405656854195
ds	periodic	0	0	0	0	16	5272	0.219502788501151	0.630795151809137	0.995405656854195
ds	periodic	0	0	0	0	16	5247	0.219502788501151	0.630795151809137	0.995405656854195
ds	periodic	0	0	0	0	16	5212	0.219502788501151	0.630795151809137	0.995405656854195
ds	periodic	0	0	0	0	16	5233	0.219502788501151	0.630795151809137	0.995405656854195
ds	periodic	0	0	0	0	18	5840	0.220855699309486	0.630313174576085	0.995964777719344
ds	periodic	0	0	0	0	18	5867	0.220855699309486	0.630313174576085	0.995964777719344
ds	periodic	0	0	0	0	18	5889	0.220855699309486	0.630313174576085	0.995964777719344
ds	periodic	0	0	0	0	18	5870	0.220855699309486	0.630313174576085	0.995964777719344
ds	periodic	0	0	0	0	18	5839	0.220855699309486	0.630313174576085	0.995964777719344
ds	periodic	0	0	0	0	20	6527	0.221941202125189	0.629931476670318	0.996413180471604
ds	periodic	0	0	0	0	20	6526	0.221941202125189	0.629931476670318	0.996413180471604
ds	periodic	0	0	0	0	20	7133	0.221941202125189	0.629931476670318	0.996413180471604
ds	periodic	0	0	0	0	20	6600	0.221941202125189	0.629931476670318	0.996413180471604
ds	periodic	0	0	0	0	20	6584	0.221941202125189	0.629931476670318	0.996413180471604
ds	fixed	0	0	0	0	1	119	0.0124828635647802	nan	0.998368781111303
ds	fixed	0	0	0	0	1	109	0.0124828635647802	nan	0.998368781111303
ds	fixed	0	0	0	0	1	104	0.0124828635647802	nan	0.998368781111303
ds	fixed	0	0	0	0	1	107	0.0124828635647802	nan	0.998368781111303
ds	fixed	0	0	0	0	1	108	0.0124828635647802	nan	0.998368781111303
ds	fixed	0	0	0	0	2	213	0.261159664334814	0.675534935033001	0.993081111717481
ds	fixed	0	0	0	0	2	225	0.261159664334814	0.675534935033001	0.993081111717481
ds	fixed	0	0	0	0	2	207	0.261159664334814	0.675534935033001	0.993081111717481
ds	fixed	0	0	0	0	2	241	0.261159664334814	0.675534935033001	0.993081111717481
ds	fixed	0	0	0	0	2	218	0.261159664334814	0.675534935033001	0.993081111717481
ds	fixed	0	0	0	0	3	310	0.288413730956108	0.677975692389033	0.996771748721487
ds	fixed	0	0	0	0	3	311	0.288413730956108	0.677975692389033	0.996771748721487
ds	fixed	0	0	0	0	3	309	0.288413730956108	0.677975692389033	0.996771748721487
ds	fixed	0	0	0	0	3	304	0.288413730956108	0.677975692389033	0.996771748721487
ds	fixed	0	0	0	0	3	309	0.288413730956108	0.677975692389033	0.996771748721487
ds	fixed	0	0	0	0	4	408	0.301142267941147	0.679465400187481	0.997967368460952
ds	fixed	0	0	0	0	4	397	0.301142267941147	0.679465400187481	0.997967368460952
ds	fixed	0	0	0	0	4	399	0.301142267941147	0.679465400187481	0.997967368460952
ds	fixed	0	0	0	0	4	407	0.301142267941147	0.679465400187481	0.997967368460952
ds	fixed	0	0	0	0	4	413	0.301142267941147	0.679465400187481	0.997967368460952
ds	fixed	0	0	0	0	5	510	0.308058286197411	0.680405063500486	0.998040664861178
ds	fixed	0	0	0	0	5	515	0.308058286197411	0.680405063500486	0.998040664861178
ds	fixed	0	0	0	0	5	508	0.308058286197411	0.680405063500486	0.998040664861178
ds	fixed	0	0	0	0	5	505	0.308058286197411	0.680405063500486	0.998040664861178
ds	fixed	0	0	0	0	5	512	0.308058286197411	0.680405063500486	0.998040664861178
ds	fixed	0	0	0	0	6	611	0.312324846628646	0.681031549865615	0.998832395075907
ds	fixed	0	0	0	0	6	611	0.312324846628646	0.681031549865615	0.998832395075907
ds	fixed	0	0	0	0	6	598	0.312324846628646	0.681031549865615	0.998832395075907
ds	fixed	0	0	0	0	6	614	0.312324846628646	0.681031549865615	0.998832395075907
ds	fixed	0	0	0	0	6	594	0.312324846628646	0.681031549865615	0.998832395075907
ds	fixed	0	0	0	0	7	717	0.315200111834995	0.681456889683417	0.997888698517869
ds	fixed	0	0	0	0	7	698	0.315200111834995	0.681456889683417	0.997888698517869
ds	fixed	0	0	0	0	7	707	0.315200111834995	0.681456889683417	0.997888698517869
ds	fixed	0	0	0	0	7	684	0.315200111834995	0.681456889683417	0.997888698517869
ds	fixed	0	0	0	0	7	686	0.315200111834995	0.681456889683417	0.997888698517869
ds	fixed	0	0	0	0	8	779	0.317262451927309	0.681753985016206	0.997191544337975
ds	fixed	0	0	0	0	8	812	0.317262451927309	0.681753985016206	0.997191544337975
ds	fixed	0	0	0	0	8	795	0.317262451927309	0.681753985016206	0.997191544337975
ds	fixed	0	0	0	0	8	807	0.317262451927309	0.681753985016206	0.997191544337975
ds	fixed	0	0	0	0	8	781	0.317262451927309	0.681753985016206	0.997191544337975
ds	fixed	0	0	0	0	9	906	0.318811112319976	0.681992223842019	0.996656395180837
ds	fixed	0	0	0	0	9	869	0.318811112319976	0.681992223842019	0.996656395180837
ds	fixed	0	0	0	0	9	902	0.318811112319976	0.681992223842019	0.996656395180837
ds	fixed	0	0	0	0	9	893	0.318811112319976	0.681992223842019	0.996656395180837
ds	fixed	0	0	0	0	9	913	0.318811112319976	0.681992223842019	0.996656395180837
ds	fixed	0	0	0	0	10	1007	0.32001543450965	0.682185532450402	0.996972554470735
ds	fixed	0	0	0	0	10	999	0.32001543450965	0.682185532450402	0.996972554470735
ds	fixed	0	0	0	0	10	1002	0.32001543450965	0.682185532450402	0.996972554470735
ds	fixed	0	0	0	0	10	1006	0.32001543450965	0.682185532450402	0.996972554470735
ds	fixed	0	0	0	0	10	1001	0.32001543450965	0.682185532450402	0.996972554470735
ds	fixed	0	0	0	0	12	1214	0.321519248691814	0.68248324028784	0.998482167105152
ds	fixed	0	0	0	0	12	1187	0.321519248691814	0.68248324028784	0.998482167105152
ds	fixed	0	0	0	0	12	1207	0.321519248691814	0.68248324028784	0.998482167105152
ds	fixed	0	0	0	0	12	1199	0.321519248691814	0.68248324028784	0.998482167105152
ds	fixed	0	0	0	0	12	1194	0.321519248691814	0.68248324028784	0.998482167105152
ds	fixed	0	0	0	0	14	1407	0.322422183956609	0.682693693033908	0.999542796225355
ds	fixed	0	0	0	0	14	1396	0.322422183956609	0.682693693033908	0.999542796225355
ds	fixed	0	0	0	0	14	1401	0.322422183956609	0.682693693033908	0.999542796225355
ds	fixed	0	0	0	0	14	1411	0.322422183956609	0.682693693033908	0.999542796225355
ds	fixed	0	0	0	0	14	1407	0.322422183956609	0.682693693033908	0.999542796225355
ds	fixed	0	0	0	0	16	1578	0.323083657679569	0.682849239555842	0.998844900358599
ds	fixed	0	0	0	0	16	1584	0.323083657679569	0.682849239555842	0.998844900358599
ds	fixed	0	0	0	0	16	1610	0.323083657679569	0.682849239555842	0.998844900358599
ds	fixed	0	0	0	0	16	1601	0.323083657679569	0.682849239555842	0.998844900358599
ds	fixed	0	0	0	0	16	1592	0.323083657679569	0.682849239555842	0.998844900358599
ds	fixed	0	0	0	0	18	1803	0.323588930635572	0.682972424140799	0.998236734218688
ds	fixed	0	0	0	0	18	1822	0.323588930635572	0.682972424140799	0.998236734218688
ds	fixed	0	0	0	0	18	1786	0.323588930635572	0.682972424140799	0.998236734218688
ds	fixed	0	0	0	0	18	1801	0.323588930635572	0.682972424140799	0.998236734218688
ds	fixed	0	0	0	0	18	1784	0.323588930635572	0.682972424140799	0.998236734218688
ds	fixed	0	0	0	0	20	1989	0.323987405982742	0.683073202426604	0.997754257776625
ds	fixed	0	0	0	0	20	2000	0.323987405982742	0.683073202426604	0.997754257776625
ds	fixed	0	0	0	0	20	2005	0.323987405982742	0.683073202426604	0.997754257776625
ds	fixed	0	0	0	0	20	1972	0.323987405982742	0.683073202426604	0.997754257776625
ds	fixed	0	0	0	0	20	1968	0.323987405982742	0.683073202426604	0.997754257776625
ds	moving	0	0	0	0	1	113	0.261965206599139	0.679657803128809	0.997912974257447
ds	moving	0	0	0	0	1	109	0.261965206599139	0.679657803128809	0.997912974257447
ds	moving	0	0	0	0	1	106	0.261965206599139	0.679657803128809	0.997912974257447
ds	moving	0	0	0	0	1	104	0.261965206599139	0.679657803128809	0.997912974257447
ds	moving	0	0	0	0	1	106	0.261965206599139	0.679657803128809	0.997912974257447
ds	moving	0	0	0	0	2	231	0.335333254461784	0.665081675071147	0.998424988430579
ds	moving	0	0	0	0	2	223	0.335333254461784	0.665081675071147	0.998424988430579
ds	moving	0	0	0	0	2	216	0.335333254461784	0.665081675071147	0.998424988430579
ds	moving	0	0	0	0	2	208	0.335333254461784	0.665081675071147	0.998424988430579
ds	moving	0	0	0	0	2	209	0.335333254461784	0.665081675071147	0.998424988430579
ds	moving	0	0	0	0	3	316	0.356566977919778	0.664333280359873	0.998397261921291
ds	moving	0	0	0	0	3	312	0.356566977919778	0.664333280359873	0.998397261921291
ds	moving	0	0	0	0	3	304	0.356566977919778	0.664333280359873	0.998397261921291
ds	moving	0	0	0	0	3	303	0.356566977919778	0.664333280359873	0.998397261921291
ds	moving	0	0	0	0	3	303	0.356566977919778	0.664333280359873	0.998397261921291
ds	moving	0	0	0	0	4	412	0.366281702627404	0.66448127776229	0.998243962961397
ds	moving	0	0	0	0	4	401	0.366281702627404	0.66448127776229	0.998243962961397
ds	moving	0	0	0	0	4	391	0.366281702627404	0.66448127776229	0.998243962961397
ds	moving	0	0	0	0	4	406	0.366281702627404	0.66448127776229	0.998243962961397
ds	moving	0	0	0	0	4	403	0.366281702627404	0.66448127776229	0.998243962961397
ds	moving	0	0	0	0	5	506	0.372051290871496	0.664745132464654	0.999704067139033
ds	moving	0	0	0	0	5	506	0.372051290871496	0.664745132464654	0.999704067139033
ds	moving	0	0	0	0	5	499	0.372051290871496	0.664745132464654	0.999704067139033
ds	moving	0	0	0	0	5	504	0.372051290871496	0.664745132464654	0.999704067139033
ds	moving	0	0	0	0	5	512	0.372051290871496	0.664745132464654	0.999704067139033
ds	moving	0	0	0	0	6	617	0.375901401529033	0.664989253956848	0.998574459088369
ds	moving	0	0	0	0	6	610	0.375901401529033	0.664989253956848	0.998574459088369
ds	moving	0	0	0	0	6	612	0.375901401529033	0.664989253956848	0.998574459088369
ds	moving	0	0	0	0	6	607	0.375901401529033	0.664989253956848	0.998574459088369
ds	moving	0	0	0	0	6	602	0.375901401529033	0.664989253956848	0.998574459088369
ds	moving	0	0	0	0	7	713	0.378660543474603	0.665197727650319	0.997773590198059
ds	moving	0	0	0	0	7	703	0.378660543474603	0.665197727650319	0.997773590198059
ds	moving	0	0	0	0	7	711	0.378660543474603	0.665197727650319	0.997773590198059
ds	moving	0	0	0	0	7	710	0.378660543474603	0.665197727650319	0.997773590198059
ds	moving	0	0	0	0	7	702	0.378660543474603	0.665197727650319	0.997773590198059
ds	moving	0	0	0	0	8	776	0.380737289858432	0.665362737272515	0.997176863975578
ds	moving	0	0	0	0	8	808	0.380737289858432	0.665362737272515	0.997176863975578
ds	moving	0	0	0	0	8	795	0.380737289858432	0.665362737272515	0.997176863975578
ds	moving	0	0	0	0	8	816	0.380737289858432	0.665362737272515	0.997176863975578
ds	moving	0	0	0	0	8	817	0.380737289858432	0.665362737272515	0.997176863975578
ds	moving	0	0	0	0	9	901	0.382357900194591	0.665501983833116	0.996715357223366
ds	moving	0	0	0	0	9	907	0.382357900194591	0.665501983833116	0.996715357223366
ds	moving	0	0	0	0	9	901	0.382357900194591	0.665501983833116	0.996715357223366
ds	moving	0	0	0	0	9	901	0.382357900194591	0.665501983833116	0.996715357223366
ds	moving	0	0	0	0	9	899	0.382357900194591	0.665501983833116	0.996715357223366
ds	moving	0	0	0	0	10	1008	0.383658219414439	0.665618901718947	0.996347939801801
ds	moving	0	0	0	0	10	1007	0.383658219414439	0.665618901718947	0.996347939801801
ds	moving	0	0	0	0	10	1003	0.383658219414439	0.665618901718947	0.996347939801801
ds	moving	0	0	0	0	10	1004	0.383658219414439	0.665618901718947	0.996347939801801
ds	moving	0	0	0	0	10	994	0.383658219414439	0.665618901718947	0.996347939801801
ds	moving	0	0	0	0	12	1191	0.385615783133057	0.665799723493492	0.995800025741848
ds	moving	0	0	0	0	12	1210	0.385615783133057	0.665799723493492	0.995800025741848
ds	moving	0	0	0	0	12	1188	0.385615783133057	0.665799723493492	0.995800025741848
ds	moving	0	0	0	0	12	1208	0.385615783133057	0.665799723493492	0.995800025741848
ds	moving	0	0	0	0	12	1213	0.385615783133057	0.665799723493492	0.995800025741848
ds	moving	0	0	0	0	14	1429	0.387019719700311	0.665932298573589	0.995411183056903
ds	moving	0	0	0	0	14	1415	0.387019719700311	0.665932298573589	0.995411183056903
ds	moving	0	0	0	0	14	1410	0.387019719700311	0.665932298573589	0.995411183056903
ds	moving	0	0	0	0	14	1418	0.387019719700311	0.665932298573589	0.995411183056903
ds	moving	0	0	0	0	14	1403	0.387019719700311	0.665932298573589	0.995411183056903
ds	moving	0	0	0	0	16	1603	0.388076012625349	0.666036867043401	0.995121017864677
ds	moving	0	0	0	0	16	1611	0.388076012625349	0.666036867043401	0.995121017864677
ds	moving	0	0	0	0	16	1602	0.388076012625349	0.666036867043401	0.995121017864677
ds	moving	0	0	0	0	16	1600	0.388076012625349	0.666036867043401	0.995121017864677
ds	moving	0	0	0	0	16	1612	0.388076012625349	0.666036867043401	0.995121017864677
ds	moving	0	0	0	0	18	1799	0.388899654148455	0.666121738824185	0.994896241421818
ds	moving	0	0	0	0	18	1800	0.388899654148455	0.666121738824185	0.994896241421818
ds	moving	0	0	0	0	18	1807	0.388899654148455	0.666121738824185	0.994896241421818
ds	moving	0	0	0	0	18	1796	0.388899654148455	0.666121738824185	0.994896241421818
ds	moving	0	0	0	0	18	1804	0.388899654148455	0.666121738824185	0.994896241421818
ds	moving	0	0	0	0	20	2001	0.389559926049751	0.666191653078228	0.994717010903473
ds	moving	0	0	0	0	20	1976	0.389559926049751	0.666191653078228	0.994717010903473
ds	moving	0	0	0	0	20	2006	0.389559926049751	0.666191653078228	0.994717010903473
ds	moving	0	0	0	0	20	1982	0.389559926049751	0.666191653078228	0.994717010903473
ds	moving	0	0	0	0	20	2000	0.389559926049751	0.666191653078228	0.994717010903473

