sliding type	periodicity type	greedy	doubled edge	tol	tolCrit	steps	cpu time [ms]	Qmin	Qmean	Qmax
none	none	0	0	0	0	1	202	-1.53795609714338	nan	0.991267705097502
none	none	0	0	0	0	1	177	-1.53795609714338	nan	0.991267705097502
none	none	0	0	0	0	1	181	-1.53795609714338	nan	0.991267705097502
none	none	0	0	0	0	1	180	-1.53795609714338	nan	0.991267705097502
none	none	0	0	0	0	1	195	-1.53795609714338	nan	0.991267705097502
none	none	0	0	0	0	2	374	0.0268889701746222	0.542003885015382	0.993385677728492
none	none	0	0	0	0	2	385	0.0268889701746222	0.542003885015382	0.993385677728492
none	none	0	0	0	0	2	374	0.0268889701746222	0.542003885015382	0.993385677728492
none	none	0	0	0	0	2	379	0.0268889701746222	0.542003885015382	0.993385677728492
none	none	0	0	0	0	2	380	0.0268889701746222	0.542003885015382	0.993385677728492
none	none	0	0	0	0	3	544	0.0382976833326703	0.547694759095861	0.993885950936324
none	none	0	0	0	0	3	562	0.0382976833326703	0.547694759095861	0.993885950936324
none	none	0	0	0	0	3	565	0.0382976833326703	0.547694759095861	0.993885950936324
none	none	0	0	0	0	3	551	0.0382976833326703	0.547694759095861	0.993885950936324
none	none	0	0	0	0	3	590	0.0382976833326703	0.547694759095861	0.993885950936324
none	none	0	0	0	0	4	841	0.0436606488230779	0.550885237770302	0.99409708541647
none	none	0	0	0	0	4	809	0.0436606488230779	0.550885237770302	0.99409708541647
none	none	0	0	0	0	4	766	0.0436606488230779	0.550885237770302	0.99409708541647
none	none	0	0	0	0	4	748	0.0436606488230779	0.550885237770302	0.99409708541647
none	none	0	0	0	0	4	718	0.0436606488230779	0.550885237770302	0.99409708541647
none	none	0	0	0	0	5	960	0.046801529543435	0.552916584950828	0.994211183024272
none	none	0	0	0	0	5	969	0.046801529543435	0.552916584950828	0.994211183024272
none	none	0	0	0	0	5	963	0.046801529543435	0.552916584950828	0.994211183024272
none	none	0	0	0	0	5	951	0.046801529543435	0.552916584950828	0.994211183024272
none	none	0	0	0	0	5	955	0.046801529543435	0.552916584950828	0.994211183024272
none	none	0	0	0	0	6	1126	0.048868318058949	0.554310057981143	0.994281985810277
none	none	0	0	0	0	6	1153	0.048868318058949	0.554310057981143	0.994281985810277
none	none	0	0	0	0	6	1206	0.048868318058949	0.554310057981143	0.994281985810277
none	none	0	0	0	0	6	1108	0.048868318058949	0.554310057981143	0.994281985810277
none	none	0	0	0	0	6	1181	0.048868318058949	0.554310057981143	0.994281985810277
none	none	0	0	0	0	7	1421	0.0503349961268423	0.555326931664094	0.994329979876977
none	none	0	0	0	0	7	1567	0.0503349961268423	0.555326931664094	0.994329979876977
none	none	0	0	0	0	7	1518	0.0503349961268423	0.555326931664094	0.994329979876977
none	none	0	0	0	0	7	1360	0.0503349961268423	0.555326931664094	0.994329979876977
none	none	0	0	0	0	7	1365	0.0503349961268423	0.555326931664094	0.994329979876977
none	none	0	0	0	0	8	1487	0.0514304976882802	0.556096047266148	0.994364564662854
none	none	0	0	0	0	8	1584	0.0514304976882802	0.556096047266148	0.994364564662854
none	none	0	0	0	0	8	1569	0.0514304976882802	0.556096047266148	0.994364564662854
none	none	0	0	0	0	8	1543	0.0514304976882802	0.556096047266148	0.994364564662854
none	none	0	0	0	0	8	1555	0.0514304976882802	0.556096047266148	0.994364564662854
none	none	0	0	0	0	9	1654	0.0522798254538865	0.556702098214799	0.99439062759804
none	none	0	0	0	0	9	1684	0.0522798254538865	0.556702098214799	0.99439062759804
none	none	0	0	0	0	9	1668	0.0522798254538865	0.556702098214799	0.99439062759804
none	none	0	0	0	0	9	1708	0.0522798254538865	0.556702098214799	0.99439062759804
none	none	0	0	0	0	9	1664	0.0522798254538865	0.556702098214799	0.99439062759804
none	none	0	0	0	0	10	1941	0.0529574172850619	0.557191915022526	0.994410951269007
none	none	0	0	0	0	10	1979	0.0529574172850619	0.557191915022526	0.994410951269007
none	none	0	0	0	0	10	1779	0.0529574172850619	0.557191915022526	0.994410951269007
none	none	0	0	0	0	10	1981	0.0529574172850619	0.557191915022526	0.994410951269007
none	none	0	0	0	0	10	1978	0.0529574172850619	0.557191915022526	0.994410951269007
none	none	0	0	0	0	12	2290	0.0539703372512542	0.557928140701927	0.994440560144008
none	none	0	0	0	0	12	2318	0.0539703372512542	0.557928140701927	0.994440560144008
none	none	0	0	0	0	12	2267	0.0539703372512542	0.557928140701927	0.994440560144008
none	none	0	0	0	0	12	2331	0.0539703372512542	0.557928140701927	0.994440560144008
none	none	0	0	0	0	12	2308	0.0539703372512542	0.557928140701927	0.994440560144008
none	none	0	0	0	0	14	2671	0.0546910329728145	0.558456740002495	0.994461066462876
none	none	0	0	0	0	14	2647	0.0546910329728145	0.558456740002495	0.994461066462876
none	none	0	0	0	0	14	2602	0.0546910329728145	0.558456740002495	0.994461066462876
none	none	0	0	0	0	14	2733	0.0546910329728145	0.558456740002495	0.994461066462876
none	none	0	0	0	0	14	2692	0.0546910329728145	0.558456740002495	0.994461066462876
none	none	0	0	0	0	16	2957	0.0552298726956007	0.558855900232349	0.994476095336054
none	none	0	0	0	0	16	2885	0.0552298726956007	0.558855900232349	0.994476095336054
none	none	0	0	0	0	16	2870	0.0552298726956007	0.558855900232349	0.994476095336054
none	none	0	0	0	0	16	2834	0.0552298726956007	0.558855900232349	0.994476095336054
none	none	0	0	0	0	16	2828	0.0552298726956007	0.558855900232349	0.994476095336054
none	none	0	0	0	0	18	3172	0.0556479136926953	0.559168294851608	0.994487576894643
none	none	0	0	0	0	18	3167	0.0556479136926953	0.559168294851608	0.994487576894643
none	none	0	0	0	0	18	3164	0.0556479136926953	0.559168294851608	0.994487576894643
none	none	0	0	0	0	18	3126	0.0556479136926953	0.559168294851608	0.994487576894643
none	none	0	0	0	0	18	3133	0.0556479136926953	0.559168294851608	0.994487576894643
none	none	0	0	0	0	20	3498	0.0559816530725836	0.559419435443841	0.994496631566341
none	none	0	0	0	0	20	3484	0.0559816530725836	0.559419435443841	0.994496631566341
none	none	0	0	0	0	20	3513	0.0559816530725836	0.559419435443841	0.994496631566341
none	none	0	0	0	0	20	3499	0.0559816530725836	0.559419435443841	0.994496631566341
none	none	0	0	0	0	20	3466	0.0559816530725836	0.559419435443841	0.994496631566341
none	periodic	0	0	0	0	1	170	-0.0157817455863711	nan	0.999252907170659
none	periodic	0	0	0	0	1	172	-0.0157817455863711	nan	0.999252907170659
none	periodic	0	0	0	0	1	165	-0.0157817455863711	nan	0.999252907170659
none	periodic	0	0	0	0	1	162	-0.0157817455863711	nan	0.999252907170659
none	periodic	0	0	0	0	1	175	-0.0157817455863711	nan	0.999252907170659
none	periodic	0	0	0	0	2	334	-0.0254157194571189	0.542988475129949	0.997037875462685
none	periodic	0	0	0	0	2	341	-0.0254157194571189	0.542988475129949	0.997037875462685
none	periodic	0	0	0	0	2	338	-0.0254157194571189	0.542988475129949	0.997037875462685
none	periodic	0	0	0	0	2	329	-0.0254157194571189	0.542988475129949	0.997037875462685
none	periodic	0	0	0	0	2	331	-0.0254157194571189	0.542988475129949	0.997037875462685
none	periodic	0	0	0	0	3	506	0.0341826712933924	0.539742008265019	0.999423909790438
none	periodic	0	0	0	0	3	502	0.0341826712933924	0.539742008265019	0.999423909790438
none	periodic	0	0	0	0	3	506	0.0341826712933924	0.539742008265019	0.999423909790438
none	periodic	0	0	0	0	3	504	0.0341826712933924	0.539742008265019	0.999423909790438
none	periodic	0	0	0	0	3	493	0.0341826712933924	0.539742008265019	0.999423909790438
none	periodic	0	0	0	0	4	669	0.0500716751358616	0.53712433688393	0.99590780719436
none	periodic	0	0	0	0	4	662	0.0500716751358616	0.53712433688393	0.99590780719436
none	periodic	0	0	0	0	4	678	0.0500716751358616	0.53712433688393	0.99590780719436
none	periodic	0	0	0	0	4	656	0.0500716751358616	0.53712433688393	0.99590780719436
none	periodic	0	0	0	0	4	655	0.0500716751358616	0.53712433688393	0.99590780719436
none	periodic	0	0	0	0	5	814	0.0583493507876531	0.535814806759216	0.997067279144886
none	periodic	0	0	0	0	5	822	0.0583493507876531	0.535814806759216	0.997067279144886
none	periodic	0	0	0	0	5	815	0.0583493507876531	0.535814806759216	0.997067279144886
none	periodic	0	0	0	0	5	808	0.0583493507876531	0.535814806759216	0.997067279144886
none	periodic	0	0	0	0	5	815	0.0583493507876531	0.535814806759216	0.997067279144886
none	periodic	0	0	0	0	6	987	0.0634699645725035	0.534620210569096	0.997342861518891
none	periodic	0	0	0	0	6	988	0.0634699645725035	0.534620210569096	0.997342861518891
none	periodic	0	0	0	0	6	989	0.0634699645725035	0.534620210569096	0.997342861518891
none	periodic	0	0	0	0	6	973	0.0634699645725035	0.534620210569096	0.997342861518891
none	periodic	0	0	0	0	6	991	0.0634699645725035	0.534620210569096	0.997342861518891
none	periodic	0	0	0	0	7	1137	0.0669559072584165	0.533595021117452	0.995818935078546
none	periodic	0	0	0	0	7	1136	0.0669559072584165	0.533595021117452	0.995818935078546
none	periodic	0	0	0	0	7	1151	0.0669559072584165	0.533595021117452	0.995818935078546
none	periodic	0	0	0	0	7	1147	0.0669559072584165	0.533595021117452	0.995818935078546
none	periodic	0	0	0	0	7	1158	0.0669559072584165	0.533595021117452	0.995818935078546
none	periodic	0	0	0	0	8	1275	0.0694831951142224	0.532809848818437	0.994669726025158
none	periodic	0	0	0	0	8	1296	0.0694831951142224	0.532809848818437	0.994669726025158
none	periodic	0	0	0	0	8	1283	0.0694831951142224	0.532809848818437	0.994669726025158
none	periodic	0	0	0	0	8	1307	0.0694831951142224	0.532809848818437	0.994669726025158
none	periodic	0	0	0	0	8	1298	0.0694831951142224	0.532809848818437	0.994669726025158
none	periodic	0	0	0	0	9	1469	0.0713998283007661	0.532229866058222	0.996756122324758
none	periodic	0	0	0	0	9	1478	0.0713998283007661	0.532229866058222	0.996756122324758
none	periodic	0	0	0	0	9	1475	0.0713998283007661	0.532229866058222	0.996756122324758
none	periodic	0	0	0	0	9	1493	0.0713998283007661	0.532229866058222	0.996756122324758
none	periodic	0	0	0	0	9	1468	0.0713998283007661	0.532229866058222	0.996756122324758
none	periodic	0	0	0	0	10	1627	0.0729034828408112	0.531769704826618	0.994531725332807
none	periodic	0	0	0	0	10	1630	0.0729034828408112	0.531769704826618	0.994531725332807
none	periodic	0	0	0	0	10	1621	0.0729034828408112	0.531769704826618	0.994531725332807
none	periodic	0	0	0	0	10	1627	0.0729034828408112	0.531769704826618	0.994531725332807
none	periodic	0	0	0	0	10	1648	0.0729034828408112	0.531769704826618	0.994531725332807
none	periodic	0	0	0	0	12	1940	0.075111529044304	0.531094439470532	0.996090899352897
none	periodic	0	0	0	0	12	1973	0.075111529044304	0.531094439470532	0.996090899352897
none	periodic	0	0	0	0	12	1952	0.075111529044304	0.531094439470532	0.996090899352897
none	periodic	0	0	0	0	12	1969	0.075111529044304	0.531094439470532	0.996090899352897
none	periodic	0	0	0	0	12	1971	0.075111529044304	0.531094439470532	0.996090899352897
none	periodic	0	0	0	0	14	2297	0.0758466031592376	0.530639556513681	0.997204352810606
none	periodic	0	0	0	0	14	2298	0.0758466031592376	0.530639556513681	0.997204352810606
none	periodic	0	0	0	0	14	2281	0.0758466031592376	0.530639556513681	0.997204352810606
none	periodic	0	0	0	0	14	2322	0.0758466031592376	0.530639556513681	0.997204352810606
none	periodic	0	0	0	0	14	2323	0.0758466031592376	0.530639556513681	0.997204352810606
none	periodic	0	0	0	0	16	2615	0.0762937763126805	0.530318151170236	0.997561212930199
none	periodic	0	0	0	0	16	2625	0.0762937763126805	0.530318151170236	0.997561212930199
none	periodic	0	0	0	0	16	2624	0.0762937763126805	0.530318151170236	0.997561212930199
none	periodic	0	0	0	0	16	2604	0.0762937763126805	0.530318151170236	0.997561212930199
none	periodic	0	0	0	0	16	2623	0.0762937763126805	0.530318151170236	0.997561212930199
none	periodic	0	0	0	0	18	2959	0.0766406881661637	0.530063987643709	0.997034542274908
none	periodic	0	0	0	0	18	2944	0.0766406881661637	0.530063987643709	0.997034542274908
none	periodic	0	0	0	0	18	2938	0.0766406881661637	0.530063987643709	0.997034542274908
none	periodic	0	0	0	0	18	2933	0.0766406881661637	0.530063987643709	0.997034542274908
none	periodic	0	0	0	0	18	2935	0.0766406881661637	0.530063987643709	0.997034542274908
none	periodic	0	0	0	0	20	3292	0.076917629799707	0.52986721399915	0.996612628272968
none	periodic	0	0	0	0	20	3311	0.076917629799707	0.52986721399915	0.996612628272968
none	periodic	0	0	0	0	20	3246	0.076917629799707	0.52986721399915	0.996612628272968
none	periodic	0	0	0	0	20	3264	0.076917629799707	0.52986721399915	0.996612628272968
none	periodic	0	0	0	0	20	3276	0.076917629799707	0.52986721399915	0.996612628272968
none	fixed	0	0	0	0	1	74	0.0976057838768339	0.614278515825485	0.980229315304712
none	fixed	0	0	0	0	1	74	0.0976057838768339	0.614278515825485	0.980229315304712
none	fixed	0	0	0	0	1	73	0.0976057838768339	0.614278515825485	0.980229315304712
none	fixed	0	0	0	0	1	72	0.0976057838768339	0.614278515825485	0.980229315304712
none	fixed	0	0	0	0	1	71	0.0976057838768339	0.614278515825485	0.980229315304712
none	fixed	0	0	0	0	2	152	0.165328023533147	0.622448533470566	0.976300602287776
none	fixed	0	0	0	0	2	141	0.165328023533147	0.622448533470566	0.976300602287776
none	fixed	0	0	0	0	2	146	0.165328023533147	0.622448533470566	0.976300602287776
none	fixed	0	0	0	0	2	142	0.165328023533147	0.622448533470566	0.976300602287776
none	fixed	0	0	0	0	2	148	0.165328023533147	0.622448533470566	0.976300602287776
none	fixed	0	0	0	0	3	209	0.184337954742403	0.625371318632696	0.976366167533462
none	fixed	0	0	0	0	3	203	0.184337954742403	0.625371318632696	0.976366167533462
none	fixed	0	0	0	0	3	216	0.184337954742403	0.625371318632696	0.976366167533462
none	fixed	0	0	0	0	3	208	0.184337954742403	0.625371318632696	0.976366167533462
none	fixed	0	0	0	0	3	217	0.184337954742403	0.625371318632696	0.976366167533462
none	fixed	0	0	0	0	4	294	0.193374108489611	0.626811727253145	0.979036153053081
none	fixed	0	0	0	0	4	295	0.193374108489611	0.626811727253145	0.979036153053081
none	fixed	0	0	0	0	4	289	0.193374108489611	0.626811727253145	0.979036153053081
none	fixed	0	0	0	0	4	287	0.193374108489611	0.626811727253145	0.979036153053081
none	fixed	0	0	0	0	4	270	0.193374108489611	0.626811727253145	0.979036153053081
none	fixed	0	0	0	0	5	350	0.198630622886747	0.627660550448945	0.977924925802726
none	fixed	0	0	0	0	5	352	0.198630622886747	0.627660550448945	0.977924925802726
none	fixed	0	0	0	0	5	345	0.198630622886747	0.627660550448945	0.977924925802726
none	fixed	0	0	0	0	5	345	0.198630622886747	0.627660550448945	0.977924925802726
none	fixed	0	0	0	0	5	352	0.198630622886747	0.627660550448945	0.977924925802726
none	fixed	0	0	0	0	6	431	0.202063144420917	0.628223953434087	0.978868358858478
none	fixed	0	0	0	0	6	423	0.202063144420917	0.628223953434087	0.978868358858478
none	fixed	0	0	0	0	6	434	0.202063144420917	0.628223953434087	0.978868358858478
none	fixed	0	0	0	0	6	417	0.202063144420917	0.628223953434087	0.978868358858478
none	fixed	0	0	0	0	6	428	0.202063144420917	0.628223953434087	0.978868358858478
none	fixed	0	0	0	0	7	499	0.204478915287071	0.628621474552248	0.978146707599948
none	fixed	0	0	0	0	7	493	0.204478915287071	0.628621474552248	0.978146707599948
none	fixed	0	0	0	0	7	497	0.204478915287071	0.628621474552248	0.978146707599948
none	fixed	0	0	0	0	7	482	0.204478915287071	0.628621474552248	0.978146707599948
none	fixed	0	0	0	0	7	495	0.204478915287071	0.628621474552248	0.978146707599948
none	fixed	0	0	0	0	8	569	0.206093747734682	0.628919110831514	0.978848128050586
none	fixed	0	0	0	0	8	555	0.206093747734682	0.628919110831514	0.978848128050586
none	fixed	0	0	0	0	8	558	0.206093747734682	0.628919110831514	0.978848128050586
none	fixed	0	0	0	0	8	563	0.206093747734682	0.628919110831514	0.978848128050586
none	fixed	0	0	0	0	8	563	0.206093747734682	0.628919110831514	0.978848128050586
none	fixed	0	0	0	0	9	633	0.207324840125332	0.629150239216872	0.979390030467257
none	fixed	0	0	0	0	9	624	0.207324840125332	0.629150239216872	0.979390030467257
none	fixed	0	0	0	0	9	623	0.207324840125332	0.629150239216872	0.979390030467257
none	fixed	0	0	0	0	9	624	0.207324840125332	0.629150239216872	0.979390030467257
none	fixed	0	0	0	0	9	621	0.207324840125332	0.629150239216872	0.979390030467257
none	fixed	0	0	0	0	10	697	0.208302004127103	0.629334879655222	0.979821235592007
none	fixed	0	0	0	0	10	679	0.208302004127103	0.629334879655222	0.979821235592007
none	fixed	0	0	0	0	10	701	0.208302004127103	0.629334879655222	0.979821235592007
none	fixed	0	0	0	0	10	685	0.208302004127103	0.629334879655222	0.979821235592007
none	fixed	0	0	0	0	10	697	0.208302004127103	0.629334879655222	0.979821235592007
none	fixed	0	0	0	0	12	827	0.209754839797561	0.629611354557334	0.980464154172701
none	fixed	0	0	0	0	12	836	0.209754839797561	0.629611354557334	0.980464154172701
none	fixed	0	0	0	0	12	835	0.209754839797561	0.629611354557334	0.980464154172701
none	fixed	0	0	0	0	12	834	0.209754839797561	0.629611354557334	0.980464154172701
none	fixed	0	0	0	0	12	835	0.209754839797561	0.629611354557334	0.980464154172701
none	fixed	0	0	0	0	14	981	0.210783055832449	0.629807960264276	0.980618626978587
none	fixed	0	0	0	0	14	979	0.210783055832449	0.629807960264276	0.980618626978587
none	fixed	0	0	0	0	14	983	0.210783055832449	0.629807960264276	0.980618626978587
none	fixed	0	0	0	0	14	977	0.210783055832449	0.629807960264276	0.980618626978587
none	fixed	0	0	0	0	14	965	0.210783055832449	0.629807960264276	0.980618626978587
none	fixed	0	0	0	0	16	1121	0.211548991482356	0.629953922087476	0.97994963276947
none	fixed	0	0	0	0	16	1114	0.211548991482356	0.629953922087476	0.97994963276947
none	fixed	0	0	0	0	16	1104	0.211548991482356	0.629953922087476	0.97994963276947
none	fixed	0	0	0	0	16	1119	0.211548991482356	0.629953922087476	0.97994963276947
none	fixed	0	0	0	0	16	1120	0.211548991482356	0.629953922087476	0.97994963276947
none	fixed	0	0	0	0	18	1251	0.212141614941146	0.63006730792334	0.979429939123234
none	fixed	0	0	0	0	18	1245	0.212141614941146	0.63006730792334	0.979429939123234
none	fixed	0	0	0	0	18	1251	0.212141614941146	0.63006730792334	0.979429939123234
none	fixed	0	0	0	0	18	1252	0.212141614941146	0.63006730792334	0.979429939123234
none	fixed	0	0	0	0	18	1252	0.212141614941146	0.63006730792334	0.979429939123234
none	fixed	0	0	0	0	20	1382	0.212613754836566	0.63015792519394	0.979014590027676
none	fixed	0	0	0	0	20	1390	0.212613754836566	0.63015792519394	0.979014590027676
none	fixed	0	0	0	0	20	1392	0.212613754836566	0.63015792519394	0.979014590027676
none	fixed	0	0	0	0	20	1388	0.212613754836566	0.63015792519394	0.979014590027676
none	fixed	0	0	0	0	20	1393	0.212613754836566	0.63015792519394	0.979014590027676
ps	none	0	0	0	0	1	202	-0.139036167365182	nan	0.985591528239304
ps	none	0	0	0	0	1	189	-0.139036167365182	nan	0.985591528239304
ps	none	0	0	0	0	1	201	-0.139036167365182	nan	0.985591528239304
ps	none	0	0	0	0	1	170	-0.139036167365182	nan	0.985591528239304
ps	none	0	0	0	0	1	181	-0.139036167365182	nan	0.985591528239304
ps	none	0	0	0	0	2	333	0.189612552244719	0.594917146937305	0.996752944006831
ps	none	0	0	0	0	2	332	0.189612552244719	0.594917146937305	0.996752944006831
ps	none	0	0	0	0	2	355	0.189612552244719	0.594917146937305	0.996752944006831
ps	none	0	0	0	0	2	360	0.189612552244719	0.594917146937305	0.996752944006831
ps	none	0	0	0	0	2	377	0.189612552244719	0.594917146937305	0.996752944006831
ps	none	0	0	0	0	3	558	0.244805452459173	0.605574584047825	0.994585083012229
ps	none	0	0	0	0	3	559	0.244805452459173	0.605574584047825	0.994585083012229
ps	none	0	0	0	0	3	580	0.244805452459173	0.605574584047825	0.994585083012229
ps	none	0	0	0	0	3	551	0.244805452459173	0.605574584047825	0.994585083012229
ps	none	0	0	0	0	3	546	0.244805452459173	0.605574584047825	0.994585083012229
ps	none	0	0	0	0	4	748	0.264521797942152	0.610554144168812	0.990663709821215
ps	none	0	0	0	0	4	775	0.264521797942152	0.610554144168812	0.990663709821215
ps	none	0	0	0	0	4	880	0.264521797942152	0.610554144168812	0.990663709821215
ps	none	0	0	0	0	4	826	0.264521797942152	0.610554144168812	0.990663709821215
ps	none	0	0	0	0	4	754	0.264521797942152	0.610554144168812	0.990663709821215
ps	none	0	0	0	0	5	1084	0.272112130630263	0.613418337309167	0.995810438612133
ps	none	0	0	0	0	5	1137	0.272112130630263	0.613418337309167	0.995810438612133
ps	none	0	0	0	0	5	1040	0.272112130630263	0.613418337309167	0.995810438612133
ps	none	0	0	0	0	5	1353	0.272112130630263	0.613418337309167	0.995810438612133
ps	none	0	0	0	0	5	1015	0.272112130630263	0.613418337309167	0.995810438612133
ps	none	0	0	0	0	6	1309	0.277031132881368	0.615283047452191	0.998244120333322
ps	none	0	0	0	0	6	1109	0.277031132881368	0.615283047452191	0.998244120333322
ps	none	0	0	0	0	6	1151	0.277031132881368	0.615283047452191	0.998244120333322
ps	none	0	0	0	0	6	1118	0.277031132881368	0.615283047452191	0.998244120333322
ps	none	0	0	0	0	6	1071	0.277031132881368	0.615283047452191	0.998244120333322
ps	none	0	0	0	0	7	1231	0.280474358699526	0.616585897330011	0.99870919651063
ps	none	0	0	0	0	7	1238	0.280474358699526	0.616585897330011	0.99870919651063
ps	none	0	0	0	0	7	1234	0.280474358699526	0.616585897330011	0.99870919651063
ps	none	0	0	0	0	7	1237	0.280474358699526	0.616585897330011	0.99870919651063
ps	none	0	0	0	0	7	1215	0.280474358699526	0.616585897330011	0.99870919651063
ps	none	0	0	0	0	8	1440	0.28301794648758	0.617545774067901	0.998385960751384
ps	none	0	0	0	0	8	1495	0.28301794648758	0.617545774067901	0.998385960751384
ps	none	0	0	0	0	8	1449	0.28301794648758	0.617545774067901	0.998385960751384
ps	none	0	0	0	0	8	1473	0.28301794648758	0.617545774067901	0.998385960751384
ps	none	0	0	0	0	8	1466	0.28301794648758	0.617545774067901	0.998385960751384
ps	none	0	0	0	0	9	1653	0.284973151769346	0.618282765897908	0.996507168771561
ps	none	0	0	0	0	9	1675	0.284973151769346	0.618282765897908	0.996507168771561
ps	none	0	0	0	0	9	1948	0.284973151769346	0.618282765897908	0.996507168771561
ps	none	0	0	0	0	9	1611	0.284973151769346	0.618282765897908	0.996507168771561
ps	none	0	0	0	0	9	1644	0.284973151769346	0.618282765897908	0.996507168771561
ps	none	0	0	0	0	10	1801	0.286522684909848	0.618868670499679	0.997806593957148
ps	none	0	0	0	0	10	1778	0.286522684909848	0.618868670499679	0.997806593957148
ps	none	0	0	0	0	10	1835	0.286522684909848	0.618868670499679	0.997806593957148
ps	none	0	0	0	0	10	1775	0.286522684909848	0.618868670499679	0.997806593957148
ps	none	0	0	0	0	10	1880	0.286522684909848	0.618868670499679	0.997806593957148
ps	none	0	0	0	0	12	2943	0.288822529761414	0.619739315314399	0.998765215942488
ps	none	0	0	0	0	12	2520	0.288822529761414	0.619739315314399	0.998765215942488
ps	none	0	0	0	0	12	2394	0.288822529761414	0.619739315314399	0.998765215942488
ps	none	0	0	0	0	12	2257	0.288822529761414	0.619739315314399	0.998765215942488
ps	none	0	0	0	0	12	2175	0.288822529761414	0.619739315314399	0.998765215942488
ps	none	0	0	0	0	14	2469	0.29044726996574	0.620353007655286	0.998755895737505
ps	none	0	0	0	0	14	2457	0.29044726996574	0.620353007655286	0.998755895737505
ps	none	0	0	0	0	14	2451	0.29044726996574	0.620353007655286	0.998755895737505
ps	none	0	0	0	0	14	2467	0.29044726996574	0.620353007655286	0.998755895737505
ps	none	0	0	0	0	14	2480	0.29044726996574	0.620353007655286	0.998755895737505
ps	none	0	0	0	0	16	2850	0.29165596212278	0.620809121203195	0.998886764235346
ps	none	0	0	0	0	16	3032	0.29165596212278	0.620809121203195	0.998886764235346
ps	none	0	0	0	0	16	2972	0.29165596212278	0.620809121203195	0.998886764235346
ps	none	0	0	0	0	16	3110	0.29165596212278	0.620809121203195	0.998886764235346
ps	none	0	0	0	0	16	2810	0.29165596212278	0.620809121203195	0.998886764235346
ps	none	0	0	0	0	18	3156	0.292590206048253	0.62116074152408	0.997917135694208
ps	none	0	0	0	0	18	3147	0.292590206048253	0.62116074152408	0.997917135694208
ps	none	0	0	0	0	18	3190	0.292590206048253	0.62116074152408	0.997917135694208
ps	none	0	0	0	0	18	3636	0.292590206048253	0.62116074152408	0.997917135694208
ps	none	0	0	0	0	18	3828	0.292590206048253	0.62116074152408	0.997917135694208
ps	none	0	0	0	0	20	4348	0.293333913785111	0.621441156695515	0.997139444090093
ps	none	0	0	0	0	20	3975	0.293333913785111	0.621441156695515	0.997139444090093
ps	none	0	0	0	0	20	3655	0.293333913785111	0.621441156695515	0.997139444090093
ps	none	0	0	0	0	20	3709	0.293333913785111	0.621441156695515	0.997139444090093
ps	none	0	0	0	0	20	3426	0.293333913785111	0.621441156695515	0.997139444090093
ps	periodic	0	0	0	0	1	171	-0.0106243080247352	nan	0.995613366502092
ps	periodic	0	0	0	0	1	173	-0.0106243080247352	nan	0.995613366502092
ps	periodic	0	0	0	0	1	170	-0.0106243080247352	nan	0.995613366502092
ps	periodic	0	0	0	0	1	168	-0.0106243080247352	nan	0.995613366502092
ps	periodic	0	0	0	0	1	164	-0.0106243080247352	nan	0.995613366502092
ps	periodic	0	0	0	0	2	352	0.172054658767634	0.606307889010355	0.989381667981332
ps	periodic	0	0	0	0	2	357	0.172054658767634	0.606307889010355	0.989381667981332
ps	periodic	0	0	0	0	2	345	0.172054658767634	0.606307889010355	0.989381667981332
ps	periodic	0	0	0	0	2	348	0.172054658767634	0.606307889010355	0.989381667981332
ps	periodic	0	0	0	0	2	355	0.172054658767634	0.606307889010355	0.989381667981332
ps	periodic	0	0	0	0	3	518	0.206057722473497	0.607078984157271	0.995230127143845
ps	periodic	0	0	0	0	3	519	0.206057722473497	0.607078984157271	0.995230127143845
ps	periodic	0	0	0	0	3	519	0.206057722473497	0.607078984157271	0.995230127143845
ps	periodic	0	0	0	0	3	508	0.206057722473497	0.607078984157271	0.995230127143845
ps	periodic	0	0	0	0	3	512	0.206057722473497	0.607078984157271	0.995230127143845
ps	periodic	0	0	0	0	4	685	0.220086481664286	0.606636598397581	0.985122008088656
ps	periodic	0	0	0	0	4	666	0.220086481664286	0.606636598397581	0.985122008088656
ps	periodic	0	0	0	0	4	677	0.220086481664286	0.606636598397581	0.985122008088656
ps	periodic	0	0	0	0	4	667	0.220086481664286	0.606636598397581	0.985122008088656
ps	periodic	0	0	0	0	4	671	0.220086481664286	0.606636598397581	0.985122008088656
ps	periodic	0	0	0	0	5	834	0.227592061825967	0.606188732062413	0.98287517149768
ps	periodic	0	0	0	0	5	843	0.227592061825967	0.606188732062413	0.98287517149768
ps	periodic	0	0	0	0	5	843	0.227592061825967	0.606188732062413	0.98287517149768
ps	periodic	0	0	0	0	5	842	0.227592061825967	0.606188732062413	0.98287517149768
ps	periodic	0	0	0	0	5	813	0.227592061825967	0.606188732062413	0.98287517149768
ps	periodic	0	0	0	0	6	1007	0.23244025522386	0.6058797581947	0.992725196921971
ps	periodic	0	0	0	0	6	997	0.23244025522386	0.6058797581947	0.992725196921971
ps	periodic	0	0	0	0	6	1017	0.23244025522386	0.6058797581947	0.992725196921971
ps	periodic	0	0	0	0	6	1007	0.23244025522386	0.6058797581947	0.992725196921971
ps	periodic	0	0	0	0	6	989	0.23244025522386	0.6058797581947	0.992725196921971
ps	periodic	0	0	0	0	7	1176	0.235832876158212	0.60560211993503	0.99197569239662
ps	periodic	0	0	0	0	7	1172	0.235832876158212	0.60560211993503	0.99197569239662
ps	periodic	0	0	0	0	7	1181	0.235832876158212	0.60560211993503	0.99197569239662
ps	periodic	0	0	0	0	7	1155	0.235832876158212	0.60560211993503	0.99197569239662
ps	periodic	0	0	0	0	7	1161	0.235832876158212	0.60560211993503	0.99197569239662
ps	periodic	0	0	0	0	8	1343	0.238340531264679	0.605356067108219	0.986512908262888
ps	periodic	0	0	0	0	8	1324	0.238340531264679	0.605356067108219	0.986512908262888
ps	periodic	0	0	0	0	8	1349	0.238340531264679	0.605356067108219	0.986512908262888
ps	periodic	0	0	0	0	8	1343	0.238340531264679	0.605356067108219	0.986512908262888
ps	periodic	0	0	0	0	8	1332	0.238340531264679	0.605356067108219	0.986512908262888
ps	periodic	0	0	0	0	9	1505	0.240269712485918	0.605167105796215	0.986847044472705
ps	periodic	0	0	0	0	9	1513	0.240269712485918	0.605167105796215	0.986847044472705
ps	periodic	0	0	0	0	9	1503	0.240269712485918	0.605167105796215	0.986847044472705
ps	periodic	0	0	0	0	9	1505	0.240269712485918	0.605167105796215	0.986847044472705
ps	periodic	0	0	0	0	9	1513	0.240269712485918	0.605167105796215	0.986847044472705
ps	periodic	0	0	0	0	10	1648	0.24179993869391	0.605010793207107	0.993211332822331
ps	periodic	0	0	0	0	10	1679	0.24179993869391	0.605010793207107	0.993211332822331
ps	periodic	0	0	0	0	10	1674	0.24179993869391	0.605010793207107	0.993211332822331
ps	periodic	0	0	0	0	10	1667	0.24179993869391	0.605010793207107	0.993211332822331
ps	periodic	0	0	0	0	10	1675	0.24179993869391	0.605010793207107	0.993211332822331
ps	periodic	0	0	0	0	12	2000	0.24407376550735	0.604762367183963	0.976487818305311
ps	periodic	0	0	0	0	12	1995	0.24407376550735	0.604762367183963	0.976487818305311
ps	periodic	0	0	0	0	12	1992	0.24407376550735	0.604762367183963	0.976487818305311
ps	periodic	0	0	0	0	12	1970	0.24407376550735	0.604762367183963	0.976487818305311
ps	periodic	0	0	0	0	12	2010	0.24407376550735	0.604762367183963	0.976487818305311
ps	periodic	0	0	0	0	14	2348	0.245682343063557	0.60461523019052	0.98152917638262
ps	periodic	0	0	0	0	14	2313	0.245682343063557	0.60461523019052	0.98152917638262
ps	periodic	0	0	0	0	14	2339	0.245682343063557	0.60461523019052	0.98152917638262
ps	periodic	0	0	0	0	14	2337	0.245682343063557	0.60461523019052	0.98152917638262
ps	periodic	0	0	0	0	14	2329	0.245682343063557	0.60461523019052	0.98152917638262
ps	periodic	0	0	0	0	16	2653	0.246880357636582	0.604517930597211	0.985184488193648
ps	periodic	0	0	0	0	16	2664	0.246880357636582	0.604517930597211	0.985184488193648
ps	periodic	0	0	0	0	16	2674	0.246880357636582	0.604517930597211	0.985184488193648
ps	periodic	0	0	0	0	16	2671	0.246880357636582	0.604517930597211	0.985184488193648
ps	periodic	0	0	0	0	16	2644	0.246880357636582	0.604517930597211	0.985184488193648
ps	periodic	0	0	0	0	18	2988	0.247807200455317	0.604444612827668	0.986997258824178
ps	periodic	0	0	0	0	18	2973	0.247807200455317	0.604444612827668	0.986997258824178
ps	periodic	0	0	0	0	18	3033	0.247807200455317	0.604444612827668	0.986997258824178
ps	periodic	0	0	0	0	18	2989	0.247807200455317	0.604444612827668	0.986997258824178
ps	periodic	0	0	0	0	18	2999	0.247807200455317	0.604444612827668	0.986997258824178
ps	periodic	0	0	0	0	20	3306	0.248545578248123	0.604371757350244	0.988968334139777
ps	periodic	0	0	0	0	20	3329	0.248545578248123	0.604371757350244	0.988968334139777
ps	periodic	0	0	0	0	20	3305	0.248545578248123	0.604371757350244	0.988968334139777
ps	periodic	0	0	0	0	20	3319	0.248545578248123	0.604371757350244	0.988968334139777
ps	periodic	0	0	0	0	20	3317	0.248545578248123	0.604371757350244	0.988968334139777
ps	fixed	0	0	0	0	1	78	0.127230165717407	0.63213276346165	0.990007378926643
ps	fixed	0	0	0	0	1	72	0.127230165717407	0.63213276346165	0.990007378926643
ps	fixed	0	0	0	0	1	77	0.127230165717407	0.63213276346165	0.990007378926643
ps	fixed	0	0	0	0	1	73	0.127230165717407	0.63213276346165	0.990007378926643
ps	fixed	0	0	0	0	1	70	0.127230165717407	0.63213276346165	0.990007378926643
ps	fixed	0	0	0	0	2	151	0.225801453089143	0.646031774557769	0.985463481670416
ps	fixed	0	0	0	0	2	141	0.225801453089143	0.646031774557769	0.985463481670416
ps	fixed	0	0	0	0	2	140	0.225801453089143	0.646031774557769	0.985463481670416
ps	fixed	0	0	0	0	2	145	0.225801453089143	0.646031774557769	0.985463481670416
ps	fixed	0	0	0	0	2	140	0.225801453089143	0.646031774557769	0.985463481670416
ps	fixed	0	0	0	0	3	224	0.252926046943667	0.649713768092427	0.995026331785835
ps	fixed	0	0	0	0	3	215	0.252926046943667	0.649713768092427	0.995026331785835
ps	fixed	0	0	0	0	3	214	0.252926046943667	0.649713768092427	0.995026331785835
ps	fixed	0	0	0	0	3	224	0.252926046943667	0.649713768092427	0.995026331785835
ps	fixed	0	0	0	0	3	217	0.252926046943667	0.649713768092427	0.995026331785835
ps	fixed	0	0	0	0	4	285	0.265093725217604	0.65120236133749	0.993245454867513
ps	fixed	0	0	0	0	4	280	0.265093725217604	0.65120236133749	0.993245454867513
ps	fixed	0	0	0	0	4	297	0.265093725217604	0.65120236133749	0.993245454867513
ps	fixed	0	0	0	0	4	294	0.265093725217604	0.65120236133749	0.993245454867513
ps	fixed	0	0	0	0	4	293	0.265093725217604	0.65120236133749	0.993245454867513
ps	fixed	0	0	0	0	5	363	0.271718893509506	0.65196579771072	0.988565253704927
ps	fixed	0	0	0	0	5	361	0.271718893509506	0.65196579771072	0.988565253704927
ps	fixed	0	0	0	0	5	369	0.271718893509506	0.65196579771072	0.988565253704927
ps	fixed	0	0	0	0	5	407	0.271718893509506	0.65196579771072	0.988565253704927
ps	fixed	0	0	0	0	5	373	0.271718893509506	0.65196579771072	0.988565253704927
ps	fixed	0	0	0	0	6	437	0.275838589012465	0.652438349624847	0.988515658203065
ps	fixed	0	0	0	0	6	430	0.275838589012465	0.652438349624847	0.988515658203065
ps	fixed	0	0	0	0	6	437	0.275838589012465	0.652438349624847	0.988515658203065
ps	fixed	0	0	0	0	6	462	0.275838589012465	0.652438349624847	0.988515658203065
ps	fixed	0	0	0	0	6	425	0.275838589012465	0.652438349624847	0.988515658203065
ps	fixed	0	0	0	0	7	510	0.278707390490247	0.652743432498342	0.986029213872921
ps	fixed	0	0	0	0	7	490	0.278707390490247	0.652743432498342	0.986029213872921
ps	fixed	0	0	0	0	7	508	0.278707390490247	0.652743432498342	0.986029213872921
ps	fixed	0	0	0	0	7	499	0.278707390490247	0.652743432498342	0.986029213872921
ps	fixed	0	0	0	0	7	504	0.278707390490247	0.652743432498342	0.986029213872921
ps	fixed	0	0	0	0	8	562	0.280780455321963	0.652960509328458	0.987294170395582
ps	fixed	0	0	0	0	8	577	0.280780455321963	0.652960509328458	0.987294170395582
ps	fixed	0	0	0	0	8	570	0.280780455321963	0.652960509328458	0.987294170395582
ps	fixed	0	0	0	0	8	562	0.280780455321963	0.652960509328458	0.987294170395582
ps	fixed	0	0	0	0	8	579	0.280780455321963	0.652960509328458	0.987294170395582
ps	fixed	0	0	0	0	9	646	0.282285511315636	0.653123934868486	0.988279763111608
ps	fixed	0	0	0	0	9	635	0.282285511315636	0.653123934868486	0.988279763111608
ps	fixed	0	0	0	0	9	647	0.282285511315636	0.653123934868486	0.988279763111608
ps	fixed	0	0	0	0	9	637	0.282285511315636	0.653123934868486	0.988279763111608
ps	fixed	0	0	0	0	9	658	0.282285511315636	0.653123934868486	0.988279763111608
ps	fixed	0	0	0	0	10	717	0.283475038880982	0.65325127282417	0.989069186951237
ps	fixed	0	0	0	0	10	718	0.283475038880982	0.65325127282417	0.989069186951237
ps	fixed	0	0	0	0	10	707	0.283475038880982	0.65325127282417	0.989069186951237
ps	fixed	0	0	0	0	10	719	0.283475038880982	0.65325127282417	0.989069186951237
ps	fixed	0	0	0	0	10	704	0.283475038880982	0.65325127282417	0.989069186951237
ps	fixed	0	0	0	0	12	847	0.285235117718777	0.653435467602727	0.990254677223789
ps	fixed	0	0	0	0	12	916	0.285235117718777	0.653435467602727	0.990254677223789
ps	fixed	0	0	0	0	12	883	0.285235117718777	0.653435467602727	0.990254677223789
ps	fixed	0	0	0	0	12	909	0.285235117718777	0.653435467602727	0.990254677223789
ps	fixed	0	0	0	0	12	952	0.285235117718777	0.653435467602727	0.990254677223789
ps	fixed	0	0	0	0	14	1085	0.286474533824639	0.653555380106596	0.99110229625172
ps	fixed	0	0	0	0	14	1055	0.286474533824639	0.653555380106596	0.99110229625172
ps	fixed	0	0	0	0	14	1061	0.286474533824639	0.653555380106596	0.99110229625172
ps	fixed	0	0	0	0	14	1078	0.286474533824639	0.653555380106596	0.99110229625172
ps	fixed	0	0	0	0	14	1078	0.286474533824639	0.653555380106596	0.99110229625172
ps	fixed	0	0	0	0	16	1257	0.287394381842079	0.653641215682318	0.991738392463092
ps	fixed	0	0	0	0	16	1259	0.287394381842079	0.653641215682318	0.991738392463092
ps	fixed	0	0	0	0	16	1204	0.287394381842079	0.653641215682318	0.991738392463092
ps	fixed	0	0	0	0	16	1199	0.287394381842079	0.653641215682318	0.991738392463092
ps	fixed	0	0	0	0	16	1210	0.287394381842079	0.653641215682318	0.991738392463092
ps	fixed	0	0	0	0	18	1415	0.288104070725129	0.653706573953272	0.992233327296282
ps	fixed	0	0	0	0	18	1292	0.288104070725129	0.653706573953272	0.992233327296282
ps	fixed	0	0	0	0	18	1282	0.288104070725129	0.653706573953272	0.992233327296282
ps	fixed	0	0	0	0	18	1283	0.288104070725129	0.653706573953272	0.992233327296282
ps	fixed	0	0	0	0	18	1278	0.288104070725129	0.653706573953272	0.992233327296282
ps	fixed	0	0	0	0	20	1421	0.288668205321255	0.653757978847099	0.992629381327984
ps	fixed	0	0	0	0	20	1420	0.288668205321255	0.653757978847099	0.992629381327984
ps	fixed	0	0	0	0	20	1418	0.288668205321255	0.653757978847099	0.992629381327984
ps	fixed	0	0	0	0	20	1422	0.288668205321255	0.653757978847099	0.992629381327984
ps	fixed	0	0	0	0	20	1409	0.288668205321255	0.653757978847099	0.992629381327984
ps	moving	0	0	0	0	1	78	0.342768917812952	0.700121255604552	0.99808390396984
ps	moving	0	0	0	0	1	73	0.342768917812952	0.700121255604552	0.99808390396984
ps	moving	0	0	0	0	1	74	0.342768917812952	0.700121255604552	0.99808390396984
ps	moving	0	0	0	0	1	69	0.342768917812952	0.700121255604552	0.99808390396984
ps	moving	0	0	0	0	1	70	0.342768917812952	0.700121255604552	0.99808390396984
ps	moving	0	0	0	0	2	150	0.452063047884858	0.715390993459765	0.993042893051934
ps	moving	0	0	0	0	2	145	0.452063047884858	0.715390993459765	0.993042893051934
ps	moving	0	0	0	0	2	150	0.452063047884858	0.715390993459765	0.993042893051934
ps	moving	0	0	0	0	2	144	0.452063047884858	0.715390993459765	0.993042893051934
ps	moving	0	0	0	0	2	142	0.452063047884858	0.715390993459765	0.993042893051934
ps	moving	0	0	0	0	3	211	0.476139098568174	0.719207985972731	0.99807380991351
ps	moving	0	0	0	0	3	209	0.476139098568174	0.719207985972731	0.99807380991351
ps	moving	0	0	0	0	3	220	0.476139098568174	0.719207985972731	0.99807380991351
ps	moving	0	0	0	0	3	226	0.476139098568174	0.719207985972731	0.99807380991351
ps	moving	0	0	0	0	3	216	0.476139098568174	0.719207985972731	0.99807380991351
ps	moving	0	0	0	0	4	285	0.486568326291413	0.720878810543153	0.993233714164892
ps	moving	0	0	0	0	4	289	0.486568326291413	0.720878810543153	0.993233714164892
ps	moving	0	0	0	0	4	294	0.486568326291413	0.720878810543153	0.993233714164892
ps	moving	0	0	0	0	4	291	0.486568326291413	0.720878810543153	0.993233714164892
ps	moving	0	0	0	0	4	278	0.486568326291413	0.720878810543153	0.993233714164892
ps	moving	0	0	0	0	5	355	0.492353679079711	0.721833981516361	0.995904291056906
ps	moving	0	0	0	0	5	353	0.492353679079711	0.721833981516361	0.995904291056906
ps	moving	0	0	0	0	5	354	0.492353679079711	0.721833981516361	0.995904291056906
ps	moving	0	0	0	0	5	348	0.492353679079711	0.721833981516361	0.995904291056906
ps	moving	0	0	0	0	5	355	0.492353679079711	0.721833981516361	0.995904291056906
ps	moving	0	0	0	0	6	427	0.496023684688408	0.722451792416885	0.997668904364544
ps	moving	0	0	0	0	6	434	0.496023684688408	0.722451792416885	0.997668904364544
ps	moving	0	0	0	0	6	437	0.496023684688408	0.722451792416885	0.997668904364544
ps	moving	0	0	0	0	6	439	0.496023684688408	0.722451792416885	0.997668904364544
ps	moving	0	0	0	0	6	431	0.496023684688408	0.722451792416885	0.997668904364544
ps	moving	0	0	0	0	7	492	0.498556684606301	0.722877719091624	0.998667834320298
ps	moving	0	0	0	0	7	500	0.498556684606301	0.722877719091624	0.998667834320298
ps	moving	0	0	0	0	7	502	0.498556684606301	0.722877719091624	0.998667834320298
ps	moving	0	0	0	0	7	503	0.498556684606301	0.722877719091624	0.998667834320298
ps	moving	0	0	0	0	7	508	0.498556684606301	0.722877719091624	0.998667834320298
ps	moving	0	0	0	0	8	571	0.500409266450759	0.7231896327966	0.998830443243356
ps	moving	0	0	0	0	8	556	0.500409266450759	0.7231896327966	0.998830443243356
ps	moving	0	0	0	0	8	568	0.500409266450759	0.7231896327966	0.998830443243356
ps	moving	0	0	0	0	8	573	0.500409266450759	0.7231896327966	0.998830443243356
ps	moving	0	0	0	0	8	567	0.500409266450759	0.7231896327966	0.998830443243356
ps	moving	0	0	0	0	9	646	0.501822737163344	0.723426277737205	0.998105264082221
ps	moving	0	0	0	0	9	652	0.501822737163344	0.723426277737205	0.998105264082221
ps	moving	0	0	0	0	9	654	0.501822737163344	0.723426277737205	0.998105264082221
ps	moving	0	0	0	0	9	636	0.501822737163344	0.723426277737205	0.998105264082221
ps	moving	0	0	0	0	9	658	0.501822737163344	0.723426277737205	0.998105264082221
ps	moving	0	0	0	0	10	711	0.502936490876352	0.72361329879099	0.998500644082333
ps	moving	0	0	0	0	10	724	0.502936490876352	0.72361329879099	0.998500644082333
ps	moving	0	0	0	0	10	700	0.502936490876352	0.72361329879099	0.998500644082333
ps	moving	0	0	0	0	10	730	0.502936490876352	0.72361329879099	0.998500644082333
ps	moving	0	0	0	0	10	716	0.502936490876352	0.72361329879099	0.998500644082333
ps	moving	0	0	0	0	12	839	0.504579164929278	0.723890950686741	0.999357222455946
ps	moving	0	0	0	0	12	834	0.504579164929278	0.723890950686741	0.999357222455946
ps	moving	0	0	0	0	12	858	0.504579164929278	0.723890950686741	0.999357222455946
ps	moving	0	0	0	0	12	848	0.504579164929278	0.723890950686741	0.999357222455946
ps	moving	0	0	0	0	12	849	0.504579164929278	0.723890950686741	0.999357222455946
ps	moving	0	0	0	0	14	1036	0.50573225467439	0.724086905528759	0.999796696313296
ps	moving	0	0	0	0	14	1008	0.50573225467439	0.724086905528759	0.999796696313296
ps	moving	0	0	0	0	14	1000	0.50573225467439	0.724086905528759	0.999796696313296
ps	moving	0	0	0	0	14	999	0.50573225467439	0.724086905528759	0.999796696313296
ps	moving	0	0	0	0	14	993	0.50573225467439	0.724086905528759	0.999796696313296
ps	moving	0	0	0	0	16	1128	0.506586148675752	0.724231474751669	0.999341789158436
ps	moving	0	0	0	0	16	1139	0.506586148675752	0.724231474751669	0.999341789158436
ps	moving	0	0	0	0	16	1137	0.506586148675752	0.724231474751669	0.999341789158436
ps	moving	0	0	0	0	16	1123	0.506586148675752	0.724231474751669	0.999341789158436
ps	moving	0	0	0	0	16	1135	0.506586148675752	0.724231474751669	0.999341789158436
ps	moving	0	0	0	0	18	1263	0.507243881376904	0.724343253679544	0.998989049974646
ps	moving	0	0	0	0	18	1263	0.507243881376904	0.724343253679544	0.998989049974646
ps	moving	0	0	0	0	18	1266	0.507243881376904	0.724343253679544	0.998989049974646
ps	moving	0	0	0	0	18	1246	0.507243881376904	0.724343253679544	0.998989049974646
ps	moving	0	0	0	0	18	1247	0.507243881376904	0.724343253679544	0.998989049974646
ps	moving	0	0	0	0	20	1436	0.507766063152756	0.724432261077079	0.998707536901088
ps	moving	0	0	0	0	20	1422	0.507766063152756	0.724432261077079	0.998707536901088
ps	moving	0	0	0	0	20	1416	0.507766063152756	0.724432261077079	0.998707536901088
ps	moving	0	0	0	0	20	1393	0.507766063152756	0.724432261077079	0.998707536901088
ps	moving	0	0	0	0	20	1397	0.507766063152756	0.724432261077079	0.998707536901088
ds	none	0	0	0	0	1	377	-0.0085970352419161	nan	0.99901896720511
ds	none	0	0	0	0	1	369	-0.0085970352419161	nan	0.99901896720511
ds	none	0	0	0	0	1	404	-0.0085970352419161	nan	0.99901896720511
ds	none	0	0	0	0	1	435	-0.0085970352419161	nan	0.99901896720511
ds	none	0	0	0	0	1	374	-0.0085970352419161	nan	0.99901896720511
ds	none	0	0	0	0	2	734	0.178717748419774	0.62469219419348	0.996895882982062
ds	none	0	0	0	0	2	725	0.178717748419774	0.62469219419348	0.996895882982062
ds	none	0	0	0	0	2	745	0.178717748419774	0.62469219419348	0.996895882982062
ds	none	0	0	0	0	2	798	0.178717748419774	0.62469219419348	0.996895882982062
ds	none	0	0	0	0	2	815	0.178717748419774	0.62469219419348	0.996895882982062
ds	none	0	0	0	0	3	1198	0.239944102803598	0.632422264948941	0.99774348047618
ds	none	0	0	0	0	3	1318	0.239944102803598	0.632422264948941	0.99774348047618
ds	none	0	0	0	0	3	1097	0.239944102803598	0.632422264948941	0.99774348047618
ds	none	0	0	0	0	3	1102	0.239944102803598	0.632422264948941	0.99774348047618
ds	none	0	0	0	0	3	1194	0.239944102803598	0.632422264948941	0.99774348047618
ds	none	0	0	0	0	4	1458	0.260507203811873	0.63565396699344	0.994465619774466
ds	none	0	0	0	0	4	1480	0.260507203811873	0.63565396699344	0.994465619774466
ds	none	0	0	0	0	4	1456	0.260507203811873	0.63565396699344	0.994465619774466
ds	none	0	0	0	0	4	1472	0.260507203811873	0.63565396699344	0.994465619774466
ds	none	0	0	0	0	4	1722	0.260507203811873	0.63565396699344	0.994465619774466
ds	none	0	0	0	0	5	1885	0.269399726255542	0.637411099809723	0.994483878228958
ds	none	0	0	0	0	5	1847	0.269399726255542	0.637411099809723	0.994483878228958
ds	none	0	0	0	0	5	1787	0.269399726255542	0.637411099809723	0.994483878228958
ds	none	0	0	0	0	5	2198	0.269399726255542	0.637411099809723	0.994483878228958
ds	none	0	0	0	0	5	1909	0.269399726255542	0.637411099809723	0.994483878228958
ds	none	0	0	0	0	6	2538	0.273519733293834	0.638520521830152	0.997210840247749
ds	none	0	0	0	0	6	2089	0.273519733293834	0.638520521830152	0.997210840247749
ds	none	0	0	0	0	6	2074	0.273519733293834	0.638520521830152	0.997210840247749
ds	none	0	0	0	0	6	2067	0.273519733293834	0.638520521830152	0.997210840247749
ds	none	0	0	0	0	6	2073	0.273519733293834	0.638520521830152	0.997210840247749
ds	none	0	0	0	0	7	2420	0.275726411286313	0.639278897794093	0.999488003943429
ds	none	0	0	0	0	7	2405	0.275726411286313	0.639278897794093	0.999488003943429
ds	none	0	0	0	0	7	2426	0.275726411286313	0.639278897794093	0.999488003943429
ds	none	0	0	0	0	7	2390	0.275726411286313	0.639278897794093	0.999488003943429
ds	none	0	0	0	0	7	2400	0.275726411286313	0.639278897794093	0.999488003943429
ds	none	0	0	0	0	8	2717	0.277296995555547	0.639826721360435	0.997548609655176
ds	none	0	0	0	0	8	2724	0.277296995555547	0.639826721360435	0.997548609655176
ds	none	0	0	0	0	8	2751	0.277296995555547	0.639826721360435	0.997548609655176
ds	none	0	0	0	0	8	2782	0.277296995555547	0.639826721360435	0.997548609655176
ds	none	0	0	0	0	8	2921	0.277296995555547	0.639826721360435	0.997548609655176
ds	none	0	0	0	0	9	3547	0.278484771390904	0.640244776851984	0.999394442680922
ds	none	0	0	0	0	9	3362	0.278484771390904	0.640244776851984	0.999394442680922
ds	none	0	0	0	0	9	3777	0.278484771390904	0.640244776851984	0.999394442680922
ds	none	0	0	0	0	9	4041	0.278484771390904	0.640244776851984	0.999394442680922
ds	none	0	0	0	0	9	3369	0.278484771390904	0.640244776851984	0.999394442680922
ds	none	0	0	0	0	10	3861	0.279374844295871	0.640570171829502	0.998904907524031
ds	none	0	0	0	0	10	4085	0.279374844295871	0.640570171829502	0.998904907524031
ds	none	0	0	0	0	10	3614	0.279374844295871	0.640570171829502	0.998904907524031
ds	none	0	0	0	0	10	3438	0.279374844295871	0.640570171829502	0.998904907524031
ds	none	0	0	0	0	10	3453	0.279374844295871	0.640570171829502	0.998904907524031
ds	none	0	0	0	0	12	4124	0.28049280153254	0.641045063289402	0.99802387574738
ds	none	0	0	0	0	12	4093	0.28049280153254	0.641045063289402	0.99802387574738
ds	none	0	0	0	0	12	5085	0.28049280153254	0.641045063289402	0.99802387574738
ds	none	0	0	0	0	12	5455	0.28049280153254	0.641045063289402	0.99802387574738
ds	none	0	0	0	0	12	4331	0.28049280153254	0.641045063289402	0.99802387574738
ds	none	0	0	0	0	14	4796	0.281273906346003	0.64137868042357	0.999675446555226
ds	none	0	0	0	0	14	4840	0.281273906346003	0.64137868042357	0.999675446555226
ds	none	0	0	0	0	14	4866	0.281273906346003	0.64137868042357	0.999675446555226
ds	none	0	0	0	0	14	4768	0.281273906346003	0.64137868042357	0.999675446555226
ds	none	0	0	0	0	14	4777	0.281273906346003	0.64137868042357	0.999675446555226
ds	none	0	0	0	0	16	5570	0.281850379920715	0.641622171833675	0.998587664479442
ds	none	0	0	0	0	16	6120	0.281850379920715	0.641622171833675	0.998587664479442
ds	none	0	0	0	0	16	5772	0.281850379920715	0.641622171833675	0.998587664479442
ds	none	0	0	0	0	16	6836	0.281850379920715	0.641622171833675	0.998587664479442
ds	none	0	0	0	0	16	6071	0.281850379920715	0.641622171833675	0.998587664479442
ds	none	0	0	0	0	18	6521	0.28229330600171	0.641809613986728	0.998912115258047
ds	none	0	0	0	0	18	6519	0.28229330600171	0.641809613986728	0.998912115258047
ds	none	0	0	0	0	18	6626	0.28229330600171	0.641809613986728	0.998912115258047
ds	none	0	0	0	0	18	6837	0.28229330600171	0.641809613986728	0.998912115258047
ds	none	0	0	0	0	18	6783	0.28229330600171	0.641809613986728	0.998912115258047
ds	none	0	0	0	0	20	7771	0.282644255751555	0.64195849183293	0.999684496639525
ds	none	0	0	0	0	20	7792	0.282644255751555	0.64195849183293	0.999684496639525
ds	none	0	0	0	0	20	7561	0.282644255751555	0.64195849183293	0.999684496639525
ds	none	0	0	0	0	20	7562	0.282644255751555	0.64195849183293	0.999684496639525
ds	none	0	0	0	0	20	7487	0.282644255751555	0.64195849183293	0.999684496639525
ds	periodic	0	0	0	0	1	344	-0.0104932681891992	nan	0.998154115513178
ds	periodic	0	0	0	0	1	352	-0.0104932681891992	nan	0.998154115513178
ds	periodic	0	0	0	0	1	338	-0.0104932681891992	nan	0.998154115513178
ds	periodic	0	0	0	0	1	347	-0.0104932681891992	nan	0.998154115513178
ds	periodic	0	0	0	0	1	346	-0.0104932681891992	nan	0.998154115513178
ds	periodic	0	0	0	0	2	697	0.243263257779969	0.633058055810616	0.99782971736423
ds	periodic	0	0	0	0	2	672	0.243263257779969	0.633058055810616	0.99782971736423
ds	periodic	0	0	0	0	2	698	0.243263257779969	0.633058055810616	0.99782971736423
ds	periodic	0	0	0	0	2	682	0.243263257779969	0.633058055810616	0.99782971736423
ds	periodic	0	0	0	0	2	696	0.243263257779969	0.633058055810616	0.99782971736423
ds	periodic	0	0	0	0	3	1014	0.25761503804379	0.631352569461484	0.999709957916661
ds	periodic	0	0	0	0	3	1026	0.25761503804379	0.631352569461484	0.999709957916661
ds	periodic	0	0	0	0	3	1029	0.25761503804379	0.631352569461484	0.999709957916661
ds	periodic	0	0	0	0	3	1029	0.25761503804379	0.631352569461484	0.999709957916661
ds	periodic	0	0	0	0	3	1035	0.25761503804379	0.631352569461484	0.999709957916661
ds	periodic	0	0	0	0	4	1385	0.262604739798092	0.629261798568775	0.997132006997784
ds	periodic	0	0	0	0	4	1375	0.262604739798092	0.629261798568775	0.997132006997784
ds	periodic	0	0	0	0	4	1372	0.262604739798092	0.629261798568775	0.997132006997784
ds	periodic	0	0	0	0	4	1382	0.262604739798092	0.629261798568775	0.997132006997784
ds	periodic	0	0	0	0	4	1407	0.262604739798092	0.629261798568775	0.997132006997784
ds	periodic	0	0	0	0	5	1722	0.265382449854919	0.627625023404385	0.994011551394044
ds	periodic	0	0	0	0	5	1731	0.265382449854919	0.627625023404385	0.994011551394044
ds	periodic	0	0	0	0	5	1717	0.265382449854919	0.627625023404385	0.994011551394044
ds	periodic	0	0	0	0	5	1696	0.265382449854919	0.627625023404385	0.994011551394044
ds	periodic	0	0	0	0	5	1701	0.265382449854919	0.627625023404385	0.994011551394044
ds	periodic	0	0	0	0	6	2023	0.267161949203313	0.626481688249072	0.997710233674595
ds	periodic	0	0	0	0	6	2050	0.267161949203313	0.626481688249072	0.997710233674595
ds	periodic	0	0	0	0	6	2045	0.267161949203313	0.626481688249072	0.997710233674595
ds	periodic	0	0	0	0	6	2053	0.267161949203313	0.626481688249072	0.997710233674595
ds	periodic	0	0	0	0	6	2072	0.267161949203313	0.626481688249072	0.997710233674595
ds	periodic	0	0	0	0	7	2408	0.268401447221913	0.625556502198663	0.996683017081475
ds	periodic	0	0	0	0	7	2396	0.268401447221913	0.625556502198663	0.996683017081475
ds	periodic	0	0	0	0	7	2403	0.268401447221913	0.625556502198663	0.996683017081475
ds	periodic	0	0	0	0	7	2405	0.268401447221913	0.625556502198663	0.996683017081475
ds	periodic	0	0	0	0	7	2389	0.268401447221913	0.625556502198663	0.996683017081475
ds	periodic	0	0	0	0	8	2729	0.269314847735622	0.624821185452437	0.997857339372561
ds	periodic	0	0	0	0	8	2734	0.269314847735622	0.624821185452437	0.997857339372561
ds	periodic	0	0	0	0	8	2838	0.269314847735622	0.624821185452437	0.997857339372561
ds	periodic	0	0	0	0	8	2754	0.269314847735622	0.624821185452437	0.997857339372561
ds	periodic	0	0	0	0	8	2757	0.269314847735622	0.624821185452437	0.997857339372561
ds	periodic	0	0	0	0	9	3088	0.270015992783463	0.624192157312915	0.997708934834352
ds	periodic	0	0	0	0	9	3058	0.270015992783463	0.624192157312915	0.997708934834352
ds	periodic	0	0	0	0	9	3072	0.270015992783463	0.624192157312915	0.997708934834352
ds	periodic	0	0	0	0	9	3062	0.270015992783463	0.624192157312915	0.997708934834352
ds	periodic	0	0	0	0	9	3088	0.270015992783463	0.624192157312915	0.997708934834352
ds	periodic	0	0	0	0	10	3426	0.270571187463849	0.623678766273681	0.997040488482052
ds	periodic	0	0	0	0	10	3386	0.270571187463849	0.623678766273681	0.997040488482052
ds	periodic	0	0	0	0	10	3433	0.270571187463849	0.623678766273681	0.997040488482052
ds	periodic	0	0	0	0	10	3400	0.270571187463849	0.623678766273681	0.997040488482052
ds	periodic	0	0	0	0	10	3445	0.270571187463849	0.623678766273681	0.997040488482052
ds	periodic	0	0	0	0	12	4129	0.271394593278152	0.622890328603601	0.996071017573104
ds	periodic	0	0	0	0	12	4093	0.271394593278152	0.622890328603601	0.996071017573104
ds	periodic	0	0	0	0	12	4114	0.271394593278152	0.622890328603601	0.996071017573104
ds	periodic	0	0	0	0	12	4128	0.271394593278152	0.622890328603601	0.996071017573104
ds	periodic	0	0	0	0	12	4247	0.271394593278152	0.622890328603601	0.996071017573104
ds	periodic	0	0	0	0	14	4760	0.271975920954135	0.622276431840801	0.995402469651318
ds	periodic	0	0	0	0	14	4784	0.271975920954135	0.622276431840801	0.995402469651318
ds	periodic	0	0	0	0	14	4740	0.271975920954135	0.622276431840801	0.995402469651318
ds	periodic	0	0	0	0	14	4777	0.271975920954135	0.622276431840801	0.995402469651318
ds	periodic	0	0	0	0	14	4706	0.271975920954135	0.622276431840801	0.995402469651318
ds	periodic	0	0	0	0	16	5488	0.272408215680028	0.621769174570761	0.99559546760507
ds	periodic	0	0	0	0	16	5480	0.272408215680028	0.621769174570761	0.99559546760507
ds	periodic	0	0	0	0	16	5479	0.272408215680028	0.621769174570761	0.99559546760507
ds	periodic	0	0	0	0	16	5455	0.272408215680028	0.621769174570761	0.99559546760507
ds	periodic	0	0	0	0	16	5437	0.272408215680028	0.621769174570761	0.99559546760507
ds	periodic	0	0	0	0	18	6164	0.27274226021676	0.621371179085233	0.99454145555022
ds	periodic	0	0	0	0	18	6172	0.27274226021676	0.621371179085233	0.99454145555022
ds	periodic	0	0	0	0	18	6142	0.27274226021676	0.621371179085233	0.99454145555022
ds	periodic	0	0	0	0	18	6117	0.27274226021676	0.621371179085233	0.99454145555022
ds	periodic	0	0	0	0	18	6088	0.27274226021676	0.621371179085233	0.99454145555022
ds	periodic	0	0	0	0	20	6818	0.273008122405076	0.621061295724041	0.997490505085143
ds	periodic	0	0	0	0	20	6818	0.273008122405076	0.621061295724041	0.997490505085143
ds	periodic	0	0	0	0	20	6824	0.273008122405076	0.621061295724041	0.997490505085143
ds	periodic	0	0	0	0	20	6837	0.273008122405076	0.621061295724041	0.997490505085143
ds	periodic	0	0	0	0	20	6838	0.273008122405076	0.621061295724041	0.997490505085143
ds	fixed	0	0	0	0	1	115	0.127230165717377	0.632132763461649	0.990007378926657
ds	fixed	0	0	0	0	1	110	0.127230165717377	0.632132763461649	0.990007378926657
ds	fixed	0	0	0	0	1	111	0.127230165717377	0.632132763461649	0.990007378926657
ds	fixed	0	0	0	0	1	109	0.127230165717377	0.632132763461649	0.990007378926657
ds	fixed	0	0	0	0	1	113	0.127230165717377	0.632132763461649	0.990007378926657
ds	fixed	0	0	0	0	2	216	0.225801453089141	0.64603177455776	0.985463481670485
ds	fixed	0	0	0	0	2	227	0.225801453089141	0.64603177455776	0.985463481670485
ds	fixed	0	0	0	0	2	220	0.225801453089141	0.64603177455776	0.985463481670485
ds	fixed	0	0	0	0	2	207	0.225801453089141	0.64603177455776	0.985463481670485
ds	fixed	0	0	0	0	2	221	0.225801453089141	0.64603177455776	0.985463481670485
ds	fixed	0	0	0	0	3	334	0.25292604694399	0.649713768092428	0.995026331785786
ds	fixed	0	0	0	0	3	333	0.25292604694399	0.649713768092428	0.995026331785786
ds	fixed	0	0	0	0	3	339	0.25292604694399	0.649713768092428	0.995026331785786
ds	fixed	0	0	0	0	3	334	0.25292604694399	0.649713768092428	0.995026331785786
ds	fixed	0	0	0	0	3	321	0.25292604694399	0.649713768092428	0.995026331785786
ds	fixed	0	0	0	0	4	445	0.265093725217718	0.651202361337502	0.993245454867455
ds	fixed	0	0	0	0	4	429	0.265093725217718	0.651202361337502	0.993245454867455
ds	fixed	0	0	0	0	4	437	0.265093725217718	0.651202361337502	0.993245454867455
ds	fixed	0	0	0	0	4	444	0.265093725217718	0.651202361337502	0.993245454867455
ds	fixed	0	0	0	0	4	439	0.265093725217718	0.651202361337502	0.993245454867455
ds	fixed	0	0	0	0	5	545	0.271718893509481	0.651965797710722	0.98856525370509
ds	fixed	0	0	0	0	5	538	0.271718893509481	0.651965797710722	0.98856525370509
ds	fixed	0	0	0	0	5	548	0.271718893509481	0.651965797710722	0.98856525370509
ds	fixed	0	0	0	0	5	542	0.271718893509481	0.651965797710722	0.98856525370509
ds	fixed	0	0	0	0	5	534	0.271718893509481	0.651965797710722	0.98856525370509
ds	fixed	0	0	0	0	6	650	0.27583858901277	0.652438349624858	0.988515658203119
ds	fixed	0	0	0	0	6	642	0.27583858901277	0.652438349624858	0.988515658203119
ds	fixed	0	0	0	0	6	637	0.27583858901277	0.652438349624858	0.988515658203119
ds	fixed	0	0	0	0	6	658	0.27583858901277	0.652438349624858	0.988515658203119
ds	fixed	0	0	0	0	6	635	0.27583858901277	0.652438349624858	0.988515658203119
ds	fixed	0	0	0	0	7	745	0.278707390490182	0.652743432498353	0.986029213873002
ds	fixed	0	0	0	0	7	752	0.278707390490182	0.652743432498353	0.986029213873002
ds	fixed	0	0	0	0	7	756	0.278707390490182	0.652743432498353	0.986029213873002
ds	fixed	0	0	0	0	7	725	0.278707390490182	0.652743432498353	0.986029213873002
ds	fixed	0	0	0	0	7	762	0.278707390490182	0.652743432498353	0.986029213873002
ds	fixed	0	0	0	0	8	855	0.28078045532203	0.652960509328456	0.987294170395608
ds	fixed	0	0	0	0	8	864	0.28078045532203	0.652960509328456	0.987294170395608
ds	fixed	0	0	0	0	8	864	0.28078045532203	0.652960509328456	0.987294170395608
ds	fixed	0	0	0	0	8	849	0.28078045532203	0.652960509328456	0.987294170395608
ds	fixed	0	0	0	0	8	853	0.28078045532203	0.652960509328456	0.987294170395608
ds	fixed	0	0	0	0	9	968	0.28228551131556	0.653123934868487	0.988279763111521
ds	fixed	0	0	0	0	9	974	0.28228551131556	0.653123934868487	0.988279763111521
ds	fixed	0	0	0	0	9	963	0.28228551131556	0.653123934868487	0.988279763111521
ds	fixed	0	0	0	0	9	972	0.28228551131556	0.653123934868487	0.988279763111521
ds	fixed	0	0	0	0	9	963	0.28228551131556	0.653123934868487	0.988279763111521
ds	fixed	0	0	0	0	10	1064	0.283475038880894	0.653251272824171	0.989069186951236
ds	fixed	0	0	0	0	10	1073	0.283475038880894	0.653251272824171	0.989069186951236
ds	fixed	0	0	0	0	10	1070	0.283475038880894	0.653251272824171	0.989069186951236
ds	fixed	0	0	0	0	10	1100	0.283475038880894	0.653251272824171	0.989069186951236
ds	fixed	0	0	0	0	10	1086	0.283475038880894	0.653251272824171	0.989069186951236
ds	fixed	0	0	0	0	12	1294	0.285235117718881	0.653435467602727	0.990254677223793
ds	fixed	0	0	0	0	12	1294	0.285235117718881	0.653435467602727	0.990254677223793
ds	fixed	0	0	0	0	12	1283	0.285235117718881	0.653435467602727	0.990254677223793
ds	fixed	0	0	0	0	12	1295	0.285235117718881	0.653435467602727	0.990254677223793
ds	fixed	0	0	0	0	12	1277	0.285235117718881	0.653435467602727	0.990254677223793
ds	fixed	0	0	0	0	14	1498	0.286474533824768	0.65355538010659	0.991102296251706
ds	fixed	0	0	0	0	14	1505	0.286474533824768	0.65355538010659	0.991102296251706
ds	fixed	0	0	0	0	14	1489	0.286474533824768	0.65355538010659	0.991102296251706
ds	fixed	0	0	0	0	14	1494	0.286474533824768	0.65355538010659	0.991102296251706
ds	fixed	0	0	0	0	14	1509	0.286474533824768	0.65355538010659	0.991102296251706
ds	fixed	0	0	0	0	16	1731	0.287394381842029	0.653641215682309	0.991738392463154
ds	fixed	0	0	0	0	16	1710	0.287394381842029	0.653641215682309	0.991738392463154
ds	fixed	0	0	0	0	16	1711	0.287394381842029	0.653641215682309	0.991738392463154
ds	fixed	0	0	0	0	16	1710	0.287394381842029	0.653641215682309	0.991738392463154
ds	fixed	0	0	0	0	16	1709	0.287394381842029	0.653641215682309	0.991738392463154
ds	fixed	0	0	0	0	18	1931	0.288104070725092	0.653706573953273	0.992233327296284
ds	fixed	0	0	0	0	18	1912	0.288104070725092	0.653706573953273	0.992233327296284
ds	fixed	0	0	0	0	18	2098	0.288104070725092	0.653706573953273	0.992233327296284
ds	fixed	0	0	0	0	18	1929	0.288104070725092	0.653706573953273	0.992233327296284
ds	fixed	0	0	0	0	18	1932	0.288104070725092	0.653706573953273	0.992233327296284
ds	fixed	0	0	0	0	20	2133	0.288668205321205	0.653757978847104	0.992629381328048
ds	fixed	0	0	0	0	20	2130	0.288668205321205	0.653757978847104	0.992629381328048
ds	fixed	0	0	0	0	20	2144	0.288668205321205	0.653757978847104	0.992629381328048
ds	fixed	0	0	0	0	20	2097	0.288668205321205	0.653757978847104	0.992629381328048
ds	fixed	0	0	0	0	20	2130	0.288668205321205	0.653757978847104	0.992629381328048
ds	moving	0	0	0	0	1	114	0.342768917812859	0.700121255604548	0.99808390396985
ds	moving	0	0	0	0	1	108	0.342768917812859	0.700121255604548	0.99808390396985
ds	moving	0	0	0	0	1	107	0.342768917812859	0.700121255604548	0.99808390396985
ds	moving	0	0	0	0	1	112	0.342768917812859	0.700121255604548	0.99808390396985
ds	moving	0	0	0	0	1	107	0.342768917812859	0.700121255604548	0.99808390396985
ds	moving	0	0	0	0	2	215	0.452063047884916	0.715390993459756	0.993042893051813
ds	moving	0	0	0	0	2	227	0.452063047884916	0.715390993459756	0.993042893051813
ds	moving	0	0	0	0	2	221	0.452063047884916	0.715390993459756	0.993042893051813
ds	moving	0	0	0	0	2	216	0.452063047884916	0.715390993459756	0.993042893051813
ds	moving	0	0	0	0	2	222	0.452063047884916	0.715390993459756	0.993042893051813
ds	moving	0	0	0	0	3	327	0.476139098568042	0.719207985972738	0.998073809913446
ds	moving	0	0	0	0	3	334	0.476139098568042	0.719207985972738	0.998073809913446
ds	moving	0	0	0	0	3	333	0.476139098568042	0.719207985972738	0.998073809913446
ds	moving	0	0	0	0	3	327	0.476139098568042	0.719207985972738	0.998073809913446
ds	moving	0	0	0	0	3	324	0.476139098568042	0.719207985972738	0.998073809913446
ds	moving	0	0	0	0	4	445	0.486568326291333	0.720878810543154	0.993233714165035
ds	moving	0	0	0	0	4	442	0.486568326291333	0.720878810543154	0.993233714165035
ds	moving	0	0	0	0	4	445	0.486568326291333	0.720878810543154	0.993233714165035
ds	moving	0	0	0	0	4	434	0.486568326291333	0.720878810543154	0.993233714165035
ds	moving	0	0	0	0	4	441	0.486568326291333	0.720878810543154	0.993233714165035
ds	moving	0	0	0	0	5	550	0.492353679079664	0.721833981516365	0.995904291056778
ds	moving	0	0	0	0	5	536	0.492353679079664	0.721833981516365	0.995904291056778
ds	moving	0	0	0	0	5	560	0.492353679079664	0.721833981516365	0.995904291056778
ds	moving	0	0	0	0	5	546	0.492353679079664	0.721833981516365	0.995904291056778
ds	moving	0	0	0	0	5	537	0.492353679079664	0.721833981516365	0.995904291056778
ds	moving	0	0	0	0	6	659	0.496023684688381	0.722451792416888	0.997668904364561
ds	moving	0	0	0	0	6	655	0.496023684688381	0.722451792416888	0.997668904364561
ds	moving	0	0	0	0	6	657	0.496023684688381	0.722451792416888	0.997668904364561
ds	moving	0	0	0	0	6	646	0.496023684688381	0.722451792416888	0.997668904364561
ds	moving	0	0	0	0	6	653	0.496023684688381	0.722451792416888	0.997668904364561
ds	moving	0	0	0	0	7	748	0.49855668460644	0.722877719091625	0.998667834320265
ds	moving	0	0	0	0	7	760	0.49855668460644	0.722877719091625	0.998667834320265
ds	moving	0	0	0	0	7	752	0.49855668460644	0.722877719091625	0.998667834320265
ds	moving	0	0	0	0	7	754	0.49855668460644	0.722877719091625	0.998667834320265
ds	moving	0	0	0	0	7	753	0.49855668460644	0.722877719091625	0.998667834320265
ds	moving	0	0	0	0	8	859	0.500409266450641	0.723189632796594	0.998830443243277
ds	moving	0	0	0	0	8	859	0.500409266450641	0.723189632796594	0.998830443243277
ds	moving	0	0	0	0	8	868	0.500409266450641	0.723189632796594	0.998830443243277
ds	moving	0	0	0	0	8	861	0.500409266450641	0.723189632796594	0.998830443243277
ds	moving	0	0	0	0	8	870	0.500409266450641	0.723189632796594	0.998830443243277
ds	moving	0	0	0	0	9	977	0.501822737163184	0.723426277737203	0.99810526408219
ds	moving	0	0	0	0	9	977	0.501822737163184	0.723426277737203	0.99810526408219
ds	moving	0	0	0	0	9	974	0.501822737163184	0.723426277737203	0.99810526408219
ds	moving	0	0	0	0	9	985	0.501822737163184	0.723426277737203	0.99810526408219
ds	moving	0	0	0	0	9	957	0.501822737163184	0.723426277737203	0.99810526408219
ds	moving	0	0	0	0	10	1087	0.502936490876332	0.723613298790985	0.998500644082323
ds	moving	0	0	0	0	10	1066	0.502936490876332	0.723613298790985	0.998500644082323
ds	moving	0	0	0	0	10	1078	0.502936490876332	0.723613298790985	0.998500644082323
ds	moving	0	0	0	0	10	1079	0.502936490876332	0.723613298790985	0.998500644082323
ds	moving	0	0	0	0	10	1079	0.502936490876332	0.723613298790985	0.998500644082323
ds	moving	0	0	0	0	12	1286	0.504579164929242	0.723890950686735	0.999357222455979
ds	moving	0	0	0	0	12	1302	0.504579164929242	0.723890950686735	0.999357222455979
ds	moving	0	0	0	0	12	1294	0.504579164929242	0.723890950686735	0.999357222455979
ds	moving	0	0	0	0	12	1292	0.504579164929242	0.723890950686735	0.999357222455979
ds	moving	0	0	0	0	12	1300	0.504579164929242	0.723890950686735	0.999357222455979
ds	moving	0	0	0	0	14	1488	0.505732254674308	0.724086905528759	0.999796696313228
ds	moving	0	0	0	0	14	1507	0.505732254674308	0.724086905528759	0.999796696313228
ds	moving	0	0	0	0	14	1488	0.505732254674308	0.724086905528759	0.999796696313228
ds	moving	0	0	0	0	14	1504	0.505732254674308	0.724086905528759	0.999796696313228
ds	moving	0	0	0	0	14	1517	0.505732254674308	0.724086905528759	0.999796696313228
ds	moving	0	0	0	0	16	1727	0.506586148675771	0.724231474751668	0.99934178915848
ds	moving	0	0	0	0	16	1724	0.506586148675771	0.724231474751668	0.99934178915848
ds	moving	0	0	0	0	16	1690	0.506586148675771	0.724231474751668	0.99934178915848
ds	moving	0	0	0	0	16	1744	0.506586148675771	0.724231474751668	0.99934178915848
ds	moving	0	0	0	0	16	1724	0.506586148675771	0.724231474751668	0.99934178915848
ds	moving	0	0	0	0	18	1924	0.507243881376891	0.724343253679547	0.998989049974606
ds	moving	0	0	0	0	18	1927	0.507243881376891	0.724343253679547	0.998989049974606
ds	moving	0	0	0	0	18	1943	0.507243881376891	0.724343253679547	0.998989049974606
ds	moving	0	0	0	0	18	1934	0.507243881376891	0.724343253679547	0.998989049974606
ds	moving	0	0	0	0	18	1933	0.507243881376891	0.724343253679547	0.998989049974606
ds	moving	0	0	0	0	20	2155	0.507766063152683	0.724432261077079	0.998707536901086
ds	moving	0	0	0	0	20	2150	0.507766063152683	0.724432261077079	0.998707536901086
ds	moving	0	0	0	0	20	2140	0.507766063152683	0.724432261077079	0.998707536901086
ds	moving	0	0	0	0	20	2148	0.507766063152683	0.724432261077079	0.998707536901086
ds	moving	0	0	0	0	20	2132	0.507766063152683	0.724432261077079	0.998707536901086
none	none	0	0	0	0	20	3689	0.0559816530725836	0.559419435443841	0.994496631566341
none	periodic	0	0	0	0	20	3747	0.076917629799707	0.52986721399915	0.996612628272968
none	fixed	0	0	0	0	20	1627	0.212613754836566	0.63015792519394	0.979014590027676
ps	none	0	0	0	0	20	4309	0.293333913785111	0.621441156695515	0.997139444090093
ps	periodic	0	0	0	0	20	5329	0.248545578248123	0.604371757350244	0.988968334139777
ps	fixed	0	0	0	0	20	1616	0.288668205321255	0.653757978847099	0.992629381327984
ps	moving	0	0	0	0	20	1682	0.507766063152756	0.724432261077079	0.998707536901088
ds	none	0	0	0	0	20	8460	0.282644255751555	0.64195849183293	0.999684496639525
ds	periodic	0	0	0	0	20	10382	0.273008122405076	0.621061295724041	0.997490505085143
ds	fixed	0	0	0	0	20	2566	0.288668205321205	0.653757978847104	0.992629381328048
ds	moving	0	0	0	0	20	2449	0.507766063152683	0.724432261077079	0.998707536901086
