sliding type	periodicity type	greedy	doubled edge	tol	tolCrit	steps	cpu time [ms]	Qmin	Qmean	Qmax
none	none	1	1	7.6e-006	0	1	24579	0.271912554111749	0.910761053428294	0.99993975822933
none	none	1	1	7.6e-006	0	2	33678	0.281509298195303	0.910553527674903	0.999896465981635
none	none	1	1	7.6e-006	0	3	50688	0.283326125814086	0.910594440531997	0.999958683648316
none	none	1	1	7.6e-006	0	4	54171	0.265499457960166	0.910380695533743	0.999885076397527
none	none	1	1	7.6e-006	0	6	70872	0.264082326312838	0.909418199715431	0.999954401183696
none	none	1	1	7.6e-006	0	8	82433	0.226883765994155	0.908777184835412	0.99994878188955
none	none	1	1	7.6e-006	0	10	107945	0.238409184990481	0.908350897120352	0.99994706608543
none	periodic	1	1	7.6e-006	0	1	26244	0.224756677257594	0.906806761659613	0.99989857078891
none	periodic	1	1	7.6e-006	0	2	38495	0.233773246533248	0.906147140825078	0.999945026733572
none	periodic	1	1	7.6e-006	0	3	50041	0.234152530837394	0.905660690950406	0.999908110785012
none	periodic	1	1	7.6e-006	0	4	58893	0.234592199223759	0.905326908664564	0.999734825449698
none	periodic	1	1	7.6e-006	0	6	79984	0.225616635111647	0.904361550256935	0.999868727121974
none	periodic	1	1	7.6e-006	0	8	91121	0.199766184298822	0.902630612730073	0.999974166616885
none	periodic	1	1	7.6e-006	0	10	114488	0.195895241318175	0.90256955170451	0.999965756931429
none	fixed	1	1	7.6e-006	0	1	14443	0.286710981235306	0.908766803730747	0.999845390410723
none	fixed	1	1	7.6e-006	0	2	24242	0.301141287176193	0.910227373211805	0.999779518779445
none	fixed	1	1	7.6e-006	0	3	29919	0.301890966780663	0.911169284016305	0.999441528962019
none	fixed	1	1	7.6e-006	0	4	36398	0.30461026716338	0.911081183774072	0.999759583198902
none	fixed	1	1	7.6e-006	0	6	44421	0.308795215531745	0.910884640371637	0.999824771238377
none	fixed	1	1	7.6e-006	0	8	59072	0.308949156909623	0.910724698398331	0.999944687855129
none	fixed	1	1	7.6e-006	0	10	70408	0.308348930676584	0.910721235869642	0.999891109508502
ps	none	1	1	7.6e-006	0	1	22228	0.339571225300972	0.9256401204245	0.999998781673073
ps	none	1	1	7.6e-006	0	2	31567	0.342927264391286	0.924811456712278	0.999989202572724
ps	none	1	1	7.6e-006	0	3	42511	0.330501898488827	0.925092114160309	0.999985629506181
ps	none	1	1	7.6e-006	0	4	44344	0.327369155119914	0.925508586130775	0.999992097086452
ps	none	1	1	7.6e-006	0	6	55966	0.323745253564551	0.925919218560484	0.99998499770136
ps	none	1	1	7.6e-006	0	8	67022	0.322384949079263	0.924703132200506	0.999987133325656
ps	none	1	1	7.6e-006	0	10	76621	0.279134844776471	0.924259622401716	0.99997962964101
ps	periodic	1	1	7.6e-006	0	1	21054	0.177022550742455	0.897890437535916	0.999983897374627
ps	periodic	1	1	7.6e-006	0	2	30912	0.227182354709114	0.896723641390757	0.999815055007445
ps	periodic	1	1	7.6e-006	0	3	40239	0.235236316877047	0.896042297989935	0.999878079824458
ps	periodic	1	1	7.6e-006	0	4	52805	0.194692747316319	0.896542896241476	0.999882034539917
ps	periodic	1	1	7.6e-006	0	6	60964	0.229166656825799	0.893677061299545	0.999920408962908
ps	periodic	1	1	7.6e-006	0	8	71284	0.18719783031665	0.89172631560402	0.99988821864863
ps	periodic	1	1	7.6e-006	0	10	90000	0.200372590990092	0.891655482549275	0.999888489329309
ps	fixed	1	1	7.6e-006	0	1	11598	0.282867851858665	0.904995859434141	0.999739899000793
ps	fixed	1	1	7.6e-006	0	2	17325	0.301224357041724	0.90567141665374	0.999756185139396
ps	fixed	1	1	7.6e-006	0	3	25112	0.307752697950718	0.905893207290318	0.999928892106153
ps	fixed	1	1	7.6e-006	0	4	32163	0.308497106778009	0.905927692895245	0.999848730309451
ps	fixed	1	1	7.6e-006	0	6	39206	0.310448665344345	0.904341828251356	0.999803992952204
ps	fixed	1	1	7.6e-006	0	8	55465	0.314973987119752	0.903779627906291	0.99976965409431
ps	fixed	1	1	7.6e-006	0	10	60771	0.315679131460457	0.900775274237585	0.999694348240774
ps	moving	1	1	7.6e-006	0	1	11694	0.279477621812104	0.88273166094436	0.999106375932826
ps	moving	1	1	7.6e-006	0	2	19237	0.288678870398207	0.883619569642563	0.999134721651772
ps	moving	1	1	7.6e-006	0	3	24182	0.294269231450448	0.884802014166247	0.999655066435919
ps	moving	1	1	7.6e-006	0	4	31402	0.291877515512731	0.884852344309529	0.99993539134258
ps	moving	1	1	7.6e-006	0	6	43570	0.283878120180316	0.884478978173859	0.999742507806581
ps	moving	1	1	7.6e-006	0	8	52091	0.305051889228097	0.884039310534927	0.999629928262967
ps	moving	1	1	7.6e-006	0	10	63621	0.303018917565203	0.883278453925038	0.999796922943899
ds	none	1	1	7.6e-006	0	1	24448	0.325579135429743	0.926060956549205	0.999941179535089
ds	none	1	1	7.6e-006	0	2	31653	0.336113327363352	0.925635278857444	0.99998255348759
ds	none	1	1	7.6e-006	0	3	39408	0.326270600851194	0.925206533902172	0.99997485823565
ds	none	1	1	7.6e-006	0	4	43024	0.320862549178957	0.925117189299363	0.999951902347854
ds	none	1	1	7.6e-006	0	6	51794	0.318886891698057	0.925986536877997	0.999994556907663
ds	none	1	1	7.6e-006	0	8	59189	0.284294903645453	0.923088357818782	0.999984566787521
ds	none	1	1	7.6e-006	0	10	68455	0.22749035801942	0.921706729303416	0.999948167406517
ds	periodic	1	1	7.6e-006	0	1	24885	0.211780025673646	0.897190253610771	0.99983757771166
ds	periodic	1	1	7.6e-006	0	2	33643	0.226329942957934	0.897253444110888	0.999776032272571
ds	periodic	1	1	7.6e-006	0	3	41463	0.236739156482501	0.896479378348051	0.999838503938799
ds	periodic	1	1	7.6e-006	0	4	51181	0.238469127467955	0.895780814531447	0.999824257171147
ds	periodic	1	1	7.6e-006	0	6	68355	0.227633408851529	0.895234451948222	0.999837681959991
ds	periodic	1	1	7.6e-006	0	8	72594	0.179734062209962	0.891396652561545	0.999900589384252
ds	periodic	1	1	7.6e-006	0	10	88501	0.188127967054359	0.890093727067033	0.999642531896511
ds	fixed	1	1	7.6e-006	0	1	12494	0.28286785204723	0.904995859441691	0.999739899022772
ds	fixed	1	1	7.6e-006	0	2	17450	0.30122435639332	0.905671416659687	0.999756184846177
ds	fixed	1	1	7.6e-006	0	3	25276	0.307752697679691	0.905893207287854	0.999928891973429
ds	fixed	1	1	7.6e-006	0	4	32144	0.308497106338708	0.905927692891362	0.999848730265965
ds	fixed	1	1	7.6e-006	0	6	39314	0.31044866531098	0.904341828251146	0.999803992973256
ds	fixed	1	1	7.6e-006	0	8	50303	0.314973987084968	0.903779627906088	0.999769654105755
ds	fixed	1	1	7.6e-006	0	10	56180	0.315679131493865	0.900775274237528	0.999694348238601
ds	moving	1	1	7.6e-006	0	1	12122	0.279477621109784	0.88273166094466	0.999106376264089
ds	moving	1	1	7.6e-006	0	2	19703	0.288678869474027	0.88361956962492	0.999134721714602
ds	moving	1	1	7.6e-006	0	3	24342	0.294269231350574	0.884802014163347	0.999655066427706
ds	moving	1	1	7.6e-006	0	4	28699	0.291877516005813	0.884852344307184	0.999935391375997
ds	moving	1	1	7.6e-006	0	6	39017	0.283878120135518	0.884478978173667	0.999742507808678
ds	moving	1	1	7.6e-006	0	8	48344	0.305051889278947	0.88403931053624	0.999629928260118
ds	moving	1	1	7.6e-006	0	10	58028	0.303018917557039	0.883278453924858	0.999796922939233
none	none	1	1	7.6e-006	0	2	35978	0.281509298195303	0.910553527674903	0.999896465981635
none	none	1	1	7.6e-006	0	2	34342	-1.11622523618101	nan	0.999844939453915
none	none	1	1	7.6e-006	0	2	35432	-6.97193306971604	nan	0.999726694477472
none	none	1	1	7.6e-006	0	2	36688	0.281509298195303	0.910553527674903	0.999896465981635
none	periodic	1	1	7.6e-006	0	2	39475	0.233773246533248	0.906147140825078	0.999945026733572
none	fixed	1	1	7.6e-006	0	2	24218	0.301141287176193	0.910227373211805	0.999779518779445
ps	none	1	1	7.6e-006	0	2	35646	-25.2321318070262	nan	0.999961783274923
ps	none	1	1	7.6e-006	0	2	33840	-36.5775563745633	nan	0.999967645775263
none	none	1	1	7.6e-006	0	2	38495	0.281509298195303	0.910553527674903	0.999896465981635
none	none	1	1	7.6e-006	0	2	34266	0.281509298195303	0.910553527674903	0.999896465981635
none	periodic	1	1	7.6e-006	0	2	40014	0.233773246533248	0.906147140825078	0.999945026733572
none	fixed	1	1	7.6e-006	0	2	25735	0.301141287176193	0.910227373211805	0.999779518779445
ps	none	1	1	7.6e-006	0	2	34228	-36.5775563745633	nan	0.999967645775263
ps	periodic	1	1	7.6e-006	0	2	37081	-1.05450757437663	nan	0.999791709539676
ps	fixed	1	1	7.6e-006	0	2	20113	-0.00656338205332455	nan	0.999756185139396
ps	moving	1	1	7.6e-006	0	2	20646	-0.281966874735747	nan	0.999134721536306
ds	none	1	1	7.6e-006	0	2	37798	-0.18481583826983	nan	0.999974383828252
ds	periodic	1	1	7.6e-006	0	2	37303	-1.49319414068183	nan	0.999776032482192
ds	fixed	1	1	7.6e-006	0	2	20602	-0.00656340029077119	nan	0.999756184911971
ds	moving	1	1	7.6e-006	0	2	22050	-0.281966823312433	nan	0.999134721714602
ps	none	1	1	7.6e-006	0	1	23329	-19.1071393235324	nan	0.999998477379075
ps	none	1	1	7.6e-006	0	1	21389	0.339571225300972	0.9256401204245	0.999998781673073
ps	none	1	1	7.6e-006	0	2	33644	0.342927264391286	0.924811456712278	0.999989202572724
ps	fixed	1	1	7.6e-006	0	2	19017	0.301224357041724	0.90567141665374	0.999756185139396
ps	fixed	1	1	7.6e-006	0	2	19199	-0.00656337250959525	nan	0.999756185217265
ps	fixed	1	1	7.6e-006	0	2	17366	0.30117232053968	0.905669872357844	0.999756185139396
ps	fixed	1	1	7.6e-006	0	2	19385	-12.8010429076208	nan	0.999756185139396
ps	moving	1	1	7.6e-006	0	2	20613	0.288678870398207	0.883619569642563	0.999134721651772
