0.580589845225877
0.518061951523922
0.443953498392418
0.369851875829285
0.314091152380714
0.290628770086936
0.301648146601687
0.338130703263667
0.386549612569699
0.437125628657376
0.485648900391302
0.531149178611523
0.573937410295697
0.614665586937681
0.65396667560045
0.692331170030019
0.730068735365093
0.767302235009795
0.80398181668137
0.839917616172079
0.874833254979024
0.908418164271602
0.940410748561019
0.970415309251635
0.998051255306731
0.553698635615341
0.490392138021714
0.411827406947281
0.333644059599928
0.27497423732061
0.249857649510198
0.260944873973069
0.300530436370788
0.355626033896882
0.414982993064205
0.47268595524356
0.526842951953412
0.577432446696315
0.625073298376396
0.670497217143695
0.714335989791407
0.757020742101229
0.79872455208127
0.839339960010275
0.878501066348541
0.915656910463632
0.950165906493556
0.981396562710087
0.990552355995341
0.967671500088033
0.530217658636861
0.465049826748344
0.384328746838907
0.3044132212565
0.244400722129076
0.217771493635728
0.227649531682371
0.268298872012714
0.328559181595789
0.396281343015651
0.463412005601313
0.526580698796625
0.585119857814875
0.639532021866006
0.690700055142083
0.739506163759398
0.7866172855985
0.832339042881807
0.876522925719623
0.918553241672338
0.957446121783055
0.992062021807425
0.976882653477625
0.95582637373335
0.936705371242771
0.510234452858993
0.443287949588005
0.361895602390782
0.281885576811536
0.221502827287194
0.193314691056299
0.201078955817589
0.241395989565638
0.30561306532579
0.3814465061491
0.458467144122011
0.531154658742867
0.597776349652478
0.658638814385816
0.71489076721479
0.767835528967522
0.81853988061735
0.867582136493357
0.914865216953706
0.95952948467203
0.982572044155831
0.95923861042016
0.939360919953292
0.922297055135758
0.907295652511799
0.493368864017094
0.425256271909818
0.34441620346604
0.265505960593407
0.205319140121369
0.175418581944667
0.180390226870754
0.219506546905726
0.28686148017913
0.370880050218067
0.458625349214314
0.541568926203784
0.616388770487568
0.683178423464987
0.743575815422213
0.799530856429242
0.852684585866725
0.904063799875968
0.953806374016362
0.963693043201874
0.938273089573372
0.918467206313856
0.902828119009811
0.890238480767033
0.879880029741416
0.479221458117676
0.410829199377829
0.33165822323626
0.254782875684238
0.195152455329905
0.163372978921536
0.164956459858518
0.202257100059481
0.272353144923948
0.365148711884902
0.464986829723591
0.559153251853108
0.642134594269469
0.713988190241257
0.777253827842167
0.834787004618412
0.888917228471727
0.941293627894141
0.948722104410432
0.916770265358243
0.89401867364198
0.878321449834648
0.867473465845146
0.859853165412753
0.85458453889175
0.467433256700315
0.399809774180535
0.323440655723207
0.249445485929055
0.190702002847753
0.156962189002192
0.154578949875443
0.189357689748085
0.262234584038576
0.365187864316558
0.4792543412033
0.585726924161621
0.676325269461797
0.751730542263292
0.81610952052133
0.873473342545057
0.926796925943836
0.94544302638111
0.901303511333166
0.870048164217768
0.850304434438759
0.839193100137688
0.833615271700338
0.831375024080056
0.831544969871717
0.457723566830058
0.39202896879746
0.319675057816064
0.24948546948094
0.192111862319262
0.156525076450444
0.149698730303871
0.180850460311266
0.25687450622342
0.372620057729833
0.504226277625494
0.623815419540575
0.720204201352618
0.79644632722507
0.859493909789559
0.914665456748642
0.960896650196866
0.901346397861468
0.855320772322167
0.82478912030755
0.808218903705457
0.801904498925074
0.801786379177071
0.805080488720271
0.810856055540755
0.449897205945424
0.387356084968765
0.320337506109917
0.255127484328521
0.199997471370485
0.163067944183206
0.151733943144529
0.177760169231285
0.25704620859971
0.390323797890271
0.544742710172446
0.676867624570672
0.774414943200982
0.846779379090373
0.905166663133562
0.9560683167426
0.923841287067983
0.860685960242154
0.812833568998859
0.783147031484221
0.769662261329657
0.767837197186582
0.772798324874302
0.781336043111358
0.792616924103782
0.443868937342511
0.385694303583651
0.32540141934567
0.266725662903275
0.215427367396328
0.178473368889558
0.163547010083736
0.183548724213738
0.264623472027949
0.423423522447659
0.609489031044065
0.749022998375232
0.837773415907811
0.898916660205851
0.948533038611418
0.965204894293091
0.892470459240456
0.825829485425218
0.776843585710919
0.748243490237059
0.737266401949859
0.738800791046292
0.747645159269855
0.760559829510876
0.776927552403723
0.43972344889507
0.386997170947641
0.334765558706651
0.284566445291671
0.239729667662135
0.205646529991505
0.190018864338679
0.206349006320874
0.286720624707202
0.480706361551379
0.713376948371468
0.841825101979868
0.904922636032695
0.945977420286051
0.982653224386438
0.945313125581811
0.868966078102418
0.80017039154694
0.751451303387114
0.7237777861193
0.713767295112924
0.716483910940885
0.727183128193621
0.743105617683263
0.7638719337378
0.437834286982403
0.391358001512168
0.348249940066236
0.308616468784174
0.273939122434827
0.24804865996665
0.238430344339223
0.26025366420249
0.349994805460731
0.582219886121977
0.86698971137991
0.939915384591094
0.964334510123382
0.980345807486698
0.994979015506838
0.936547168133323
0.856523932481462
0.788823879908127
0.740998165628223
0.712476112399529
0.700551440232827
0.701466746830394
0.711647832402692
0.72910900744021
0.753492202137378
0.4390485643687
0.399215326129784
0.365773025685715
0.338421576170305
0.31796379554392
0.307758853703527
0.316075307386931
0.362045302621552
0.490678423045255
0.763145432829969
0.938361882047274
0.859788850764511
0.794208065128189
0.744806364335668
0.712183079646223
0.695340955463166
0.692124597906604
0.700270613402656
0.718396282031394
0.745772804729735
0.444905825249139
0.411662979292764
0.387774981159036
0.373484488556732
0.370259940186896
0.382686408355156
0.421632364343113
0.509933996095889
0.67903014676248
0.877783912864409
0.964699528044788
0.974080806047054
0.978999973591311
0.980779731623668
0.974962388245854
0.918907846522246
0.853851268394255
0.794803561433152
0.746214151115809
0.711156339385666
0.690714354402773
0.684482623981557
0.691429922263462
0.710562784414273
0.740647119224885
0.457818544754293
0.430767336546691
0.415764283410578
0.414166948329668
0.428951849236779
0.46665744011416
0.539288933968597
0.659570021098478
0.799550622638418
0.857565946565452
0.862299588884794
0.879035350685088
0.894128344857943
0.900934554448206
0.877009377143281
0.832574851742946
0.790191500363554
0.752940734552426
0.719701337261275
0.693613804824886
0.677897231269797
0.674364010740893
0.683569871284224
0.705223190028565
0.738023024901816
0.481153777331605
0.459783247593581
0.452747042694234
0.462636228403908
0.493902439497283
0.55381475856783
0.649025409161025
0.763267906334755
0.823828669442401
0.79735327996365
0.764544575702163
0.760433140503336
0.770213874506197
0.779078169470117
0.751897079917884
0.721846710216358
0.697784936936243
0.680521160451168
0.66734384706588
0.65822728652729
0.655290746346381
0.660822508521898
0.676321606934305
0.702265466478097
0.737806759233263
0.519175601124938
0.503204168668131
0.503370693263745
0.523253611927221
0.567894468176963
0.642264205124377
0.739766893113785
0.81494823665583
0.807232042078237
0.746458710573273
0.698113354475102
0.679132303311917
0.682374450148857
0.674354332104031
0.651047805620013
0.631949599132819
0.61948095107325
0.613984481257665
0.614205061844126
0.619444056871359
0.630080698110747
0.646942690324787
0.670760016259929
0.701898879859152
0.73990448268589
0.576576924884945
0.566284218664151
0.573276900607103
0.601514030609308
0.654932806757212
0.732363700780051
0.811518995982251
0.839565875770336
0.793713601436686
0.722811094183729
0.670793869045312
0.647406993240492
0.638523014600835
0.608979938818317
0.58878359159126
0.575568700957653
0.569067307879832
0.569376826241576
0.576471260604649
0.590317767733126
0.61073196708922
0.637111114818803
0.668583210223042
0.704466144388233
0.744199720798097
0.656779820550303
0.65293434236726
0.666314044031118
0.700143825257148
0.755071493332866
0.821864991907655
0.870355854030288
0.862586308684082
0.803194975570207
0.734671213446864
0.685801765047453
0.653569424086077
0.608024036074817
0.578657373382912
0.559965792683094
0.549057582835849
0.544902362304443
0.54757620434022
0.55769307462482
0.575832700150248
0.601837118380024
0.634334913030901
0.671101028995879
0.710184237859769
0.750522848361542
0.758208360997071
0.761041566007808
0.77888806036608
0.812911557921165
0.859487763474707
0.904732443391029
0.923489303928672
0.898123037602631
0.841495951109246
0.782545365766324
0.709028605895945
0.646761292688255
0.603859430705506
0.57520390982551
0.556752486748944
0.546055444878229
0.542152655416617
0.545252887535814
0.55624625472192
0.575975225113594
0.604326804750854
0.639583361326777
0.678752195542782
0.718979143949233
0.758630709317591
0.870142278582164
0.877742987410877
0.895687584338236
0.922887243359537
0.953593424272562
0.975971197124839
0.975960716013695
0.938589144479971
0.859576978369717
0.779822241343506
0.711492173241167
0.658301326067058
0.619165115174782
0.591434307587772
0.572617946584687
0.561100796827233
0.556339848506754
0.558749306159293
0.569299756529661
0.588817896368409
0.617102248013881
0.652282559703921
0.691129269985575
0.730453175404932
0.768203548613684
0.914268164651055
0.932036825336689
0.949422460781349
0.963539522191559
0.969460275163266
0.961045114865665
0.933937139768686
0.889233027019049
0.833904640353305
0.776934723710204
0.725135402046866
0.681770223669097
0.647385571731815
0.621190920484029
0.602141899977432
0.589583238790842
0.583524771087687
0.584610282495261
0.593793026202828
0.611737913423952
0.638079722951289
0.670926448692436
0.707212392489535
0.743944058053588
0.778860134604571
0.909571175162481
0.919010684713162
0.926195869150541
0.928972683460055
0.924986122493892
0.912161297153202
0.889595501878454
0.858352187595564
0.8213941267369
0.782537672411078
0.74517155426328
0.711527883364906
0.682672250046671
0.658918490606386
0.640330674421218
0.627113525726941
0.61980906650152
0.619269967463958
0.626400275873926
0.641686570124249
0.664642527927263
0.693503449955042
0.725624450911781
0.758594113558918
0.790179574276418
0.899080791925072
0.902573812922513
0.904000611659167
0.901699583099801
0.89485115807192
0.883022781582317
0.866259649973212
0.845178979744009
0.820931144762892
0.794975830048443
0.768778198371363
0.743576003905635
0.720309286106426
0.699702277026475
0.68242152168134
0.669222009170084
0.66101100952387
0.658783134363768
0.663403749013759
0.675258976057401
0.693875463687596
0.717783980970558
0.744878231877174
0.773506947104725
0.801749079287614
0.891463007156213
0.893343031148282
0.892902187277174
0.889514160520282
0.883103477174846
0.873756182386346
0.861694946022221
0.847254480550733
0.830873946631342
0.813072868549832
0.794422167559357
0.77552504280565
0.75702186870334
0.739619683422636
0.724130969521757
0.711494743860169
0.702748985478272
0.698927486741948
0.700868311106861
0.708954548138967
0.722871915646025
0.741562317009415
0.763541090939746
0.787660269063085
0.813078630003964
