1857	0.00000130889248303061	-0.00002562718295527194
1856	0.00000023089654014093	-0.00000000074053556779
1858	0.00000427549742081739	-0.00005238170710121323
1859	0.00000892250012510331	-0.00007980793638158759
1860	0.00001507738659725534	-0.00010753702585665836
1861	0.00002266843606397290	-0.00013524148743603067
1862	0.00003154967032172436	-0.00016266655181424128
1863	0.00004157761896635642	-0.00018961278578462571
1864	0.00005269011877805548	-0.00021588614556866973
1865	0.00006489912730737093	-0.00024127258891639086
1866	0.00007805598887562198	-0.00026566836664875887
1867	0.00009211947179537793	-0.00028893662886422854
1868	0.00010710882085017852	-0.00031090841039714545
1869	0.00012295102885890357	-0.00033149227753767233
1870	0.00013959038314621558	-0.00035060772449428831
1871	0.00015699763230457553	-0.00036817056486140642
1872	0.00017518487310096151	-0.00038406721020754558
1873	0.00019407377802907951	-0.00039829650107415414
1874	0.00021361908367721545	-0.00041085482724790824
1875	0.00023378008930969744	-0.00042176314816798447
1876	0.00025451148839330536	-0.00043108149410325678
1877	0.00027578154313472226	-0.00043888256179267713
1878	0.00029751809031036415	-0.00044533414557766101
1879	0.00031966705148835713	-0.00045059154743835910
1880	0.00034218241105699000	-0.00045480144502807631
1881	0.00036502182279897792	-0.00045810680934008649
1882	0.00038814685088318679	-0.00046064470716093757
1883	0.00041152313069477966	-0.00046254425347696761
1884	0.00043512717393942764	-0.00046390383498280929
1885	0.00045892254027605952	-0.00046485966326329599
1886	0.00048288586205224947	-0.00046551221674545986
1887	0.00050699667256794525	-0.00046595141057703806
1888	0.00053123709665604726	-0.00046625639575210303
1889	0.00055559154559468112	-0.00046649545898743122
1890	0.00058004642535952318	-0.00046672598883017543
1891	0.00060459276022952000	-0.00046697772471998719
1892	0.00062921675001203494	-0.00046730224865333615
1893	0.00065390906399080402	-0.00046772555623413313
1894	0.00067866165125709795	-0.00046826143397245816
1895	0.00070346725669447876	-0.00046891315022871825
1896	0.00072831925001375596	-0.00046967367955738019
1897	0.00075321231870165086	-0.00047051577493870833
1898	0.00077813975211974589	-0.00047142399596992736
1899	0.00080309496287873081	-0.00047238904332262981
1900	0.00082807235712943389	-0.00047339395669027080
1901	0.00085306661175755995	-0.00047442245757022618
1902	0.00087807272961711068	-0.00047545013830265794
1903	0.00090308553241179074	-0.00047645602855016006
1904	0.00092810042233888593	-0.00047744075914120837
1905	0.00095311342582291491	-0.00047839100426235240
1906	0.00097812079706484866	-0.00047929154927308146
1907	0.00100311780152995893	-0.00048010933150327513
1908	0.00102810239122290881	-0.00048085676931353122
1909	0.00105307199857040891	-0.00048152313805540199
1910	0.00107802322202682922	-0.00048208666770772543
1911	0.00110295316653255906	-0.00048253344854172795
1912	0.00112786155454469941	-0.00048287051801063356
1913	0.00115274650374366924	-0.00048308550148685900
1914	0.00117760371697568926	-0.00048314905182810365
1915	0.00120243520724123932	-0.00048307814852547129
1916	0.00122723978620539916	-0.00048286228935952129
1917	0.00125201288089521945	-0.00048247114105867944
1918	0.00127675793119249952	-0.00048192342298730581
1919	0.00130147341054550974	-0.00048120565882986367
1920	0.00132615615381899963	-0.00048029728450231946
1921	0.00135080988425842962	-0.00047921353324359840
1922	0.00137543182041026954	-0.00047793529642587741
1923	0.00140002188930595959	-0.00047645792224107708
1924	0.00142458299809976948	-0.00047478941354016808
1925	0.00144911046883252985	-0.00047290367120782212
1926	0.00147360860929707954	-0.00047081444815836682
1927	0.00149807711464121970	-0.00046851451316229359
1928	0.00152251369990839000	-0.00046598930516313157
1929	0.00154692314826705007	-0.00046325220506525789
1930	0.00157130197392305005	-0.00046028390334244319
1931	0.00159565329602145999	-0.00045709071835569682
1932	0.00161997846570343025	-0.00045367154938116236
1933	0.00164427477044665031	-0.00045001086545895725
1934	0.00166854757984912015	-0.00044612180396990015
1935	0.00169279450905631995	-0.00044198990960830388
1936	0.00171701805368370034	-0.00043761775361492476
1937	0.00174122067889698044	-0.00043300723835342858
1938	0.00176539964106487042	-0.00042814305952243534
1939	0.00178956045109974018	-0.00042303681941406607
1940	0.00181370237644290022	-0.00041767968076843371
1941	0.00183782658021651034	-0.00041206936824378539
1942	0.00186193639293957044	-0.00040621058510991451
1943	0.00188603052982074036	-0.00040009407148251650
1944	0.00191011233497349062	-0.00039372528631509760
1945	0.00193418375775288053	-0.00038710568870178511
1946	0.00195824373354854106	-0.00038022823351163649
1947	0.00198229629694669091	-0.00037310166194430881
1948	0.00200634278238646067	-0.00036572714887910977
1949	0.00203038302261571071	-0.00035810216460156736
1950	0.00205442051138733043	-0.00035023558725234366
1951	0.00207845671685643035	-0.00034213110209135747
1952	0.00210249237058228108	-0.00033379114081690268
1953	0.00212653012759803041	-0.00032522460119905526
1954	0.00215057181559061067	-0.00031643899198297980
1955	0.00217461901397892092	-0.00030744221941816918
1956	0.00219867362549627061	-0.00029824431449075914
1957	0.00222273784024032027	-0.00028885742309642953
1958	0.00224681352477187077	-0.00027929417528706505
1959	0.00227090268179536061	-0.00026956909976138979
1960	0.00229500756189837023	-0.00025969903763573032
1961	0.00231913007779137054	-0.00024970115200660540
1962	0.00234327219058985030	-0.00023959313169811229
1963	0.00236743583932606068	-0.00022939273813055776
1964	0.00239162329471177045	-0.00021911879134785012
1965	0.00241583652186058056	-0.00020878932430579131
1966	0.00244007704321348023	-0.00019842115297009121
1967	0.00246434665016313044	-0.00018803193328318632
1968	0.00248864711392474038	-0.00017763934675078713
1969	0.00251298019299866062	-0.00016726115555209181
1970	0.00253734764316971033	-0.00015691528410504812
1971	0.00256175154136050040	-0.00014662087737948477
1972	0.00258619357251768048	-0.00013639625791914839
1973	0.00261067525697333000	-0.00012625969698775813
1974	0.00263519845675230053	-0.00011623113670355338
1975	0.00265976512600338061	-0.00010633166403544732
1976	0.00268437734339889000	-0.00009658390630346632
1977	0.00270903735166710046	-0.00008701254793992930
1978	0.00273374771774142003	-0.00007764539004348111
1979	0.00275851231277182999	-0.00006851734136891628
1980	0.00278333307716872001	-0.00005965868761742034
1981	0.00280821229116850991	-0.00005110089914436127
1982	0.00283315228950670010	-0.00004287595310246114
1983	0.00285815707299269008	-0.00003502311514023053
1984	0.00288322629564661008	-0.00002756763420047980
1985	0.00290836314097008995	-0.00002055150107282674
1986	0.00293355461165294021	-0.00001402845138502931
1987	0.00295459076635758979	-0.00000901121157393980
1988	0.00297215333003239979	-0.00000516473532555351
1989	0.00298681329277250985	-0.00000223613698421873
1990	0.00299903854451180011	-0.00000000074053452635
2123	0.00000130889248303059	0.00002562718367363399
2122	0.00000427549742081731	0.00005238171166406766
2121	0.00000892250012510314	0.00007980794832295615
2120	0.00001507738659725506	0.00010753704751047446
2119	0.00002266843606397250	0.00013524151933179640
2118	0.00003154967032172384	0.00016266659136852081
2117	0.00004157761896635578	0.00018961283285609014
2116	0.00005269011877805472	0.00021588619505854916
2115	0.00006489912730737007	0.00024127263657402361
2114	0.00007805598887562102	0.00026566840825050371
2113	0.00009211947179537687	0.00028893666075750177
2112	0.00010710882085017745	0.00031090842995752383
2111	0.00012295102885890246	0.00033149228352195577
2110	0.00013959038314621442	0.00035060771728460060
2109	0.00015699763230457442	0.00036817054654478016
2108	0.00017518487310096042	0.00038406718446534988
2107	0.00019407377802907846	0.00039829647285949009
2106	0.00021361908367721451	0.00041085480225302768
2105	0.00023378008930969660	0.00042176313213618450
2104	0.00025451148839330466	0.00043108149205890251
2103	0.00027578154313472172	0.00043888257737200684
2102	0.00029751809031036377	0.00044533418058724164
2101	0.00031966705148835697	0.00045059160189035323
2100	0.00034218241105699005	0.00045480151743577344
2099	0.00036502182279897808	0.00045810689697332673
2098	0.00038814685088318717	0.00046064480639208870
2097	0.00041152313069478026	0.00046254436013756258
2096	0.00043512717393942834	0.00046390394473043483
2095	0.00045892254027606050	0.00046485977171219792
2094	0.00048288586205225056	0.00046551231975495500
2093	0.00050699667256794677	0.00046595150445149906
2092	0.00053123709665604877	0.00046625647734512216
2091	0.00055559154559468285	0.00046649552576165186
2090	0.00058004642535952492	0.00046672603898391385
2089	0.00060459276022952195	0.00046697775717843127
2088	0.00062921675001203700	0.00046730226298082056
2087	0.00065390906399080608	0.00046772555269881369
2086	0.00067866165125709990	0.00046826141345025947
2085	0.00070346725669448115	0.00046891311414095971
2084	0.00072831925001375813	0.00046967362978009248
2083	0.00075321231870165324	0.00047051571366109627
2082	0.00077813975211974795	0.00047142392554511532
2081	0.00080309496287873309	0.00047238896617067126
2080	0.00082807235712943595	0.00047339387520967986
2079	0.00085306661175756201	0.00047442237420348504
2078	0.00087807272961711318	0.00047545005492337540
2077	0.00090308553241179323	0.00047645594723402687
2076	0.00092810042233888821	0.00047744068157934834
2075	0.00095311342582291708	0.00047839093168371567
2074	0.00097812079706485104	0.00047929148319767308
2073	0.00100311780152996109	0.00048010927200310997
2072	0.00102810239122291076	0.00048085671052759986
2071	0.00105307199857041108	0.00048152309489078466
2070	0.00107802322202683095	0.00048208663261098503
2069	0.00110295316653256101	0.00048253342183265859
2068	0.00112786155454470071	0.00048287049831353881
2067	0.00115274650374367119	0.00048308548873683140
2066	0.00117760371697569078	0.00048314904534170141
2065	0.00120243520724124062	0.00048307814747768876
2064	0.00122723978620540046	0.00048286229285209503
2063	0.00125201288089522096	0.00048247114815552143
2062	0.00127675793119250060	0.00048192343270509917
2061	0.00130147341054551039	0.00048120567019160361
2060	0.00132615615381900050	0.00048029729657188177
2059	0.00135080988425843071	0.00047921354509498112
2058	0.00137543182041027041	0.00047793530720230610
2057	0.00140002188930596024	0.00047645793116728538
2056	0.00142458299809976991	0.00047478941989155158
2055	0.00144911046883253029	0.00047290367437610161
2054	0.00147360860929707997	0.00047081444761066046
2053	0.00149807711464122013	0.00046851450846943361
2052	0.00152251369990839000	0.00046598929600993123
2051	0.00154692314826705007	0.00046325219122831757
2050	0.00157130197392304984	0.00046028388471491827
2049	0.00159565329602145956	0.00045709069493162755
2048	0.00161997846570343003	0.00045367152125158481
2047	0.00164427477044665031	0.00045001083282323164
2046	0.00166854757984911950	0.00044612176711269667
2045	0.00169279450905631995	0.00044198986890548174
2044	0.00171701805368369991	0.00043761770952114155
2043	0.00174122067889697957	0.00043300719139089219
2042	0.00176539964106486955	0.00042814301028457812
2041	0.00178956045109973953	0.00042303676853667793
2040	0.00181370237644289979	0.00041767962892867602
2039	0.00183782658021650969	0.00041206931614026527
2038	0.00186193639293956957	0.00040621053343455640
2037	0.00188603052982073928	0.00040009402092236614
2036	0.00191011233497348954	0.00039372523753031339
2035	0.00193418375775287945	0.00038710564229306780
2034	0.00195824373354853932	0.00038022819001698747
2033	0.00198229629694668960	0.00037310162182956530
2032	0.00200634278238645937	0.00036572711251776479
2031	0.00203038302261570941	0.00035810213226748902
2030	0.00205442051138732956	0.00035023555910997214
2029	0.00207845671685642948	0.00034213107819080054
2028	0.00210249237058227978	0.00033379112109072843
2027	0.00212653012759802910	0.00032522458546320069
2026	0.00215057181559060893	0.00031643897994031828
2025	0.00217461901397891918	0.00030744221066804822
2024	0.00219867362549626931	0.00029824430853876314
2023	0.00222273784024031940	0.00028885741937199449
2022	0.00224681352477186947	0.00027929417316274741
2021	0.00227090268179535974	0.00026956909857699752
2020	0.00229500756189836893	0.00025969903671997814
2019	0.00231913007779136968	0.00024970115073089420
2018	0.00234327219058984900	0.00023959312947639783
2017	0.00236743583932605937	0.00022939273442669351
2016	0.00239162329471176958	0.00021911878573102026
2015	0.00241583652186057969	0.00020878931641858653
2014	0.00244007704321347893	0.00019842114254949372
2013	0.00246434665016312957	0.00018803192018144793
2012	0.00248864711392473995	0.00017763933090525399
2011	0.00251298019299865975	0.00016726113700469371
2010	0.00253734764316970989	0.00015691526300389466
2009	0.00256175154136049953	0.00014662085394406517
2008	0.00258619357251768005	0.00013639623248035197
2007	0.00261067525697332957	0.00012625966995196081
2006	0.00263519845675229967	0.00011623110856078495
2005	0.00265976512600337930	0.00010633163531682933
2004	0.00268437734339888913	0.00009658387762226583
2003	0.00270903735166710003	0.00008701251994713583
2002	0.00273374771774142003	0.00007764536342253201
2001	0.00275851231277182999	0.00006851731681063267
2000	0.00278333307716872001	0.00005965866574654848
1999	0.00280821229116850991	0.00005110088046141740
1998	0.00283315228950670010	0.00004287593796059028
1997	0.00285815707299269008	0.00003502310369801812
1996	0.00288322629564661008	0.00002756762640544134
1995	0.00290836314097008995	0.00002055149663369952
1994	0.00293355461165294021	0.00001402844973667642
1993	0.00295459076635758979	0.00000901121158508027
1992	0.00297215333003239979	0.00000516473606280054
1991	0.00298681329277250985	0.00000223613769524156
2125	0.00480130889248302998	-0.00002307688136701631
2124	0.00480023089654013982	-0.00000000074053312813
2126	0.00480427549742082002	-0.00004293652472490849
2127	0.00480892250012510038	-0.00006012385240256181
2128	0.00481507738659725949	-0.00007511179852043012
2129	0.00482266843606396923	-0.00008828347060980157
2130	0.00483154967032171923	-0.00009998923413760891
2131	0.00484157761896635876	-0.00011054953872961248
2132	0.00485269011877804881	-0.00012022307752909427
2133	0.00486489912730736929	-0.00012919554501445590
2134	0.00487805598887561861	-0.00013771852943713405
2135	0.00489211947179537913	-0.00014597269214726904
2136	0.00490710882085017806	-0.00015407351214152677
2137	0.00492295102885889797	-0.00016218254768287865
2138	0.00493959038314620812	-0.00017043933612893988
2139	0.00495699763230456752	-0.00017894480260768200
2140	0.00497518487310095753	-0.00018773114191966835
2141	0.00499407377802907684	-0.00019689740246593373
2142	0.00501361908367720793	-0.00020648719497447574
2143	0.00503378008930968537	-0.00021650807329785538
2144	0.00505451148839329654	-0.00022693827304692070
2145	0.00507578154313471745	-0.00023769409121772163
2146	0.00509751809031035868	-0.00024872908646149248
2147	0.00511966705148834793	-0.00025997431192947623
2148	0.00514218241105698741	-0.00027135725691839564
2149	0.00516502182279896666	-0.00028281018804838663
2150	0.00518814685088317667	-0.00029427049104793627
2151	0.00521152313069477794	-0.00030568043879860901
2152	0.00523512717393941757	-0.00031696562126487895
2153	0.00525892254027604620	-0.00032810427874523774
2154	0.00528288586205223794	-0.00033905418936781308
2155	0.00530699667256793756	-0.00034977800554032582
2156	0.00533123709665603730	-0.00036024309409469314
2157	0.00535559154559467777	-0.00037042138982289891
2158	0.00538004642535951701	-0.00038028927048221775
2159	0.00540459276022950841	-0.00038981068855620341
2160	0.00542921675001202791	-0.00039898654964146319
2161	0.00545390906399079861	-0.00040780717310807686
2162	0.00547866165125708831	-0.00041626551370721866
2163	0.00550346725669446750	-0.00042435867767441025
2164	0.00552831925001374784	-0.00043208790744048755
2165	0.00555321231870163808	-0.00043944640521608472
2166	0.00557813975211973907	-0.00044644287183943866
2167	0.00560309496287871803	-0.00045309196119052488
2168	0.00562807235712942805	-0.00045940022596512346
2169	0.00565306661175754999	-0.00046537433112625294
2170	0.00567807272961709953	-0.00047101213327045986
2171	0.00570308553241177883	-0.00047631414886951267
2172	0.00572810042233887901	-0.00048130166347155911
2173	0.00575311342582290886	-0.00048598111310465977
2174	0.00577812079706483891	-0.00049035611026437050
2175	0.00580311780152994918	-0.00049441145090731403
2176	0.00582810239122289950	-0.00049817643762760909
2177	0.00585307199857039960	-0.00050165628010110611
2178	0.00587802322202681925	-0.00050484414271276864
2179	0.00590295316653254975	-0.00050774010983528238
2180	0.00592786155454469010	-0.00051036427905573384
2181	0.00595274650374365884	-0.00051271643096020673
2182	0.00597760371697567995	-0.00051477848504562218
2183	0.00600243520724122979	-0.00051657783951525706
2184	0.00602723978620539093	-0.00051811359461776481
2185	0.00605201288089520992	-0.00051936423397305450
2186	0.00607675793119248110	-0.00052035663773005423
2187	0.00610147341054549999	-0.00052108497986030607
2188	0.00612615615381899032	-0.00052153587318136375
2189	0.00615080988425840969	-0.00052173128889376958
2190	0.00617543182041026002	-0.00052165844140271433
2191	0.00620002188930595180	-0.00052131860721212574
2192	0.00622458299809976103	-0.00052072535025482784
2193	0.00624911046883252098	-0.00051985778151388462
2194	0.00627360860929707109	-0.00051873453155181751
2195	0.00629807711464121060	-0.00051735293395331974
2196	0.00632251369990838134	-0.00051570269119152702
2197	0.00634692314826703057	-0.00051380116342893307
2198	0.00637130197392304053	-0.00051163274758966989
2199	0.00639565329602145068	-0.00050920720608554145
2200	0.00641997846570342093	-0.00050652663216728963
2201	0.00644427477044663081	-0.00050357844545904223
2202	0.00646854757984911214	-0.00050037849981368631
2203	0.00649279450905631151	-0.00049691482862113914
2204	0.00651701805368369060	-0.00049319226879472849
2205	0.00654122067889697199	-0.00048921477106236117
2206	0.00656539964106486133	-0.00048496886427711451
2207	0.00658956045109973174	-0.00048046776931610685
2208	0.00661370237644290197	-0.00047570401700833677
2209	0.00663782658021650276	-0.00047067639602031849
2210	0.00666193639293956134	-0.00046539035918818960
2211	0.00668603052982073235	-0.00045983707547651902
2212	0.00671011233497349150	-0.00045402210389856108
2213	0.00673418375775287209	-0.00044794666504535880
2214	0.00675824373354853153	-0.00044160312433522787
2215	0.00678229629694669222	-0.00043499926873861945
2216	0.00680634278238645158	-0.00042813493835874801
2217	0.00683038302261570248	-0.00042100587051394604
2218	0.00685442051138732134	-0.00041361879314902154
2219	0.00687845671685642125	-0.00040597480356685973
2220	0.00690249237058227199	-0.00039807328590912806
2221	0.00692653012759802088	-0.00038991960803918684
2222	0.00695057181559060201	-0.00038151724300603668
2223	0.00697461901397891139	-0.00037286953178499528
2224	0.00699867362549627149	-0.00036398138689061773
2225	0.00702273784024031421	-0.00035485925961548581
2226	0.00704681352477186385	-0.00034550948765011568
2227	0.00707090268179535152	-0.00033593969000809097
2228	0.00709500756189836157	-0.00032615916988794873
2229	0.00711913007779136232	-0.00031617712676649862
2230	0.00714327219058984164	-0.00030600332134922631
2231	0.00716743583932605375	-0.00029564772052533830
2232	0.00719162329471176136	-0.00028512146251421524
2233	0.00721583652186058144	-0.00027443497959993442
2234	0.00724007704321347201	-0.00026359752609906293
2235	0.00726434665016312264	-0.00025261918167463686
2236	0.00728864711392474170	-0.00024150997057995112
2237	0.00731298019299866237	-0.00023027983603359563
2238	0.00733734764316969993	-0.00021893862391874499
2239	0.00736175154136049174	-0.00020749702259375172
2240	0.00738619357251767139	-0.00019596437543498705
2241	0.00741067525697333088	-0.00018434927426346951
2242	0.00743519845675230055	-0.00017266105999123128
2243	0.00745976512600337108	-0.00016090901627015082
2244	0.00748437734339888090	-0.00014910240367244280
2245	0.00750903735166710048	-0.00013725050118059277
2246	0.00753374771774141961	-0.00012536302611458768
2247	0.00755851231277183001	-0.00011345340654627424
2248	0.00758333307716872133	-0.00010152854199149604
2249	0.00760821229116851079	-0.00008959716169674154
2250	0.00763315228950670055	-0.00007766895495788068
2251	0.00765815707299269052	-0.00006576050063193201
2252	0.00768322629564661096	-0.00005387267339891282
2253	0.00770836314097008129	-0.00004201924995178935
2254	0.00773355461165294022	-0.00003022140392869635
2255	0.00775459076635759068	-0.00002043753978036436
2256	0.00777215333003240024	-0.00001232357051432472
2257	0.00778681329277251116	-0.00000559026735962855
2258	0.00779903854451179969	-0.00000000074053602169
2391	0.00480130889248302998	0.00002307688136703174
2390	0.00480427549742082002	0.00004293652472488977
2389	0.00480892250012510038	0.00006012385240251979
2388	0.00481507738659726035	0.00007511179852019911
2387	0.00482266843606397096	0.00008828347060968692
2386	0.00483154967032172183	0.00009998923413744260
2385	0.00484157761896636049	0.00011054953873013749
2384	0.00485269011877805141	0.00012022307755803560
2383	0.00486489912730737103	0.00012919554500404439
2382	0.00487805598887562121	0.00013771852943649752
2381	0.00489211947179538174	0.00014597269214674803
2380	0.00490710882085018153	0.00015407351214091303
2379	0.00492295102885890231	0.00016218254768216549
2378	0.00493959038314621245	0.00017043933612806406
2377	0.00495699763230457186	0.00017894480260669703
2376	0.00497518487310096361	0.00018773114191642225
2375	0.00499407377802908291	0.00019689740246356307
2374	0.00501361908367721314	0.00020648719497309259
2373	0.00503378008930969231	0.00021650807330705763
2372	0.00505451148839330261	0.00022693827304529329
2371	0.00507578154313472352	0.00023769409121589944
2370	0.00509751809031036302	0.00024872908645960174
2369	0.00511966705148835313	0.00025997431192743039
2368	0.00514218241105699261	0.00027135725691619195
2367	0.00516502182279897273	0.00028281018804499460
2366	0.00518814685088318274	0.00029427049104556284
2365	0.00521152313069478228	0.00030568043879590745
2364	0.00523512717393942277	0.00031696562126045703
2363	0.00525892254027605140	0.00032810427874223254
2362	0.00528288586205224227	0.00033905418936464959
2361	0.00530699667256794190	0.00034977800553700366
2360	0.00533123709665604163	0.00036024309409120423
2359	0.00535559154559468210	0.00037042138981911450
2358	0.00538004642535952222	0.00038028927047844456
2357	0.00540459276022951188	0.00038981068855210860
2356	0.00542921675001203051	0.00039898654963737868
2355	0.00545390906399080208	0.00040780717310386864
2354	0.00547866165125709178	0.00041626551370293915
2353	0.00550346725669447184	0.00042435867766894825
2352	0.00552831925001375131	0.00043208790743592409
2351	0.00555321231870164068	0.00043944640521140969
2350	0.00557813975211974081	0.00044644287183466264
2349	0.00560309496287872150	0.00045309196118565600
2348	0.00562807235712943152	0.00045940022596017044
2347	0.00565306661175755173	0.00046537433112122577
2346	0.00567807272961710040	0.00047101213326536601
2345	0.00570308553241178143	0.00047631414886436006
2344	0.00572810042233888161	0.00048130166346635917
2343	0.00575311342582290972	0.00048598111309940199
2342	0.00577812079706484065	0.00049035611025910085
2341	0.00580311780152995092	0.00049441145090205489
2340	0.00582810239122290037	0.00049817643762230409
2339	0.00585307199857040134	0.00050165628009578929
2338	0.00587802322202681925	0.00050484414270235520
2337	0.00590295316653254975	0.00050774010982975316
2336	0.00592786155454469010	0.00051036427905046234
2335	0.00595274650374366058	0.00051271643095488211
2334	0.00597760371697567995	0.00051477848504041953
2333	0.00600243520724122893	0.00051657783951009821
2332	0.00602723978620539093	0.00051811359461265962
2331	0.00605201288089520905	0.00051936423396800342
2330	0.00607675793119248023	0.00052035663772506788
2329	0.00610147341054549999	0.00052108497985955222
2328	0.00612615615381899032	0.00052153587317651639
2327	0.00615080988425840969	0.00052173128888900690
2326	0.00617543182041025915	0.00052165844139803784
2325	0.00620002188930594920	0.00052131860720753544
2324	0.00622458299809975930	0.00052072535025021174
2323	0.00624911046883252098	0.00051985778150947506
2322	0.00627360860929706936	0.00051873453154746606
2321	0.00629807711464120887	0.00051735293394886378
2320	0.00632251369990837874	0.00051570269118743025
2319	0.00634692314826702797	0.00051380116342496283
2318	0.00637130197392303792	0.00051163274758580352
2317	0.00639565329602144808	0.00050920720608179379
2316	0.00641997846570341833	0.00050652663216365908
2315	0.00644427477044662821	0.00050357844545552996
2314	0.00646854757984910954	0.00050037849981029168
2313	0.00649279450905630804	0.00049691482861787526
2312	0.00651701805368368799	0.00049319226879161650
2311	0.00654122067889696852	0.00048921477105931185
2310	0.00656539964106485872	0.00048496886427420728
2309	0.00658956045109972827	0.00048046776931329335
2308	0.00661370237644289764	0.00047570401700567407
2307	0.00663782658021649843	0.00047067639601778075
2306	0.00666193639293955787	0.00046539035918576375
2305	0.00668603052982072801	0.00045983707547420875
2304	0.00671011233497348803	0.00045402210389636574
2303	0.00673418375775286862	0.00044794666504319723
2302	0.00675824373354852806	0.00044160312433326303
2301	0.00678229629694668615	0.00043499926873684759
2300	0.00680634278238644811	0.00042813493835699708
2299	0.00683038302261569641	0.00042100587051218123
2298	0.00685442051138731700	0.00041361879314755478
2297	0.00687845671685641778	0.00040597480356541069
2296	0.00690249237058226852	0.00039807328590763408
2295	0.00692653012759801914	0.00038991960803792098
2294	0.00695057181559059854	0.00038151724300485560
2293	0.00697461901397890792	0.00037286953178606257
2292	0.00699867362549626802	0.00036398138688957982
2291	0.00702273784024030640	0.00035485925961454363
2290	0.00704681352477185864	0.00034550948764925027
2289	0.00707090268179534805	0.00033593969000729105
2288	0.00709500756189835723	0.00032615916988721857
2287	0.00711913007779135798	0.00031617712676611698
2286	0.00714327219058983644	0.00030600332134860956
2285	0.00716743583932604855	0.00029564772052479045
2284	0.00719162329471175702	0.00028512146252941093
2283	0.00721583652186057710	0.00027443497959872586
2282	0.00724007704321346854	0.00026359752611158595
2281	0.00726434665016311744	0.00025261918167425283
2280	0.00728864711392473823	0.00024150997057978597
2279	0.00731298019299865716	0.00023027983603329664
2278	0.00733734764316969820	0.00021893862391846787
2277	0.00736175154136048827	0.00020749702258935349
2276	0.00738619357251766705	0.00019596437543477737
2275	0.00741067525697332828	0.00018434927426319819
2274	0.00743519845675229794	0.00017266105999107600
2273	0.00745976512600336934	0.00016090901626999191
2272	0.00748437734339887830	0.00014910240367230717
2271	0.00750903735166709701	0.00013725050118572400
2270	0.00753374771774141788	0.00012536302611455450
2269	0.00755851231277182914	0.00011345340651702368
2268	0.00758333307716871959	0.00010152854199145091
2267	0.00760821229116850906	0.00008959716169670354
2266	0.00763315228950669968	0.00007766895495880427
2265	0.00765815707299268966	0.00006576050063055117
2264	0.00768322629564661009	0.00005387267339890332
2263	0.00770836314097007955	0.00004201924995319243
2262	0.00773355461165293849	0.00003022140392869160
2261	0.00775459076635758981	0.00002043753978036074
2260	0.00777215333003240024	0.00001232357051432216
2259	0.00778681329277251030	0.00000559026735962527
2393	0.00960130889248302956	-0.00002306005158197897
2392	0.00960023089654014027	-0.00000000074053311201
2394	0.00960427549742082047	-0.00004287426936234917
2395	0.00960892250012509996	-0.00005999427073841837
2396	0.00961507738659725039	-0.00007489861472272144
2397	0.00962266843606397054	-0.00008797514982327183
2398	0.00963154967032171967	-0.00009957827135515906
2399	0.00964157761896635920	-0.00011003188313209822
2400	0.00965269011877805012	-0.00011959767745947628
2401	0.00966489912730736887	-0.00012846398672987841
2402	0.00967805598887561992	-0.00013688473223740275
2403	0.00969211947179537611	-0.00014504264638087161
2404	0.00970710882085017678	-0.00015305504729601105
2405	0.00972295102885889669	-0.00016108510944187466
2406	0.00973959038314620856	-0.00016927375190563921
2407	0.00975699763230456624	-0.00017772303181116009
2408	0.00977518487310095885	-0.00018646599504542089
2409	0.00979407377802907902	-0.00019560221703558280
2410	0.00981361908367720664	-0.00020517546112164698
2411	0.00983378008930968668	-0.00021519300791178898
2412	0.00985451148839329612	-0.00022563234265001003
2413	0.00987578154313471616	-0.00023640849519991167
2414	0.00989751809031035740	-0.00024747336245636311
2415	0.00991966705148835531	-0.00025875628000862849
2416	0.00994218241105698612	-0.00027018307007624901
2417	0.00996502182279897751	-0.00028168440649693126
2418	0.00998814685088317798	-0.00029319617369550878
2419	0.01001152313069479487	-0.00030465924721487204
2420	0.01003512717393939720	-0.00031599793122719111
2421	0.01005892254027609609	-0.00032718929706403854
2422	0.01008288586205229737	-0.00033819007310896440
2423	0.01010699667256789898	-0.00034896198254022524
2424	0.01013123709665599698	-0.00035947158357164716
2425	0.01015559154559469816	-0.00036969012280523407
2426	0.01018004642535949751	-0.00037959340984783623
2427	0.01020459276022949585	-0.00038914494864352947
2428	0.01022921675001199800	-0.00039834531552168634
2429	0.01025390906399079732	-0.00040718461953573575
2430	0.01027866165125710003	-0.00041565572355421423
2431	0.01030346725669449570	-0.00042375575963938389
2432	0.01032831925001379686	-0.00043148611259212401
2433	0.01035321231870169750	-0.00043884022884134384
2434	0.01037813975211969789	-0.00044582709928775270
2435	0.01040309496287869680	-0.00045246168651740963
2436	0.01042807235712939901	-0.00045875086716854342
2437	0.01045306661175749753	-0.00046470164274191908
2438	0.01047807272961709738	-0.00047031221651055278
2439	0.01050308553241179575	-0.00047558345958446019
2440	0.01052810042233889853	-0.00048053701800908214
2441	0.01055311342582289716	-0.00048517969242665445
2442	0.01057812079706479946	-0.00048951546260014866
2443	0.01060311780152999907	-0.00049352949327753095
2444	0.01062810239122289994	-0.00049725145634281259
2445	0.01065307199857039831	-0.00050068693027681052
2446	0.01067802322202679802	-0.00050382944776814788
2447	0.01070295316653259964	-0.00050667946046004954
2448	0.01072786155454470008	-0.00050925743198110458
2449	0.01075274650374370006	-0.00051156350794827213
2450	0.01077760371697569948	-0.00051357997234716579
2451	0.01080243520724119902	-0.00051533458737330017
2452	0.01082723978620540005	-0.00051682681755805247
2453	0.01085201288089519996	-0.00051803551123089499
2454	0.01087675793119249890	-0.00051898790521389337
2455	0.01090147341054550217	-0.00051967851200774890
2456	0.01092615615381900031	-0.00052009426518669598
2457	0.01095080988425839973	-0.00052025744005960051
2458	0.01097543182041029949	-0.00052015553997116306
2459	0.01100002188930600255	-0.00051979011644471174
2460	0.01102458299809980051	-0.00051917499552863117
2461	0.01104911046883250147	-0.00051828953858035155
2462	0.01107360860929710103	-0.00051715261578083160
2463	0.01109807711464120238	-0.00051576179047628339
2464	0.01112251369990839914	-0.00051410698598344047
2465	0.01114692314826700066	-0.00051220577518673593
2466	0.01117130197392300107	-0.00051004276042450033
2467	0.01119565329602150057	-0.00050762790295370537
2468	0.01121997846570339970	-0.00050496348904070668
2469	0.01124427477044659916	-0.00050203712615749633
2470	0.01126854757984910131	-0.00049886485152347306
2471	0.01129279450905630415	-0.00049543487806032465
2472	0.01131701805368369972	-0.00049175221896253368
2473	0.01134122067889700020	-0.00048782099866864602
2474	0.01136539964106490080	-0.00048362791771087841
2475	0.01138956045109970096	-0.00047918636674239274
2476	0.01141370237644290415	-0.00047448903594625181
2477	0.01143782658021650321	-0.00046953484986906127
2478	0.01146193639293959995	-0.00046432937109353695
2479	0.01148603052982070244	-0.00045886385093975513
2480	0.01151011233497350149	-0.00045314390192714601
2481	0.01153418375775290203	-0.00044717076765002188
2482	0.01155824373354850249	-0.00044093680412921093
2483	0.01158229629694670221	-0.00043444975422992770
2484	0.01160634278238640432	-0.00042770937700671959
2485	0.01163038302261570033	-0.00042071128902946984
2486	0.01165442051138730097	-0.00041346205494029794
2487	0.01167845671685640088	-0.00040596256307812623
2488	0.01170249237058230106	-0.00039821193961423666
2489	0.01172653012759800224	-0.00039021524190844436
2490	0.01175057181559060158	-0.00038197557627477828
2491	0.01177461901397889969	-0.00037349585686174887
2492	0.01179867362549630316	-0.00036478050531460444
2493	0.01182273784024030251	-0.00035583541401494075
2494	0.01184681352477190072	-0.00034666628971224056
2495	0.01187090268179540227	-0.00033728004456072390
2496	0.01189500756189840192	-0.00032768519542747767
2497	0.01191913007779140179	-0.00031789007821127592
2498	0.01194327219058980045	-0.00030790352249315627
2499	0.01196743583932610190	-0.00029773449697634969
2500	0.01199162329471180170	-0.00028739307139690883
2501	0.01201583652186060010	-0.00027688853440092692
2502	0.01204007704321350194	-0.00026622891518890922
2503	0.01206434665016310227	-0.00025542297804917393
2504	0.01208864711392470224	-0.00024447933059307009
2505	0.01211298019299869924	-0.00023340638365608457
2506	0.01213734764316970298	-0.00022221231672927300
2507	0.01216175154136050172	-0.00021090599443585975
2508	0.01218619357251770133	-0.00019949474933795221
2509	0.01221067525697330097	-0.00018798493730992817
2510	0.01223519845675230013	-0.00017638338905572406
2511	0.01225976512600340101	-0.00016469653974297038
2512	0.01228437734339890217	-0.00015293037864481766
2513	0.01230903735166710353	-0.00014109037717888520
2514	0.01233374771774140184	-0.00012918175383665290
2515	0.01235851231277180010	-0.00011721256973184390
2516	0.01238333307716870009	-0.00010518385325450957
2517	0.01240821229116850083	-0.00009309859652434969
2518	0.01243315228950670273	-0.00008096086829642872
2519	0.01245815707299269964	-0.00006878157398934486
2520	0.01248322629564659926	-0.00005655559984802461
2521	0.01250836314097010168	-0.00004428997847974562
2522	0.01253355461165290077	-0.00003199789508610211
2523	0.01255459076635760153	-0.00002173129075938877
2524	0.01257215333003239982	-0.00001315767234121426
2525	0.01258681329277249947	-0.00000599232879366785
2526	0.01259903854451180014	-0.00000000074053608985
2659	0.00960130889248302956	0.00002306005158197747
2658	0.00960427549742082047	0.00004287426936235103
2657	0.00960892250012509996	0.00005999427073842207
2656	0.00961507738659725213	0.00007489861472258528
2655	0.00962266843606397054	0.00008797514982327673
2654	0.00963154967032172141	0.00009957826895194883
2653	0.00964157761896635920	0.00011003188313327163
2652	0.00965269011877805186	0.00011959767741288619
2651	0.00966489912730737234	0.00012846398674247250
2650	0.00967805598887562339	0.00013688473223834587
2649	0.00969211947179538132	0.00014504264638076476
2648	0.00970710882085018371	0.00015305504729594779
2647	0.00972295102885890189	0.00016108510944175017
2646	0.00973959038314621203	0.00016927375190551146
2645	0.00975699763230457318	0.00017772303181110024
2644	0.00977518487310096405	0.00018646599503333789
2643	0.00979407377802908249	0.00019560221703366205
2642	0.00981361908367721358	0.00020517546112116695
2641	0.00983378008930969362	0.00021519300793570385
2640	0.00985451148839330306	0.00022563234264964105
2639	0.00987578154313472310	0.00023640849519944034
2638	0.00989751809031036434	0.00024747336245583835
2637	0.00991966705148836399	0.00025875628000802958
2636	0.00994218241105699306	0.00027018307007558440
2635	0.00996502182279898271	0.00028168440646523098
2634	0.00998814685088318145	0.00029319617369482362
2633	0.01001152313069480354	0.00030465924721393101
2632	0.01003512717393940240	0.00031599793125313861
2631	0.01005892254027610302	0.00032718929706293716
2630	0.01008288586205230430	0.00033819007310777259
2629	0.01010699667256790418	0.00034896198253893949
2628	0.01013123709665600565	0.00035947158357027678
2627	0.01015559154559470337	0.00036969012280394984
2626	0.01018004642535950445	0.00037959340984620137
2625	0.01020459276022950453	0.00038914494864086504
2624	0.01022921675001200147	0.00039834531552000979
2623	0.01025390906399080426	0.00040718461953389245
2622	0.01027866165125710177	0.00041565572355227090
2621	0.01030346725669450091	0.00042375575963853003
2620	0.01032831925001380206	0.00043148611259001589
2619	0.01035321231870170097	0.00043884022883915310
2618	0.01037813975211970309	0.00044582709928548406
2617	0.01040309496287870200	0.00045246168651506493
2616	0.01042807235712940421	0.00045875086716612819
2615	0.01045306661175750274	0.00046470164273943555
2614	0.01047807272961710258	0.00047031221650800566
2613	0.01050308553241180096	0.00047558345958185089
2612	0.01052810042233890027	0.00048053701800642113
2611	0.01055311342582290236	0.00048517969242398682
2610	0.01057812079706479946	0.00048951546259739078
2609	0.01060311780153000080	0.00049352949327444292
2608	0.01062810239122289994	0.00049725145633997870
2607	0.01065307199857040005	0.00050068693027395723
2606	0.01067802322202680149	0.00050382944777020028
2605	0.01070295316653259964	0.00050667946045147784
2604	0.01072786155454470008	0.00050925743197817973
2603	0.01075274650374370006	0.00051156350797030127
2602	0.01077760371697569948	0.00051357997234422078
2601	0.01080243520724120249	0.00051533458737035070
2600	0.01082723978620540005	0.00051682681755510604
2599	0.01085201288089519996	0.00051803551122795290
2598	0.01087675793119250063	0.00051898790521095486
2597	0.01090147341054550044	0.00051967851201965463
2596	0.01092615615381899857	0.00052009426518377937
2595	0.01095080988425839973	0.00052025744005671935
2594	0.01097543182041029776	0.00052015553996830359
2593	0.01100002188930600082	0.00051979011644188501
2592	0.01102458299809979878	0.00051917499552590137
2591	0.01104911046883249974	0.00051828953857756157
2590	0.01107360860929709756	0.00051715261577805691
2589	0.01109807711464119891	0.00051576179047388524
2588	0.01112251369990839914	0.00051410698598070752
2587	0.01114692314826700066	0.00051220577518413580
2586	0.01117130197392299761	0.00051004276042195418
2585	0.01119565329602150057	0.00050762790295121344
2584	0.01121997846570339796	0.00050496348903826906
2583	0.01124427477044659916	0.00050203712615511131
2582	0.01126854757984909611	0.00049886485152113454
2581	0.01129279450905629895	0.00049543487805804186
2580	0.01131701805368369972	0.00049175221895980746
2579	0.01134122067889699673	0.00048782099866649886
2578	0.01136539964106490080	0.00048362791770879240
2577	0.01138956045109969575	0.00047918636674050053
2576	0.01141370237644289895	0.00047448903594430442
2575	0.01143782658021649801	0.00046953484986718386
2574	0.01146193639293959649	0.00046432937109172943
2573	0.01148603052982069897	0.00045886385093802745
2572	0.01151011233497349975	0.00045314390192550160
2571	0.01153418375775289856	0.00044717076766447028
2570	0.01155824373354849902	0.00044093680412766025
2569	0.01158229629694669874	0.00043444975422811486
2568	0.01160634278238640085	0.00042770937700530688
2567	0.01163038302261569859	0.00042071128902797234
2566	0.01165442051138729750	0.00041346205493891997
2565	0.01167845671685639741	0.00040596256307691951
2564	0.01170249237058229759	0.00039821193961201557
2563	0.01172653012759799877	0.00039021524190734866
2562	0.01175057181559059985	0.00038197557627376861
2561	0.01177461901397889796	0.00037349585686079169
2560	0.01179867362549629796	0.00036478050531372954
2559	0.01182273784024029904	0.00035583541401411714
2558	0.01184681352477189899	0.00034666628971147278
2557	0.01187090268179539707	0.00033728004456002171
2556	0.01189500756189839845	0.00032768519542683062
2555	0.01191913007779140006	0.00031789007821529696
2554	0.01194327219058979872	0.00030790352249262371
2553	0.01196743583932609843	0.00029773449697589454
2552	0.01199162329471179823	0.00028739307138256641
2551	0.01201583652186059836	0.00027688853439799448
2550	0.01204007704321349848	0.00026622891517783822
2549	0.01206434665016309707	0.00025542297804889230
2548	0.01208864711392469878	0.00024447933059258469
2547	0.01211298019299869751	0.00023340638365589085
2546	0.01213734764316969778	0.00022221231672913942
2545	0.01216175154136049825	0.00021090599443025705
2544	0.01218619357251769786	0.00019949474933788033
2543	0.01221067525697329750	0.00018798493730976692
2542	0.01223519845675230013	0.00017638338905570574
2541	0.01225976512600339755	0.00016469653974317136
2540	0.01228437734339889870	0.00015293037864484490
2539	0.01230903735166709659	0.00014109037717729712
2538	0.01233374771774139664	0.00012918175383671790
2537	0.01235851231277179836	0.00011721256973236926
2536	0.01238333307716870009	0.00010518385325462849
2535	0.01240821229116849909	0.00009309859652449948
2534	0.01243315228950669753	0.00008096086829827712
2533	0.01245815707299269964	0.00006878157400021947
2532	0.01248322629564659926	0.00005655559984815028
2531	0.01250836314097009995	0.00004428997848699234
2530	0.01253355461165290077	0.00003199789508618872
2529	0.01255459076635759806	0.00002173129075944383
2528	0.01257215333003239982	0.00001315767234125363
2527	0.01258681329277249947	0.00000599232879368420
2661	0.01440130889248300051	-0.00002263011029290407
2660	0.01440023089654010081	-0.00000000074053270803
2662	0.01440427549742080010	-0.00004125199182981051
2663	0.01440892250012510041	-0.00005654703169636408
2664	0.01441507738659729941	-0.00006910349699630050
2665	0.01442266843606399875	-0.00007940206648743555
2666	0.01443154967032169757	-0.00008787628094203207
2667	0.01444157761896630067	-0.00009491804219418474
2668	0.01445269011877809741	-0.00010084835033586173
2669	0.01446489912730739708	-0.00010590828051969819
2670	0.01447805598887559782	-0.00011039918601198632
2671	0.01449211947179539738	-0.00011454703663475003
2672	0.01450710882085019977	-0.00011850923957378774
2673	0.01452295102885889887	-0.00012248656096795329
2674	0.01453959038314619860	-0.00012665511447756061
2675	0.01455699763230459617	-0.00013115006832560008
2676	0.01457518487310099572	-0.00013603547794510521
2677	0.01459407377802909855	-0.00014143950837428599
2678	0.01461361908367719668	-0.00014743148938364971
2679	0.01463378008930969754	-0.00015404068572026069
2680	0.01465451148839329830	-0.00016126219896230579
2681	0.01467578154313469579	-0.00016902349669996178
2682	0.01469751809031029713	-0.00017728403011878403
2683	0.01471966705148839739	-0.00018597786645668834
2684	0.01474218241105699698	-0.00019503347168199614
2685	0.01476502182279899530	-0.00020438227645921980
2686	0.01478814685088319578	-0.00021395923584264424
2687	0.01481152313069479705	-0.00022370279976627398
2688	0.01483512717393939591	-0.00023353352300195258
2689	0.01485892254027599592	-0.00024342354407507654
2690	0.01488288586205219893	-0.00025332359198105268
2691	0.01490699667256789596	-0.00026318841981818963
2692	0.01493123709665599395	-0.00027297671407814630
2693	0.01495559154559469861	-0.00028265099704564956
2694	0.01498004642535949622	-0.00029217753575262409
2695	0.01500459276022949630	-0.00030150949652333334
2696	0.01502921675001199497	-0.00031063633910917557
2697	0.01505390906399079604	-0.00031953629132989720
2698	0.01507866165125709701	-0.00032818958661894564
2699	0.01510346725669449615	-0.00033658000076872998
2700	0.01512831925001369669	-0.00034469486717153200
2701	0.01515321231870159734	-0.00035251318391083593
2702	0.01517813975211969660	-0.00036003022119723838
2703	0.01520309496287869898	-0.00036724847176140710
2704	0.01522807235712939772	-0.00037416362041343970
2705	0.01525306661175749624	-0.00038077275326827754
2706	0.01527807272961709609	-0.00038706541951106436
2707	0.01530308553241179620	-0.00039303506934122934
2708	0.01532810042233889898	-0.00039869712771355815
2709	0.01535311342582289761	-0.00040405333119160889
2710	0.01537812079706479644	-0.00040910370130640744
2711	0.01540311780152989717	-0.00041383050357107803
2712	0.01542810239122290039	-0.00041826151869858491
2713	0.01545307199857039702	-0.00042240136876725126
2714	0.01547802322202679846	-0.00042624356179590372
2715	0.01550295316653249773	-0.00042978935575284317
2716	0.01552786155454469706	-0.00043306083986947782
2717	0.01555274650374369877	-0.00043606054753259695
2718	0.01557760371697569819	-0.00043877388316877931
2719	0.01560243520724119946	-0.00044123242797486676
2720	0.01562723978620539703	-0.00044344013841913815
2721	0.01565201288089519693	-0.00044538098628368910
2722	0.01567675793119250108	-0.00044708770047381045
2723	0.01570147341054550089	-0.00044856034749548456
2724	0.01572615615381900075	-0.00044979144774893548
2725	0.01575080988425840017	-0.00045080891146877299
2726	0.01577543182041020106	-0.00045160593676419052
2727	0.01580002188930590065	-0.00045218983974807878
2728	0.01582458299809970034	-0.00045258029842641510
2729	0.01584911046883250019	-0.00045276262429572633
2730	0.01587360860929709974	-0.00045276175006720467
2731	0.01589807711464119935	-0.00045258143223851047
2732	0.01592251369990840132	-0.00045221792935627421
2733	0.01594692314826700111	-0.00045169531234820508
2734	0.01597130197392300499	-0.00045100486089868060
2735	0.01599565329602140387	-0.00045016341016849889
2736	0.01601997846570340014	-0.00044918034142963622
2737	0.01604427477044659961	-0.00044805059563460378
2738	0.01606854757984909829	-0.00044679780872423170
2739	0.01609279450905630460	-0.00044541808257591317
2740	0.01611701805368370363	-0.00044392463484469770
2741	0.01614122067889700238	-0.00044233014406184004
2742	0.01616539964106479890	-0.00044063024350142558
2743	0.01618956045109970487	-0.00043884766691092012
2744	0.01621370237644290460	-0.00043698478570356521
2745	0.01623782658021650019	-0.00043505041169018588
2746	0.01626193639293950499	-0.00043306019765866274
2747	0.01628603052982070115	-0.00043101569849022218
2748	0.01631011233497350194	-0.00042893305412765304
2749	0.01633418375775290421	-0.00042682426974257102
2750	0.01635824373354850467	-0.00042469270101549560
2751	0.01638229629694670439	-0.00042255733245708015
2752	0.01640634278238640650	-0.00042042940739679701
2753	0.01643038302261570424	-0.00041831626459399251
2754	0.01645442051138730488	-0.00041623642189127978
2755	0.01647845671685640306	-0.00041420293995441651
2756	0.01650249237058220089	-0.00041222731865628434
2757	0.01652653012759800269	-0.00041032716773978288
2758	0.01655057181559060203	-0.00040851829548823243
2759	0.01657461901397890014	-0.00040681643099181353
2760	0.01659867362549620126	-0.00040523887963725495
2761	0.01662273784024030296	-0.00040380443385754246
2762	0.01664681352477180229	-0.00040253165481403814
2763	0.01667090268179530557	-0.00040144019195905784
2764	0.01669500756189830348	-0.00040055102311909135
2765	0.01671913007779130336	-0.00039988165621102707
2766	0.01674327219058980437	-0.00039944019105810639
2767	0.01676743583932600867	-0.00039922303401936402
2768	0.01679162329471180215	-0.00039921536328012253
2769	0.01681583652186060748	-0.00039938869884776631
2770	0.01684007704321350760	-0.00039969977939585682
2771	0.01686434665016310272	-0.00040009176645755605
2772	0.01688864711392470269	-0.00040049236068765933
2773	0.01691298019299860428	-0.00040081249918380265
2774	0.01693734764316970690	-0.00040094469897245606
2775	0.01696175154136050217	-0.00040076187987378616
2776	0.01698619357251770351	-0.00040011243243337702
2777	0.01701067525697330315	-0.00039881723553242390
2778	0.01703519845675230404	-0.00039666646696133565
2779	0.01705976512600340667	-0.00039341259361077625
2780	0.01708437734339890088	-0.00038876210941097487
2781	0.01710903735166710224	-0.00038236432662287274
2782	0.01713374771774140576	-0.00037379627615417713
2783	0.01715851231277180575	-0.00036254819260483846
2784	0.01718333307716870401	-0.00034805017361311328
2785	0.01720821229116850648	-0.00032974598586439212
2786	0.01723315228950670838	-0.00030709214127474073
2787	0.01725815707299270182	-0.00027954902238860050
2788	0.01728322629564660318	-0.00024653513489798209
2789	0.01730836314097010387	-0.00020741661740843030
2790	0.01733355461165290642	-0.00016145183913113714
2791	0.01735459076635760198	-0.00011716109567403010
2792	0.01737215333003239853	-0.00007535710665868257
2793	0.01738681329277250165	-0.00003629673002458856
2794	0.01739903854451179885	-0.00000000074055038228
2927	0.01440130889248300051	0.00002263010799861168
2926	0.01440427549742080010	0.00004125197726701920
2925	0.01440892250012510041	0.00005654699241803338
2924	0.01441507738659730115	0.00006910342264108320
2923	0.01442266843606400048	0.00007940195090126667
2922	0.01443154967032170104	0.00008787612741942530
2921	0.01444157761896630414	0.00009491784452401547
2920	0.01445269011877810261	0.00010084812034085354
2919	0.01446489912730740054	0.00010590802738395577
2918	0.01447805598887560302	0.00011039892162163865
2917	0.01449211947179540258	0.00011454677304404857
2916	0.01450710882085020151	0.00011850898843648167
2915	0.01452295102885890234	0.00012248633250631048
2914	0.01453959038314620381	0.00012665491658214997
2913	0.01455699763230460311	0.00013114990584592407
2912	0.01457518487310100266	0.00013603535234230408
2911	0.01459407377802910029	0.00014143941762801001
2910	0.01461361908367720362	0.00014743142829341720
2909	0.01463378008930970274	0.00015404064666688338
2908	0.01465451148839330177	0.00016126217296964139
2907	0.01467578154313470273	0.00016902347473695995
2906	0.01469751809031030407	0.00017728400397077292
2905	0.01471966705148840433	0.00018597782907795672
2904	0.01474218241105700392	0.00019503341767427163
2903	0.01476502182279900398	0.00020438220197577814
2902	0.01478814685088320098	0.00021395913855341852
2901	0.01481152313069480572	0.00022370267869453324
2900	0.01483512717393940458	0.00023353337829814375
2899	0.01485892254027600459	0.00024342337681895060
2898	0.01488288586205220587	0.00025332340396726032
2897	0.01490699667256790290	0.00026318821334816338
2896	0.01493123709665600436	0.00027297649177628844
2895	0.01495559154559470381	0.00028265076175161747
2894	0.01498004642535950316	0.00029217729034631260
2893	0.01500459276022950324	0.00030150924382835322
2892	0.01502921675001200365	0.00031063608193101583
2891	0.01505390906399080471	0.00031953603230329262
2890	0.01507866165125710395	0.00032818932823586638
2889	0.01510346725669450309	0.00033657974535235280
2888	0.01512831925001370190	0.00034469461687339215
2887	0.01515321231870160427	0.00035251294070653532
2886	0.01517813975211970180	0.00036002998683390766
2885	0.01520309496287870245	0.00036724824775122771
2884	0.01522807235712939945	0.00037416340798298231
2883	0.01525306661175750318	0.00038077255478291582
2882	0.01527807272961710129	0.00038706523290022967
2881	0.01530308553241180140	0.00039303489638894295
2880	0.01532810042233890245	0.00039869696858907416
2879	0.01535311342582290108	0.00040405318526347093
2878	0.01537812079706480338	0.00040910356941878628
2877	0.01540311780152990237	0.00041383038316893854
2876	0.01542810239122290386	0.00041826139451579087
2875	0.01545307199857040396	0.00042240127388574978
2874	0.01547802322202680193	0.00042624347764827795
2873	0.01550295316653249947	0.00042978928235884716
2872	0.01552786155454470227	0.00043306077426334889
2871	0.01555274650374369877	0.00043606048961031794
2870	0.01557760371697569993	0.00043877383187320720
2869	0.01560243520724120293	0.00044123238219655555
2868	0.01562723978620540050	0.00044344009708195925
2867	0.01565201288089520040	0.00044538094836613041
2866	0.01567675793119250108	0.00044708766495219605
2865	0.01570147341054550089	0.00044856031339910791
2864	0.01572615615381900422	0.00044979141418799668
2863	0.01575080988425840017	0.00045080887756324833
2862	0.01577543182041020106	0.00045160590171615411
2861	0.01580002188930590065	0.00045218980284262200
2860	0.01582458299809970034	0.00045258025896902099
2859	0.01584911046883249672	0.00045276258170151573
2858	0.01587360860929709974	0.00045276170378613618
2857	0.01589807711464119588	0.00045258138179320780
2856	0.01592251369990840132	0.00045221787435483174
2855	0.01594692314826700111	0.00045169525243697069
2854	0.01597130197392300152	0.00045100479580598114
2853	0.01599565329602140040	0.00045016333969225952
2852	0.01601997846570340014	0.00044918026540899733
2851	0.01604427477044659961	0.00044805051399214406
2850	0.01606854757984909829	0.00044679772142899486
2849	0.01609279450905630113	0.00044541798966418397
2848	0.01611701805368369669	0.00044392453641101240
2847	0.01614122067889699891	0.00044233004024829282
2846	0.01616539964106479890	0.00044063013453124949
2845	0.01618956045109970140	0.00043884755308336092
2844	0.01621370237644289766	0.00043698466725355765
2843	0.01623782658021649672	0.00043505028909133169
2842	0.01626193639293949805	0.00043306007129883102
2841	0.01628603052982069768	0.00043101556885753029
2840	0.01631011233497349500	0.00042893292177703164
2839	0.01633418375775290074	0.00042682413523180770
2838	0.01635824373354850120	0.00042469256494017749
2837	0.01638229629694670092	0.00042255719542426862
2836	0.01640634278238639610	0.00042042927019871984
2835	0.01643038302261569730	0.00041831612790688274
2834	0.01645442051138730141	0.00041623628648059587
2833	0.01647845671685639612	0.00041420280661862315
2832	0.01650249237058219742	0.00041222718823694533
2831	0.01652653012759799228	0.00041032704110229116
2830	0.01655057181559059509	0.00040851817355027704
2829	0.01657461901397890014	0.00040681631467941567
2828	0.01659867362549619779	0.00040523876992577682
2827	0.01662273784024029602	0.00040380433176679157
2826	0.01664681352477179535	0.00040253156128548546
2825	0.01667090268179529516	0.00040144010803598243
2824	0.01669500756189829654	0.00040055094983322418
2823	0.01671913007779129642	0.00039988159453481899
2822	0.01674327219058979743	0.00039944014197537876
2821	0.01676743583932599826	0.00039922299851015354
2820	0.01679162329471179868	0.00039921534198886016
2819	0.01681583652186059707	0.00039938869228773829
2818	0.01684007704321349719	0.00039969978763944775
2817	0.01686434665016309578	0.00040009178907059255
2816	0.01688864711392469575	0.00040049239677949095
2815	0.01691298019299859387	0.00040081254721950545
2814	0.01693734764316969649	0.00040094475669797146
2813	0.01696175154136049176	0.00040076194438683145
2812	0.01698619357251769310	0.00040011249997943063
2811	0.01701067525697329622	0.00039881730159206994
2810	0.01703519845675229710	0.00039666652620977427
2809	0.01705976512600339626	0.00039341264003899478
2808	0.01708437734339889741	0.00038876213628052199
2807	0.01710903735166709183	0.00038236432668063502
2806	0.01713374771774139188	0.00037379624183063692
2805	0.01715851231277179187	0.00036254811660940602
2804	0.01718333307716869707	0.00034805005097067059
2803	0.01720821229116849607	0.00032974581518033745
2802	0.01723315228950669450	0.00030709192559416105
2801	0.01725815707299269489	0.00027954876962423496
2800	0.01728322629564659624	0.00024653485849185965
2799	0.01730836314097009693	0.00020741633695301088
2798	0.01733355461165289949	0.00016145158114515965
2797	0.01735459076635759504	0.00011716088250766026
2796	0.01737215333003239853	0.00007535695502063120
2795	0.01738681329277250165	0.00003629664987616882
126	0.00240130889248303019	0.00107658628407807577
125	0.00240023089654014003	0.00109999925946654693
127	0.00240427549742081980	0.00105581299943116819
128	0.00240892250012509973	0.00103726352697311583
129	0.00241507738659725016	0.00102057297726161709
130	0.00242266843606396987	0.00100544952316005071
131	0.00243154967032171900	0.00099162059735181485
132	0.00244157761896635897	0.00097883264703933033
133	0.00245269011877804945	0.00096688531239043970
134	0.00246489912730736864	0.00095564451040084590
135	0.00247805598887561882	0.00094490466525764519
136	0.00249211947179537891	0.00093452640261592560
137	0.00250710882085017914	0.00092443146329703656
138	0.00252295102885889818	0.00091449169808648773
139	0.00253959038314620833	0.00090459701135805972
140	0.00255699763230456817	0.00089467175950011871
141	0.00257518487310095818	0.00088470436322677379
142	0.00259407377802907835	0.00087461097261667064
143	0.00261361908367720814	0.00086435684280199924
144	0.00263378008930968775	0.00085393601088557436
145	0.00265451148839329805	0.00084336357459688512
146	0.00267578154313471766	0.00083270750024944660
147	0.00269751809031035846	0.00082199132386817262
148	0.00271966705148834814	0.00081125952509913837
149	0.00274218241105698805	0.00080056036537876757
150	0.00276502182279896773	0.00078993795840405728
151	0.00278814685088317731	0.00077943224077655195
152	0.00281152313069477815	0.00076907943342242250
153	0.00283512717393941778	0.00075893376953986818
154	0.00285892254027604771	0.00074899826751379872
155	0.00288288586205223815	0.00073929790838591302
156	0.00290699667256793777	0.00072985432911276747
157	0.00293123709665603794	0.00072068599460728248
158	0.00295559154559466800	0.00071180834404312274
159	0.00298004642535951809	0.00070323390868107748
160	0.00300459276022950819	0.00069498916873345876
161	0.00302921675001202768	0.00068706516387380943
162	0.00305390906399079839	0.00067946502268705338
163	0.00307866165125708809	0.00067219072654135911
164	0.00310346725669446814	0.00066524157905819311
165	0.00312831925001374848	0.00065861420256568630
166	0.00315321231870163829	0.00065231452728061129
167	0.00317813975211973842	0.00064633353913129009
168	0.00320309496287871824	0.00064065650172649951
169	0.00322807235712942913	0.00063527698762271499
170	0.00325306661175754890	0.00063018864986369731
171	0.00327807272961709931	0.00062539412686784331
172	0.00330308553241177904	0.00062089355665641971
173	0.00332810042233887878	0.00061666645486647183
174	0.00335311342582290950	0.00061270731679471523
175	0.00337812079706483956	0.00060901357580426163
176	0.00340311780152994896	0.00060560158088095910
177	0.00342810239122290014	0.00060244326179258320
178	0.00345307199857039938	0.00059953471995200089
179	0.00347802322202681903	0.00059688416331403612
180	0.00350295316653255950	0.00059449293585453380
181	0.00352786155454468987	0.00059234241628435512
182	0.00355274650374365949	0.00059043434055775228
183	0.00357760371697567973	0.00058878833877915396
184	0.00360243520724123001	0.00058737859232598974
185	0.00362723978620539027	0.00058620760701724164
186	0.00365201288089521013	0.00058529852482002559
187	0.00367675793119248999	0.00058462607012435791
188	0.00370147341054550020	0.00058419760528578900
189	0.00372615615381899053	0.00058402798313809967
190	0.00375080988425841987	0.00058409663368279286
191	0.00377543182041025979	0.00058441768327948686
192	0.00380002188930595114	0.00058499113929374980
193	0.00382458299809975994	0.00058580466990123235
194	0.00384911046883252032	0.00058688034741066980
195	0.00387360860929707087	0.00058820067932072965
196	0.00389807711464121081	0.00058976942878940955
197	0.00392251369990838025	0.00059159795117758474
198	0.00394692314826703122	0.00059366990891122342
199	0.00397130197392304204	0.00059600189505940461
200	0.00399565329602145046	0.00059858510720137679
201	0.00401997846570342071	0.00060141838519288230
202	0.00404427477044663145	0.00060451521774992413
203	0.00406854757984911192	0.00060786063741120281
204	0.00409279450905631129	0.00061146747760954629
205	0.00411701805368369211	0.00061533175092588158
206	0.00414122067889697090	0.00061945034145096745
207	0.00416539964106486197	0.00062383754258148693
208	0.00418956045109973151	0.00062848094320548642
209	0.00421370237644289047	0.00063338876879089632
210	0.00423782658021651121	0.00063856287289807464
211	0.00426193639293956112	0.00064399832101817050
212	0.00428603052982073213	0.00064970433610217243
213	0.00431011233497349214	0.00065567562128860193
214	0.00433418375775287187	0.00066191108420911109
215	0.00435824373354853131	0.00066841834851786327
216	0.00438229629694669113	0.00067518947120671804
217	0.00440634278238645136	0.00068222430421067981
218	0.00443038302261570139	0.00068952664264353939
219	0.00445442051138732111	0.00069708912300620973
220	0.00447845671685642103	0.00070490983534553784
221	0.00450249237058226136	0.00071298839598879027
222	0.00452653012759802239	0.00072131824034631423
223	0.00455057181559060178	0.00072989449068493759
224	0.00457461901397891290	0.00073871218229398783
225	0.00459867362549627214	0.00074776454867346174
226	0.00462273784024031138	0.00075704304311851895
227	0.00464681352477186189	0.00076653898030444221
228	0.00467090268179535303	0.00077624213113681030
229	0.00469500756189836135	0.00078614031384934533
230	0.00471913007779136209	0.00079622129519690008
231	0.00474327219058984142	0.00080647238835570840
232	0.00476743583932605179	0.00081688087393467861
233	0.00479162329471176113	0.00082743303721367727
234	0.00481583652186058121	0.00083811604463925103
235	0.00484007704321347178	0.00084891841255456066
236	0.00486434665016312155	0.00085982799835561342
237	0.00488864711392474147	0.00087083287355861963
238	0.00491298019299866214	0.00088192134020588910
239	0.00493734764316970057	0.00089308193623407247
240	0.00496175154136049151	0.00090430248342712185
241	0.00498619357251767203	0.00091557226134741519
242	0.00501067525697333153	0.00092688139914622015
243	0.00503519845675230119	0.00093821935883946380
244	0.00505976512600337172	0.00094957572410827803
245	0.00508437734339888068	0.00096094014673867544
246	0.00510903735166710199	0.00097230228340111982
247	0.00513374771774141071	0.00098365135063755446
248	0.00515851231277182024	0.00099497282834547338
249	0.00518333307716872110	0.00100625874454711699
250	0.00520821229116851057	0.00101749937056379021
251	0.00523315228950670119	0.00102868402985356513
252	0.00525815707299269117	0.00103979506724839223
253	0.00528322629564660987	0.00105083029666776869
254	0.00530836314097008020	0.00106177415568080606
255	0.00533355461165294000	0.00107260340876361810
256	0.00535459076635758958	0.00108153187197776056
257	0.00537215333003240002	0.00108889589492544179
258	0.00538681329277251007	0.00109497399997795868
259	0.00539903854451180033	0.00109999925946422219
319	0.00720130889248303020	0.00107694606866702352
318	0.00720023089654014004	0.00109999925946689041
320	0.00720427549742082025	0.00105714848345468378
321	0.00720892250012509974	0.00104005332516509947
322	0.00721507738659725884	0.00102518007974598205
323	0.00722266843606396945	0.00101213922971788773
324	0.00723154967032172032	0.00100057493892468426
325	0.00724157761896635811	0.00099016204470978378
326	0.00725269011877806031	0.00098063773527149335
327	0.00726489912730736952	0.00097181266434293837
328	0.00727805598887561796	0.00096343197973929886
329	0.00729211947179537849	0.00095531208465043688
330	0.00730710882085017829	0.00094733484840355572
331	0.00732295102885889820	0.00093933632923353793
332	0.00733959038314620834	0.00093117488646141751
333	0.00735699763230456862	0.00092274778847272810
334	0.00737518487310095689	0.00091402136951168470
335	0.00739407377802907707	0.00090489550153632242
336	0.00741361908367720642	0.00089532595219132230
337	0.00743378008930969687	0.00088530507381543062
338	0.00745451148839329676	0.00087485513653436401
339	0.00747578154313471681	0.00086406100786639846
340	0.00749751809031035631	0.00085297081776450475
341	0.00751966705148835769	0.00084165532649950079
342	0.00754218241105698590	0.00083018885604933302
343	0.00756502182279897642	0.00081864091899584853
344	0.00758814685088318643	0.00080707585405830930
345	0.00761152313069477730	0.00079555304141445894
346	0.00763512717393942646	0.00078414846151277572
347	0.00765892254027605683	0.00077288535419374807
348	0.00768288586205224684	0.00076180732663953560
349	0.00770699667256794733	0.00075095301505404151
350	0.00773123709665604706	0.00074035624384219021
351	0.00775559154559467626	0.00073004617222382400
352	0.00778004642535951724	0.00072004741979632316
353	0.00780459276022951644	0.00071039693554374303
354	0.00782921675001203854	0.00070109461997323961
355	0.00785390906399079797	0.00069215086464158066
356	0.00787866165125709894	0.00068357333090473486
357	0.00790346725669447900	0.00067536543382684493
358	0.00792831925001375587	0.00066752635742236383
359	0.00795321231870164611	0.00066006323835444915
360	0.00797813975211974884	0.00065296765794332782
361	0.00800309496287872693	0.00064622520206731975
362	0.00802807235712942741	0.00063982951719707061
363	0.00805306661175755889	0.00063377409868637226
364	0.00807807272961710843	0.00062806121344990832
365	0.00810308553241178772	0.00062269043410955079
366	0.00812810042233888877	0.00061764053191550484
367	0.00815311342582291862	0.00061290509792879069
368	0.00817812079706484868	0.00060848051959802216
369	0.00820311780152995808	0.00060438197632276978
370	0.00822810239122290926	0.00060058011854165357
371	0.00825307199857040763	0.00059706966939528647
372	0.00827802322202682815	0.00059385737964420620
373	0.00830295316653256038	0.00059094306409007333
374	0.00832786155454469899	0.00058830651019151038
375	0.00835274650374366948	0.00058594780996466833
376	0.00837760371697568972	0.00058388490555965971
377	0.00840243520724123956	0.00058209025071417875
378	0.00842723978620540069	0.00058056458857755051
379	0.00845201288089521968	0.00057932927142874467
380	0.00847675793119249260	0.00057835724984529522
381	0.00850147341054550976	0.00057765417766894318
382	0.00852615615381900095	0.00057723326701151893
383	0.00855080988425841945	0.00057707236883328280
384	0.00857543182041027065	0.00057718408786835865
385	0.00860002188930595983	0.00057756696349697606
386	0.00862458299809976993	0.00057820724438340844
387	0.00864911046883253161	0.00057912562849371800
388	0.00867360860929708086	0.00058030329027366047
389	0.00869807711464122037	0.00058174269704881743
390	0.00872251369990839111	0.00058345394259452343
391	0.00874692314826704120	0.00058541945813255132
392	0.00877130197392305029	0.00058765463276164653
393	0.00879565329602146131	0.00059014948417212675
394	0.00881997846570342983	0.00059290169295726921
395	0.00884427477044664144	0.00059592360630105683
396	0.00886854757984912104	0.00059919912962466703
397	0.00889279450905632214	0.00060273998055301436
398	0.00891701805368370209	0.00060654106406833922
399	0.00894122067889698176	0.00061059816152078509
400	0.00896539964106487369	0.00061492446524379269
401	0.00898956045109974324	0.00061950646371075862
402	0.00901370237644290133	0.00062435132285289967
403	0.00903782658021651079	0.00062945993739784302
404	0.00906193639293956937	0.00063482652341593972
405	0.00908603052982074125	0.00064045956499449456
406	0.00911011233497350213	0.00064635313898126043
407	0.00913418375775288012	0.00065250564214785610
408	0.00915824373354854303	0.00065892430652136891
409	0.00918229629694669244	0.00066560092131590890
410	0.00920634278238646395	0.00067253519997079951
411	0.00923038302261571138	0.00067973093468965274
412	0.00925442051138733110	0.00068718090169842037
413	0.00927845671685642234	0.00069488348121852302
414	0.00930249237058227221	0.00070283873874678977
415	0.00932653012759803238	0.00071104072703217364
416	0.00935057181559060917	0.00071948536359783116
417	0.00937461901397892115	0.00072816866713182023
418	0.00939867362549627085	0.00073708505321526017
419	0.00942273784024031183	0.00074622736666259029
420	0.00944681352477186320	0.00075558853378406628
421	0.00947090268179535087	0.00076516016769253984
422	0.00949500756189836960	0.00077493216748376881
423	0.00951913007779137121	0.00078489455982303619
424	0.00954327219058984100	0.00079503695185755962
425	0.00956743583932606438	0.00080534891852832025
426	0.00959162329471177112	0.00081581904269529268
427	0.00961583652186058166	0.00082643679763188507
428	0.00964007704321348177	0.00083719302481783395
429	0.00966434665016313241	0.00084807793738259887
430	0.00968864711392474105	0.00085908200946312120
431	0.00971298019299866172	0.00087019601300943256
432	0.00973734764316971230	0.00088141104887151948
433	0.00976175154136049196	0.00089271762666504560
434	0.00978619357251767942	0.00090410787844252957
435	0.00981067525697333111	0.00091557500023279107
436	0.00983519845675230250	0.00092711179816648711
437	0.00985976512600337390	0.00093871155767307943
438	0.00988437734339888373	0.00095036809443145608
439	0.00990903735166710244	0.00096207582950048778
440	0.00993374771774140942	0.00097382953140414188
441	0.00995851231277183196	0.00098562123090202764
442	0.00998333307716872155	0.00099745007149386680
443	0.01000821229116850147	0.00100931325532053486
444	0.01003315228950670164	0.00102120689779466585
445	0.01005815707299270029	0.00103312023352594251
446	0.01008322629564660164	0.00104505842481561126
447	0.01010836314097010059	0.00105701432013986991
448	0.01013355461165290142	0.00106897452906908031
449	0.01015459076635760044	0.00107894696029788516
450	0.01017215333003240220	0.00108726224517512486
451	0.01018681329277250011	0.00109420184107512702
452	0.01019903854451180078	0.00109999925946398865
512	0.01200130889248299942	0.00107696792016726212
511	0.01200023089654009972	0.00109999925946690905
513	0.01200427549742080074	0.00105723194101586815
514	0.01200892250012509932	0.00104023288974517108
515	0.01201507738659719944	0.00102548583557209960
516	0.01202266843606399939	0.00101259756505373173
517	0.01203154967032169821	0.00100120914132401464
518	0.01204157761896640019	0.00099099279825212282
519	0.01205269011877799917	0.00098168351257338078
520	0.01206489912730739945	0.00097309002492972714
521	0.01207805598887559673	0.00096495581403989981
522	0.01209211947179539975	0.00095709580665250416
523	0.01210710882085019868	0.00094939053209212680
524	0.01212295102885889778	0.00094167480450902134
525	0.01213959038314619925	0.00093380582403382718
526	0.01215699763230460029	0.00092567975134491109
527	0.01217518487310089575	0.00091726184379111115
528	0.01219407377802909920	0.00090845091946835290
529	0.01221361908367719906	0.00089920172291740126
530	0.01223378008930969818	0.00088950561216323239
531	0.01225451148839329894	0.00087938390410023724
532	0.01227578154313469644	0.00086892057334796993
533	0.01229751809031039665	0.00085816293246156390
534	0.01231966705148829569	0.00084718100164822021
535	0.01234218241105699762	0.00083604843671884874
536	0.01236502182279899595	0.00082483415785297623
537	0.01238814685088319816	0.00081360198233474432
538	0.01241152313069479596	0.00080241083519013063
539	0.01243512717393939829	0.00079133630172641340
540	0.01245892254027609891	0.00078040128095237097
541	0.01248288586205219611	0.00076964908810531207
542	0.01250699667256789660	0.00075911810936272073
543	0.01253123709665599633	0.00074884195571340445
544	0.01255559154559469578	0.00073884960473924379
545	0.01258004642535949687	0.00072916552197608577
546	0.01260459276022949694	0.00071982652613016007
547	0.01262921675001199562	0.00071083240820351569
548	0.01265390906399079668	0.00070219346928525707
549	0.01267866165125709592	0.00069391729659859980
550	0.01270346725669449679	0.00068600724592345638
551	0.01272831925001369734	0.00067846245541085053
552	0.01275321231870159798	0.00067129001357275073
553	0.01277813975211970071	0.00066448138915439737
554	0.01280309496287869962	0.00065802196682219918
555	0.01282807235712940010	0.00065190510612646790
556	0.01285306661175750036	0.00064612393405661262
557	0.01287807272961709847	0.00064068027214719500
558	0.01290308553241179858	0.00063557317456954812
559	0.01292810042233889789	0.00063078082639355260
560	0.01295311342582289825	0.00062629616858975493
561	0.01297812079706480055	0.00062211487813971947
562	0.01300311780152989781	0.00061825136642369065
563	0.01302810239122289930	0.00061467546164866436
564	0.01305307199857039940	0.00061138101411732757
565	0.01307802322202680084	0.00060837385045144012
566	0.01310295316653250011	0.00060565281287637465
567	0.01312786155454469944	0.00060319666862688581
568	0.01315274650374369941	0.00060100444177268791
569	0.01317760371697569884	0.00059909295784905427
570	0.01320243520724119837	0.00059743350495264933
571	0.01322723978620539940	0.00059602560999482822
572	0.01325201288089519931	0.00059488935875116238
573	0.01327675793119249999	0.00059399642715027268
574	0.01330147341054549980	0.00059335123668805391
575	0.01332615615381899966	0.00059296581060073333
576	0.01335080988425840082	0.00059281684965532464
577	0.01337543182041020171	0.00059291584240099614
578	0.01340002188930590130	0.00059326024159119829
579	0.01342458299809969752	0.00059383523454549373
580	0.01344911046883250083	0.00059466047913413048
581	0.01347360860929710212	0.00059571612716744610
582	0.01349807711464120173	0.00059700363666970754
583	0.01352251369990839849	0.00059853210224273114
584	0.01354692314826700002	0.00060028296199320509
585	0.01357130197392300217	0.00060227061450980688
586	0.01359565329602140105	0.00060448408636462408
587	0.01361997846570340079	0.00060692006213946105
588	0.01364427477044660199	0.00060958988531407304
589	0.01366854757984910067	0.00061247644568984618
590	0.01369279450905630177	0.00061559042967252082
591	0.01371701805368370254	0.00061892569207001326
592	0.01374122067889700302	0.00062247694023535069
593	0.01376539964106479955	0.00062625626527188958
594	0.01378956045109970378	0.00063024902415928399
595	0.01381370237644290178	0.00063446124932482425
596	0.01383782658021650083	0.00063889274579397102
597	0.01386193639293960278	0.00064353669205751297
598	0.01388603052982070353	0.00064840059073450410
599	0.01391011233497350084	0.00065347759779822527
600	0.01393418375775289965	0.00065876525458373534
601	0.01395824373354850184	0.00066427000974430314
602	0.01398229629694669983	0.00066998294813637937
603	0.01400634278238640194	0.00067590316583340619
604	0.01403038302261569968	0.00068203393404342786
605	0.01405442051138730206	0.00068836761440712691
606	0.01407845671685640024	0.00069490229017947827
607	0.01410249237058230215	0.00070163785999014579
608	0.01412653012759799986	0.00070856835323523915
609	0.01415057181559060094	0.00071568982209316756
610	0.01417461901397890425	0.00072299859358097743
611	0.01419867362549630078	0.00073048958185957362
612	0.01422273784024030360	0.00073815633801893544
613	0.01424681352477180120	0.00074599272057788686
614	0.01427090268179530101	0.00075399151953926867
615	0.01429500756189830413	0.00076214408245079660
616	0.01431913007779140115	0.00077044246987868564
617	0.01434327219058979981	0.00077887958511080639
618	0.01436743583932600411	0.00078744976698781751
619	0.01439162329471179932	0.00079614789488375692
620	0.01441583652186060119	0.00080497134632821581
621	0.01444007704321349957	0.00081392056615882857
622	0.01446434665016310336	0.00082299718398938667
623	0.01448864711392470507	0.00083220504770038740
624	0.01451298019299870033	0.00084155044393161276
625	0.01453734764316970234	0.00085104236432520205
626	0.01456175154136050108	0.00086069188754789858
627	0.01458619357251770242	0.00087051478267030830
628	0.01461067525697330380	0.00088053145589616830
629	0.01463519845675230122	0.00089076615631697345
630	0.01465976512600340384	0.00090124871411012856
631	0.01468437734339890326	0.00091201574978019362
632	0.01470903735166710288	0.00092311231563395725
633	0.01473374771774140293	0.00093459379403316967
634	0.01475851231277179945	0.00094652527880490465
635	0.01478333307716870292	0.00095898631721036409
636	0.01480821229116850365	0.00097205281761197210
637	0.01483315228950670382	0.00098579797131751325
638	0.01485815707299270073	0.00100028859073153010
639	0.01488322629564660035	0.00101561124200496558
640	0.01490836314097010104	0.00103184960945987151
641	0.01493355461165290186	0.00104909746283623475
642	0.01495459076635759915	0.00106435199295103547
643	0.01497215333003239918	0.00107778295140558908
644	0.01498681329277250056	0.00108959923570475141
645	0.01499903854451179949	0.00109999925946173763
1687	0.00240023089654014003	-0.00110000074053209253
1686	0.00240130889248303019	-0.00107658628881864915
1685	0.00240427549742081980	-0.00105581301712182334
1684	0.00240892250012510059	-0.00103726356413620874
1683	0.00241507738659725016	-0.00102057303899650556
1682	0.00242266843606397074	-0.00100544961336252446
1681	0.00243154967032172030	-0.00099162071889105337
1680	0.00244157761896636070	-0.00097883280190111193
1679	0.00245269011877805075	-0.00096688550175472762
1678	0.00246489912730737080	-0.00095564473486333204
1677	0.00247805598887562142	-0.00094490492470535113
1676	0.00249211947179538108	-0.00093452669640956758
1675	0.00250710882085018174	-0.00092443179029544646
1674	0.00252295102885890122	-0.00091449205668832302
1673	0.00253959038314621180	-0.00090459739954731205
1672	0.00255699763230457164	-0.00089467217489245501
1671	0.00257518487310096165	-0.00088470480311832276
1670	0.00259407377802908182	-0.00087461143405197065
1669	0.00261361908367721161	-0.00086435732263025482
1668	0.00263378008930969208	-0.00085393650585723275
1667	0.00265451148839330239	-0.00084336408143613961
1666	0.00267578154313472243	-0.00083270801578530767
1665	0.00269751809031036236	-0.00082199184510463785
1664	0.00271966705148835161	-0.00081126004925090626
1663	0.00274218241105699196	-0.00080056088988432548
1662	0.00276502182279897207	-0.00078993848093376385
1661	0.00278814685088318208	-0.00077943275923891180
1660	0.00281152313069478205	-0.00076907994596385075
1659	0.00283512717393942168	-0.00075893427454760173
1658	0.00285892254027605205	-0.00074899876360594254
1657	0.00288288586205224205	-0.00073929839442002019
1656	0.00290699667256794211	-0.00072985480417425187
1655	0.00293123709665604228	-0.00072068645800710490
1654	0.00295559154559467147	-0.00071180879531311449
1653	0.00298004642535952199	-0.00070323434756945722
1652	0.00300459276022951123	-0.00069498959519991640
1651	0.00302921675001203159	-0.00068706557808271868
1650	0.00305390906399080186	-0.00067946542500471358
1649	0.00307866165125709112	-0.00067219111752814329
1648	0.00310346725669447205	-0.00066524195945302594
1647	0.00312831925001375152	-0.00065861457331805435
1646	0.00315321231870164089	-0.00065231488948232024
1645	0.00317813975211974145	-0.00064633389403839737
1644	0.00320309496287872085	-0.00064065685072896143
1643	0.00322807235712943130	-0.00063527733222419223
1642	0.00325306661175755150	-0.00063018899166196473
1641	0.00327807272961710104	-0.00062539446753598956
1640	0.00330308553241178077	-0.00062089389792494086
1639	0.00332810042233888182	-0.00061666679850634826
1638	0.00335311342582291037	-0.00061270766460153460
1637	0.00337812079706484043	-0.00060901392958350137
1636	0.00340311780152995026	-0.00060560194243408411
1635	0.00342810239122290014	-0.00060244363290453383
1634	0.00345307199857039981	-0.00059953510237933287
1633	0.00347802322202682120	-0.00059688455876972244
1632	0.00350295316653256037	-0.00059449334602120960
1631	0.00352786155454468987	-0.00059234284275748591
1630	0.00355274650374365992	-0.00059043478488632903
1629	0.00357760371697568016	-0.00058878880243260141
1628	0.00360243520724123001	-0.00058737907669218414
1627	0.00362723978620539027	-0.00058620811339569492
1626	0.00365201288089521013	-0.00058529905441564339
1625	0.00367675793119248999	-0.00058462662404485126
1624	0.00370147341054549934	-0.00058419818454365604
1623	0.00372615615381898966	-0.00058402858865065231
1622	0.00375080988425841944	-0.00058409726627622210
1621	0.00377543182041025979	-0.00058441834368857431
1620	0.00380002188930594897	-0.00058499182816328782
1619	0.00382458299809975907	-0.00058580538778689266
1618	0.00384911046883251945	-0.00058688109477999552
1617	0.00387360860929706957	-0.00058820145655304537
1616	0.00389807711464120908	-0.00058977023617636090
1615	0.00392251369990837939	-0.00059159878892298210
1614	0.00394692314826702948	-0.00059367077713097657
1613	0.00397130197392303857	-0.00059600279378100999
1612	0.00399565329602144872	-0.00059858603636312477
1611	0.00401997846570341898	-0.00060141934464297199
1610	0.00404427477044662885	-0.00060451620724521246
1609	0.00406854757984910845	-0.00060786165661573792
1608	0.00409279450905630955	-0.00061146852609277860
1607	0.00411701805368368864	-0.00061533282816058016
1606	0.00414122067889696917	-0.00061945144681095307
1605	0.00416539964106485850	-0.00062383867533857503
1604	0.00418956045109972804	-0.00062848210252683346
1603	0.00421370237644288874	-0.00063338995373776188
1602	0.00423782658021650861	-0.00063856408242835905
1601	0.00426193639293955852	-0.00064399955398888387
1600	0.00428603052982072952	-0.00064970559127194123
1599	0.00431011233497348867	-0.00065567689732013942
1598	0.00433418375775286840	-0.00066191237967217951
1597	0.00435824373354852697	-0.00066841966188990558
1596	0.00438229629694668853	-0.00067519080087819654
1595	0.00440634278238644789	-0.00068222564848614321
1594	0.00443038302261569879	-0.00068952799974478902
1593	0.00445442051138731851	-0.00069709049107562530
1592	0.00447845671685641843	-0.00070491121244951513
1591	0.00450249237058225789	-0.00071298978012169871
1590	0.00452653012759801805	-0.00072131962943442548
1589	0.00455057181559059745	-0.00072989588259163036
1588	0.00457461901397890943	-0.00073871357482754255
1587	0.00459867362549626953	-0.00074776593958150728
1586	0.00462273784024030878	-0.00075704443011196353
1585	0.00464681352477185842	-0.00076654036105305271
1584	0.00467090268179534869	-0.00077624350328022070
1583	0.00469500756189835788	-0.00078614167500587018
1582	0.00471913007779135862	-0.00079622264297178461
1581	0.00474327219058983795	-0.00080647372034671700
1580	0.00476743583932604832	-0.00081688218773634264
1579	0.00479162329471175940	-0.00082743433042294437
1578	0.00481583652186057861	-0.00083811731485045776
1577	0.00484007704321346831	-0.00084891965738474848
1576	0.00486434665016311808	-0.00085982921539268047
1575	0.00488864711392473800	-0.00087083406043174101
1574	0.00491298019299865954	-0.00088192249454075464
1573	0.00493734764316969797	-0.00089308305566149215
1572	0.00496175154136048891	-0.00090430356558357202
1571	0.00498619357251766857	-0.00091557330386414916
1570	0.00501067525697332979	-0.00092688239965559580
1569	0.00503519845675229772	-0.00093822031496161899
1568	0.00505976512600336912	-0.00094957663344475579
1567	0.00508437734339887808	-0.00096094100686260596
1566	0.00510903735166709852	-0.00097230309184369356
1565	0.00513374771774140898	-0.00098365210487269669
1564	0.00515851231277181937	-0.00099497352577855146
1563	0.00518333307716871937	-0.00100625938245845815
1562	0.00520821229116850883	-0.00101749994618132084
1561	0.00523315228950669946	-0.00102868454030781626
1560	0.00525815707299268943	-0.00103979550957554066
1559	0.00528322629564660987	-0.00105083066781792118
1558	0.00530836314097007933	-0.00106177445245214902
1557	0.00533355461165293913	-0.00107260362784487038
1556	0.00535459076635758872	-0.00108153202357303465
1555	0.00537215333003240002	-0.00108889598815703958
1554	0.00538681329277251007	-0.00109497404282857019
1553	0.00539903854451180033	-0.00110000074053382335
1494	0.00720023089654014004	-0.00110000074053209058
1493	0.00720130889248303020	-0.00107694607006939566
1492	0.00720427549742082025	-0.00105714848891614926
1491	0.00720892250012509974	-0.00104005333714387617
1490	0.00721507738659725971	-0.00102518010053388405
1489	0.00722266843606397119	-0.00101213926147019945
1488	0.00723154967032172118	-0.00100057498368558368
1487	0.00724157761896636158	-0.00099016210443492961
1486	0.00725269011877806204	-0.00098063781189894708
1485	0.00726489912730737212	-0.00097181275955889631
1484	0.00727805598887562143	-0.00096343209544616417
1483	0.00729211947179538196	-0.00095531222255269908
1482	0.00730710882085018262	-0.00094733501020366842
1481	0.00732295102885890167	-0.00093933651659609721
1480	0.00733959038314621268	-0.00093117510101089411
1479	0.00735699763230457382	-0.00092274803178718425
1478	0.00737518487310096383	-0.00091402164310732997
1477	0.00739407377802908227	-0.00090489580687280291
1476	0.00741361908367721249	-0.00089532629063204144
1475	0.00743378008930970380	-0.00088530544661289225
1474	0.00745451148839330370	-0.00087485554484606303
1473	0.00747578154313472375	-0.00086406145268014419
1472	0.00749751809031036238	-0.00085297129991960597
1471	0.00751966705148836376	-0.00084165584667711694
1470	0.00754218241105699197	-0.00083018941477486349
1469	0.00756502182279898336	-0.00081864151664489814
1468	0.00758814685088319337	-0.00080707649085320443
1467	0.00761152313069478250	-0.00079555371743968953
1466	0.00763512717393943253	-0.00078414917673243114
1465	0.00765892254027606204	-0.00077288610838081764
1464	0.00768288586205225464	-0.00076180811949322282
1463	0.00770699667256795253	-0.00075095384612773922
1462	0.00773123709665605226	-0.00074035711256521504
1461	0.00775559154559468233	-0.00073004707790381063
1460	0.00778004642535952244	-0.00072004836162170669
1459	0.00780459276022952165	-0.00071039791261059699
1458	0.00782921675001204374	-0.00070109563118663334
1457	0.00785390906399080144	-0.00069215190886865992
1456	0.00787866165125710415	-0.00068357440687585359
1455	0.00790346725669448247	-0.00067536654016290860
1454	0.00792831925001376107	-0.00066752749264244573
1453	0.00795321231870164957	-0.00066006440087251772
1452	0.00797813975211975231	-0.00065296884608590574
1451	0.00800309496287873214	-0.00064622641408620387
1450	0.00802807235712943087	-0.00063983075128326648
1449	0.00805306661175756409	-0.00063377535298338302
1448	0.00807807272961711363	-0.00062806248606635967
1447	0.00810308553241178946	-0.00062269172313099549
1446	0.00812810042233889224	-0.00061764183541550407
1445	0.00815311342582292035	-0.00061290641397912559
1444	0.00817812079706485041	-0.00060848184627807129
1443	0.00820311780152996155	-0.00060438331172806036
1442	0.00822810239122290926	-0.00060058146079144384
1441	0.00825307199857040936	-0.00059707101663990377
1440	0.00827802322202682989	-0.00059385873007602855
1439	0.00830295316653256212	-0.00059094441593059686
1438	0.00832786155454470073	-0.00058830786172202820
1437	0.00835274650374367121	-0.00058594915951690511
1436	0.00837760371697568972	-0.00058388625152120245
1435	0.00840243520724123782	-0.00058209159153274723
1434	0.00842723978620540069	-0.00058056592276461007
1433	0.00845201288089521968	-0.00057933059756239147
1432	0.00847675793119249087	-0.00057835856657114802
1431	0.00850147341054550802	-0.00057765548368274766
1430	0.00852615615381899922	-0.00057723456112123458
1429	0.00855080988425841945	-0.00057707364986209816
1428	0.00857543182041026891	-0.00057718535471707529
1427	0.00860002188930595809	-0.00057756821512697058
1426	0.00862458299809976819	-0.00057820847981550556
1425	0.00864911046883252814	-0.00057912684680739657
1424	0.00867360860929708086	-0.00058030449060623480
1423	0.00869807711464121863	-0.00058174387859462025
1422	0.00872251369990838764	-0.00058345510460527993
1421	0.00874692314826703773	-0.00058542059991585215
1420	0.00877130197392304856	-0.00058765575368133780
1419	0.00879565329602145785	-0.00059015058364821917
1418	0.00881997846570342810	-0.00059290277046596162
1417	0.00884427477044663797	-0.00059592466137497232
1416	0.00886854757984911757	-0.00059920016185321620
1415	0.00889279450905631867	-0.00060274098958293984
1414	0.00891701805368369863	-0.00060654204960419950
1413	0.00894122067889697655	-0.00061059912332666623
1412	0.00896539964106486849	-0.00061492540314324155
1411	0.00898956045109973803	-0.00061950737758850326
1410	0.00901370237644289959	-0.00062435221265481824
1409	0.00903782658021650906	-0.00062946080312722389
1408	0.00906193639293956764	-0.00063482736513076452
1407	0.00908603052982073604	-0.00064046038280430489
1406	0.00911011233497349866	-0.00064635393304407029
1405	0.00913418375775287839	-0.00065250641266573445
1404	0.00915824373354853782	-0.00065892505374153204
1403	0.00918229629694668897	-0.00066560164552162480
1402	0.00920634278238645874	-0.00067253590148214169
1401	0.00923038302261570964	-0.00067973161385869547
1400	0.00925442051138732590	-0.00068718155890560651
1399	0.00927845671685641714	-0.00069488411686971865
1398	0.00930249237058227048	-0.00070283935326830374
1397	0.00932653012759803064	-0.00071104132086692205
1396	0.00935057181559060743	-0.00071948593720096317
1395	0.00937461901397891595	-0.00072816922096638752
1394	0.00939867362549626911	-0.00073708558774414768
1393	0.00942273784024030836	-0.00074622788234763151
1392	0.00944681352477185626	-0.00075558903107702440
1391	0.00947090268179534740	-0.00076516064702965194
1390	0.00949500756189836960	-0.00077493262927915015
1389	0.00951913007779136774	-0.00078489500445756320
1388	0.00954327219058983753	-0.00079503737970114993
1387	0.00956743583932605744	-0.00080534932990390586
1386	0.00959162329471176765	-0.00081581943789882600
1385	0.00961583652186057646	-0.00082643717693988935
1384	0.00964007704321347830	-0.00083719338845473004
1383	0.00966434665016312894	-0.00084807828558335833
1382	0.00968864711392473758	-0.00085908234239577151
1381	0.00971298019299865999	-0.00087019633082371418
1380	0.00973734764316970883	-0.00088141135168781594
1379	0.00976175154136048849	-0.00089271791457629860
1378	0.00978619357251767769	-0.00090410815150104677
1377	0.00981067525697332937	-0.00091557525846952526
1376	0.00983519845675230077	-0.00092711204157549295
1375	0.00985976512600336870	-0.00093871178621563280
1374	0.00988437734339888026	-0.00095036830803284711
1373	0.00990903735166709897	-0.00096207602802694770
1372	0.00993374771774140942	-0.00097382971474156547
1371	0.00995851231277183023	-0.00098562139879158212
1370	0.00998333307716871808	-0.00099745022375690557
1369	0.01000821229116849800	-0.00100931339162176233
1368	0.01003315228950669991	-0.00102120701778594752
1367	0.01005815707299269682	-0.00103312033681704431
1366	0.01008322629564659990	-0.00104505851096792397
1365	0.01010836314097010059	-0.00105701438865614546
1364	0.01013355461165289968	-0.00106897457940211254
1363	0.01015459076635760044	-0.00107894699499819897
1362	0.01017215333003240046	-0.00108726226645518157
1361	0.01018681329277250011	-0.00109420185083331303
1360	0.01019903854451180078	-0.00110000074053390033
1301	0.01200023089654009972	-0.00110000074053209058
1300	0.01200130889248299942	-0.00107696792320289810
1299	0.01200427549742080074	-0.00105723195240365470
1298	0.01200892250012509932	-0.00104023291379872038
1297	0.01201507738659719944	-0.00102548587575739263
1296	0.01202266843606399939	-0.00101259762411809884
1295	0.01203154967032169995	-0.00100120922140199166
1294	0.01204157761896640019	-0.00099099290095367018
1293	0.01205269011877799917	-0.00098168363911352264
1292	0.01206489912730740119	-0.00097309017585875586
1291	0.01207805598887560193	-0.00096495598984946171
1290	0.01209211947179540322	-0.00095709600734001092
1289	0.01210710882085020389	-0.00094939075736854900
1288	0.01212295102885890125	-0.00094167505379594600
1287	0.01213959038314620272	-0.00093380609648555362
1286	0.01215699763230460202	-0.00092568004586888976
1285	0.01217518487310090269	-0.00091726215907271568
1284	0.01219407377802910267	-0.00090845125399465377
1283	0.01221361908367720427	-0.00089920207501221366
1282	0.01223378008930970338	-0.00088950597989818306
1281	0.01225451148839330241	-0.00087938428584434123
1280	0.01227578154313470338	-0.00086892096706231350
1279	0.01229751809031040359	-0.00085816333625145463
1278	0.01231966705148830436	-0.00084718141366201785
1277	0.01234218241105700282	-0.00083604885516555506
1276	0.01236502182279900289	-0.00082483458101676474
1275	0.01238814685088320336	-0.00081360240859281873
1274	0.01241152313069480463	-0.00080241126301910243
1273	0.01243512717393940349	-0.00079133672968910082
1272	0.01245892254027610238	-0.00078040170781417794
1271	0.01248288586205220131	-0.00076964951268223680
1270	0.01250699667256790527	-0.00075911853063632734
1269	0.01253123709665600501	-0.00074884237281170273
1268	0.01255559154559470272	-0.00073885001694365339
1267	0.01258004642535950381	-0.00072916592872892345
1266	0.01260459276022950388	-0.00071982692703430535
1265	0.01262921675001200256	-0.00071083280305421969
1264	0.01265390906399080188	-0.00070219385803850878
1263	0.01267866165125710459	-0.00069391767940174597
1262	0.01270346725669450373	-0.00068600762310036761
1261	0.01272831925001370081	-0.00067846282751675413
1260	0.01275321231870160145	-0.00067129038131922007
1259	0.01277813975211970418	-0.00066448175344390457
1258	0.01280309496287869962	-0.00065802232871478637
1257	0.01282807235712940183	-0.00065190546681879319
1256	0.01285306661175750036	-0.00064612429486152060
1255	0.01287807272961710020	-0.00064068063447397339
1254	0.01290308553241180378	-0.00063557353990501095
1253	0.01292810042233890136	-0.00063078119628408357
1252	0.01295311342582290172	-0.00062629654462434403
1251	0.01297812079706480055	-0.00062211526193415732
1250	0.01300311780152990301	-0.00061825175960562677
1249	0.01302810239122290277	-0.00061467586584373771
1248	0.01305307199857039940	-0.00061138143093664751
1247	0.01307802322202680258	-0.00060837428148429688
1246	0.01310295316653250011	-0.00060565325966155414
1245	0.01312786155454469944	-0.00060319713266635770
1244	0.01315274650374369941	-0.00060100492451015954
1243	0.01317760371697570231	-0.00059909346066176143
1242	0.01320243520724120011	-0.00059743402914373927
1241	0.01322723978620539940	-0.00059602615678620613
1240	0.01325201288089519931	-0.00059488992927629256
1239	0.01327675793119249999	-0.00059399702245098126
1238	0.01330147341054550153	-0.00059335185773136542
1237	0.01332615615381899793	-0.00059296645821710944
1236	0.01335080988425840255	-0.00059281752463444389
1235	0.01337543182041019997	-0.00059291654542961301
1234	0.01340002188930589783	-0.00059326097326965505
1233	0.01342458299809969752	-0.00059383599538810649
1232	0.01344911046883249736	-0.00059466126957007559
1231	0.01347360860929710039	-0.00059571694754008691
1230	0.01349807711464119653	-0.00059700448723787704
1229	0.01352251369990840023	-0.00059853298317707278
1228	0.01354692314826699828	-0.00060028387338027312
1227	0.01357130197392299870	-0.00060227155634836639
1226	0.01359565329602139584	-0.00060448505856540945
1225	0.01361997846570339732	-0.00060692106452393335
1224	0.01364427477044659678	-0.00060959091761289867
1223	0.01366854757984909720	-0.00061247750754118480
1222	0.01369279450905630004	-0.00061559152061997624
1221	0.01371701805368369907	-0.00061892681156029965
1220	0.01374122067889699955	-0.00062247808761552290
1219	0.01376539964106479608	-0.00062625743978656683
1218	0.01378956045109970031	-0.00063025022494658442
1217	0.01381370237644289831	-0.00063446247541714817
1216	0.01383782658021650083	-0.00063889399611740717
1215	0.01386193639293959584	-0.00064353796543593347
1214	0.01388603052982069659	-0.00064840188589148598
1213	0.01391011233497349911	-0.00065347891335896689
1212	0.01393418375775289618	-0.00065876658907836809
1211	0.01395824373354849837	-0.00066427136160769303
1210	0.01398229629694669983	-0.00066998431571365052
1209	0.01400634278238639847	-0.00067590454738002787
1208	0.01403038302261569621	-0.00068203532773000600
1207	0.01405442051138729685	-0.00068836901831794740
1206	0.01407845671685639850	-0.00069490370232190319
1205	0.01410249237058230042	-0.00070163927828892630
1204	0.01412653012759799986	-0.00070856977555668369
1203	0.01415057181559059574	-0.00071569124622116842
1202	0.01417461901397890078	-0.00072300001723982980
1201	0.01419867362549629732	-0.00073049100271918663
1200	0.01422273784024030013	-0.00073815775369399190
1199	0.01424681352477179773	-0.00074599412863954524
1198	0.01427090268179529754	-0.00075399291752164740
1197	0.01429500756189829719	-0.00076214546785944583
1196	0.01431913007779139768	-0.00077044384019861435
1195	0.01434327219058979808	-0.00077888093781644291
1194	0.01436743583932599891	-0.00078745109954587262
1193	0.01439162329471179759	-0.00079614920476136282
1192	0.01441583652186059598	-0.00080497263099954530
1191	0.01444007704321349783	-0.00081392182310695228
1190	0.01446434665016309989	-0.00082299841071262105
1189	0.01448864711392469813	-0.00083220624171492330
1188	0.01451298019299869686	-0.00084155160277456622
1187	0.01453734764316969887	-0.00085104348555641333
1186	0.01456175154136049761	-0.00086069296875438089
1185	0.01458619357251769721	-0.00087051582145565392
1184	0.01461067525697329859	-0.00088053244989753270
1183	0.01463519845675229601	-0.00089076710319279707
1182	0.01465976512600339690	-0.00090124961154211449
1181	0.01468437734339889805	-0.00091201659547005378
1180	0.01470903735166709768	-0.00092311310733725956
1179	0.01473374771774139773	-0.00093459452940916686
1178	0.01475851231277179598	-0.00094652595560374396
1177	0.01478333307716869771	-0.00095898693322446222
1176	0.01480821229116849845	-0.00097205337056568530
1175	0.01483315228950670035	-0.00098579845897135937
1174	0.01485815707299269900	-0.00100028901082029878
1173	0.01488322629564660035	-0.00101561159230531333
1172	0.01490836314097009757	-0.00103184988769472420
1171	0.01493355461165290013	-0.00104909766670931181
1170	0.01495459076635759915	-0.00106435213303987162
1169	0.01497215333003239918	-0.00107778303697045395
1168	0.01498681329277250056	-0.00108959927474259902
1167	0.01499903854451179949	-0.00110000074053382335
