97008	-0.000395950701999992	-0.001247198204
97009	-0.000387638614999991	-0.001249095001
97010	-0.000379271522000013	-0.00125071933
97011	-0.000370857795000012	-0.001252079899
97012	-0.000362403873999995	-0.001253179053
97013	-0.000353916605000004	-0.001254022945
97014	-0.000345403366000002	-0.001254618974
97015	-0.000336873180000002	-0.00125497561
97016	-0.000328336897000014	-0.001255102443
97017	-0.000319803721999995	-0.001255010141
97018	-0.000311277910999996	-0.00125470984100001
97019	-0.000302760513999994	-0.00125421254
97020	-0.000294252762999991	-0.001253528969
97021	-0.000285757248000007	-0.001252669642
97022	-0.000277278288000005	-0.001251645031
97023	-0.000268821455000012	-0.001250465608
97024	-0.000260390445000008	-0.001249141355
97025	-0.000251984964000002	-0.001247681204
97026	-0.00024360301000001	-0.001246093177
97027	-0.000235243497999998	-0.001244384785
97028	-0.000226906329999998	-0.001242563224
97029	-0.000218591702000004	-0.001240635235
97030	-0.00021029976100001	-0.001238607097
97031	-0.00020203061900001	-0.001236484655
97032	-0.000193784360000004	-0.00123427332
97033	-0.000185561061000011	-0.001231978132
97034	-0.000177360812999988	-0.00122960376
97035	-0.000169183699999992	-0.00122715453
97036	-0.000161029799000012	-0.001224634453
97037	-0.000152899236000009	-0.00122204726
97038	-0.000144792199999993	-0.001219396416
97039	-0.000136708760999998	-0.001216685106
97040	-0.000128648541000004	-0.001213916102
97041	-0.000120609923000004	-0.001211091497
97042	-0.000112590057999989	-0.00120821267
97043	-0.000104586797000011	-0.001205280993
97044	-9.6600076999992e-005	-0.001202298342
97045	-8.86309969999888e-005	-0.001199266915
97046	-8.0680431999991e-005	-0.00119618863
97047	-7.27481789999929e-005	-0.001193064887
97048	-6.48324950000001e-005	-0.001189896267
97049	-5.69304749999944e-005	-0.001186682707
97050	-4.90406349999972e-005	-0.001183424515
97051	-4.11654180000054e-005	-0.001180123469
97052	-3.33093740000068e-005	-0.001176782159
97053	-2.54738890000106e-005	-0.001173401782
97054	-1.76555820000091e-005	-0.00116998133
97055	-9.85109300000175e-006	-0.001166519557
97056	-2.06133899999239e-006	-0.001163016925
97057	5.70954299999871e-006	-0.001159475219
97058	1.34583889999929e-005	-0.001155895734
97059	2.11849960000121e-005	-0.001152278225
97060	2.88910650000085e-005	-0.001148621362
97061	3.65781710000013e-005	-0.001144923619
97062	4.42467129999902e-005	-0.00114118374300001
97063	5.18967260000058e-005	-0.001137400376
97064	5.95281609999943e-005	-0.001133571887
97065	6.71392890000122e-005	-0.001129697121
97066	7.47263860000069e-005	-0.001125775588
97067	8.22865819999907e-005	-0.001121805944
97068	8.98193309999962e-005	-0.001117785074
97069	9.73244090000103e-005	-0.001113708981
97070	0.000104800030999996	-0.001109573612
97071	0.000112242956000014	-0.001105374662
97072	0.000119649159000007	-0.001101107
97073	0.000127014005999987	-0.001096764193
97074	0.000134331882999994	-0.001092338247
97075	0.000141595712999987	-0.001087819299
97076	0.000148796528999989	-0.001083194973
97077	0.00015592278099999	-0.001078449659
97078	0.000162958935999991	-0.001073563918
97079	0.000169883671999993	-0.001068513929
97080	0.000176668477999992	-0.001063270817
97081	0.000183276932999993	-0.001057801234
97082	0.000189666246000003	-0.001052071559
97083	0.000195795838000001	-0.001046058769
97084	0.000201647263999988	-0.00103976817
97085	0.000207247593000004	-0.00103324634
97086	0.000212670534999987	-0.001026570867
97087	0.000218005339999994	-0.00101982041
97088	0.000223323814000004	-0.00101305274
97089	0.000228670287999999	-0.001006302542
97090	0.00023406779900001	-0.000999588491999999
97091	0.000239526413000013	-0.000992919319000002
97092	0.000245046424000001	-0.000986295072000001
97093	0.000250608483999992	-0.000979698341999999
97094	0.000256118135000011	-0.000973049237999998
97095	0.000261220819999991	-0.000966079862999999
97096	0.000265493150999996	-0.000958568303
97097	0.000269254657000007	-0.000950781992999999
97098	0.000272854595999988	-0.000942917227000004
97099	0.000276414795999991	-0.000935031789999999
97100	0.000279977117000008	-0.000927143868000004
97101	0.000283491963999988	-0.000919230816000004
97102	0.000286946603999999	-0.000911287146
97103	0.000290437301000007	-0.000903355060999998
97104	0.000294073507000003	-0.000895484512999999
97105	0.000297946053999992	-0.000887723186
97106	0.000301871969	-0.000879983670999999
97107	0.000305419008999996	-0.000872060601999999
97108	0.000308110235999998	-0.000863808498000003
97109	0.000310304917999993	-0.000855403849999999
97110	0.000312447113999997	-0.000846987582000004
97111	0.000314535815999994	-0.000838559575000002
97112	0.000316571283	-0.000830118583
97113	0.000318553823000001	-0.000821663710000003
97114	0.000320483429000012	-0.000813194844000005
97115	0.000322359898000002	-0.000804712180999999
97116	0.000324183237000009	-0.000796216155000001
97117	0.000325953264000006	-0.000787707227999999
97118	0.000327669740999986	-0.00077918582
97119	0.000329332703000007	-0.000770652449000001
97120	0.000330941953999991	-0.000762107598000002
97121	0.000332497444999996	-0.000753551770999998
97122	0.00033399905699999	-0.000744985408999997
97123	0.000335446594000005	-0.000736408925000001
97124	0.000336840105000014	-0.000727822830000002
97125	0.000338179323999988	-0.000719227586000001
97126	0.000339464341999995	-0.000710623711000002
97127	0.000340695067999996	-0.000702011681000002
97128	0.000341871362000007	-0.000693391992999996
97129	0.000342993112000006	-0.000684765115999998
97130	0.000344060374000005	-0.000676131505000004
97131	0.00034507298	-0.000667491587000003
97132	0.000346030972000005	-0.000658845880000002
97133	0.000346934265999993	-0.000650194972000001
97134	0.000347782763999993	-0.000641539429999997
97135	0.000348576591999994	-0.000632879807000004
97136	0.000349315595999988	-0.000624216579000005
97137	0.000349999727000005	-0.000615550173000003
97138	0.000350629174	-0.000606881002000001
97139	0.000351203643000009	-0.000598209450999997
97140	0.000351723357999989	-0.000589536080000001
97141	0.000352188305000001	-0.000580861463000001
97142	0.000352598371999996	-0.000572186006000001
97143	0.000352953586999993	-0.000563510129000001
97144	0.000353254082999993	-0.000554834273000002
97145	0.000353499873999991	-0.000546158801999999
97146	0.000353690917999999	-0.000537484129000003
97147	0.000353827249999994	-0.000528810631999999
97148	0.000353908919000001	-0.000520138534999999
97149	0.000353935994999999	-0.000511467978000002
97150	0.000353908498999994	-0.000502799324999997
97151	0.00035382646599999	-0.000494133213
97152	0.00035368991000001	-0.000485470139000001
97153	0.000353498907999988	-0.000476810439000004
97154	0.000353253579000012	-0.000468154477
97155	0.000352953915999987	-0.000459502581999997
97156	0.000352599967999995	-0.000450854950000003
97157	0.000352191811999997	-0.000442211875000001
97158	0.000351729111999988	-0.000433573882
97159	0.000351213170000003	-0.000424941349000001
97160	0.00035064183700001	-0.000416314745
97161	0.000350030114000005	-0.000407693419000002
97162	0.000349426707	-0.000399074305000004
97163	0.000348840142000012	-0.000390456878000003
97164	0.000348274079999988	-0.000381840711000003
97165	0.000347732202999995	-0.000373225383999996
97166	0.000347218129999993	-0.000364610623999999
97167	0.000346733506000008	-0.000355996444999999
97168	0.000346277484000013	-0.000347383133999998
97169	0.000345849020999989	-0.000338770964
97170	0.000345447101999991	-0.000330159963000003
97171	0.00034507069100001	-0.000321549955999999
97172	0.000344719325999998	-0.000312940872999996
97173	0.00034439316099999	-0.000304332860999998
97174	0.00034409239899999	-0.000295726081000001
97175	0.000343817221999998	-0.000287120484000002
97176	0.000343567826000007	-0.000278515894999998
97177	0.00034334423900001	-0.000269912209000002
97178	0.000343146320999993	-0.000261309440000003
97179	0.000342973932000001	-0.000252707693000002
97180	0.000342826925000012	-0.000244107164000001
97181	0.000342705145999989	-0.000235508000000002
97182	0.000342608482999995	-0.000226910145000002
97183	0.000342536858999987	-0.000218313472999998
97184	0.000342490189999989	-0.000209717921000004
97185	0.000342468427000003	-0.000201123524000001
97186	0.000342471478999989	-0.000192530401
97187	0.000342499283000008	-0.000183938713000001
97188	0.000342551727000012	-0.000175348564999997
97189	0.000342628719999988	-0.000166759922
97190	0.00034273015700001	-0.000158172664999998
97191	0.000342855939999998	-0.000149586780000002
97192	0.000343005977999994	-0.000141002309
97193	0.000343180159000006	-0.000132419363999998
97194	0.000343378385000009	-0.000123838091999999
97195	0.000343600564999991	-0.000115258577000003
97196	0.000343846593999997	-0.000106680763000001
97197	0.000344116380999987	-9.81045659999985e-005
97198	0.000344409821000008	-8.95299999999974e-005
97199	0.000344726816000007	-8.09571140000034e-005
97200	0.000345067253999992	-7.2385999000002e-005
97201	0.00034543103000001	-6.38167949999977e-005
97202	0.000345818038999995	-5.52495510000028e-005
97203	0.000346228175999996	-4.66842179999982e-005
97204	0.000346661349999999	-3.81207469999992e-005
97205	0.000347117463000007	-2.95591520000013e-005
97206	0.000347596416999996	-2.09994749999984e-005
97207	0.000348098099999999	-1.24418140000013e-005
97208	0.000348622413999994	-3.8862880000004e-006
97209	0.000349169253999998	4.66707499999913e-006
97210	0.000349738542999994	1.32183240000028e-005
97211	0.00035033016899999	2.17674870000018e-005
97212	0.000350944048000013	3.03145430000026e-005
97213	0.000351580082000008	3.88594499999978e-005
97214	0.000352238173000008	4.74021170000019e-005
97215	0.000352918202000008	5.59424459999971e-005
97216	0.00035362007100001	6.44804299999996e-005
97217	0.000354343681999991	7.30161039999982e-005
97218	0.000355088943999993	8.15494890000004e-005
97219	0.000355855752000006	9.00805710000036e-005
97220	0.000356644008000007	9.86092939999975e-005
97221	0.000357453607000013	0.000107135580999999
97222	0.000358284437000006	0.000115659362000003
97223	0.000359136414000011	0.000124180629999998
97224	0.000360009432999991	0.00013269942
97225	0.000360903410000002	0.000141215745999998
97226	0.00036181824699999	0.000149729594000003
97227	0.000362753846000013	0.000158240915000003
97228	0.000363710102000009	0.000166749632000002
97229	0.000364686923999991	0.000175255696
97230	0.000365684221000001	0.000183759114000002
97231	0.000366701894999988	0.000192259914000001
97232	0.000367739868999989	0.000200758109999997
97233	0.000368798045000007	0.000209253674000001
97234	0.000369876332000002	0.000217746571000002
97235	0.000370974624999992	0.000226236737999999
97236	0.000372092840000005	0.000234724140000003
97237	0.000373230878999986	0.000243208791000003
97238	0.000374388671999987	0.000251690711999999
97239	0.000375566121000009	0.000260169910000004
97240	0.000376763141999997	0.000268646385000001
97241	0.000377979643999993	0.000277120116
97242	0.000379215542999994	0.000285591088999997
97243	0.000380470747999989	0.000294059261999997
97244	0.000381745153999996	0.000302524557999999
97245	0.000383038648999995	0.000310986795000003
97246	0.000384351106999997	0.000319445741999998
97247	0.000385682422999994	0.000327901265999998
97248	0.000387032533999992	0.000336353514
97249	0.000388401370000013	0.000344802598000002
97250	0.000389788825999993	0.000353248342999997
97251	0.000391194789999993	0.000361690588000001
97252	0.000392619198999994	0.000370129438000001
97253	0.00039406199	0.000378565004999998
97254	0.000395523058000002	0.000386997149
97255	0.000397002297999993	0.000395425751000003
97256	0.000398499647000006	0.000403850929999998
97257	0.00040001504199999	0.000412272748999999
97258	0.000401548363999998	0.000420691011999999
97259	0.000403099501000009	0.0004291056
97260	0.000404668417999993	0.000437516674000001
97261	0.000406255031000002	0.000445924310999997
97262	0.000407859248999998	0.000454328343
97263	0.000409480959999986	0.000462728665000002
97264	0.000411120122000008	0.000471125444999998
97265	0.000412776657999991	0.000479518696999998
97266	0.00041445046300001	0.000487908225
97267	0.000416141418000004	0.000496293937999999
97268	0.000417849495000011	0.000504675996999999
97269	0.000419574617000013	0.000513054436999998
97270	0.000421316671999988	0.000521429083
97271	0.000423075569000009	0.000529799892999998
97272	0.000424851272999988	0.000538167035000002
97273	0.000426643721000014	0.000546530495000003
97274	0.000428452801000012	0.000554890083999997
97275	0.000430278449999988	0.000563245746000002
97276	0.000432120632999994	0.000571597663000002
97277	0.000433979307999988	0.000579945870000001
97278	0.000435854355999993	0.000588290191999997
97279	0.000437745664999989	0.000596630566000005
97280	0.000439653164999998	0.000604967118000004
97281	0.000441576765000007	0.000613299960000001
97282	0.000443516339	0.000621628980000004
97283	0.000445471740000009	0.000629954002999998
97284	0.000447442835000006	0.00063827491
97285	0.000449429644999999	0.000646591708000001
97286	0.000451432247000005	0.000654904515999997
97287	0.000453450738999994	0.000663213383000003
97288	0.000455485128000005	0.000671518126999997
97289	0.000457535455999997	0.000679818600999998
97290	0.000459601779000007	0.000688114839999997
97291	0.000461683956999998	0.000696407033000002
97292	0.000463781457999995	0.000704695208000004
97293	0.000465893701000003	0.000712979330000002
97294	0.000468020175	0.000721259524999997
97295	0.00047016038299999	0.000729536087
97296	0.000472313806999997	0.000737809184000002
97297	0.000474479810000011	0.000746078914000005
97298	0.000476657355999999	0.000754345465999999
97299	0.00047884528299999	0.000762608959000002
97300	0.000481042414999994	0.000770869532999999
97301	0.000483247659999991	0.000779127530999998
97302	0.000485459954000012	0.000787383491999999
97303	0.000487678246999995	0.000795637955000005
97304	0.000489901377000002	0.000803891053000001
97305	0.000492128020999988	0.000812142366000003
97306	0.000494356933000012	0.000820391669999997
97307	0.000496587189000003	0.000828639987000002
97308	0.000498818046999999	0.000836889018000005
97309	0.000501048415000011	0.000845139182999999
97310	0.000503276879000009	0.000853389628000002
97311	0.000505502179	0.000861639926000003
97312	0.000507724069999993	0.000869890286999998
97313	0.000509942916000011	0.000878140893
97314	0.000512159059999989	0.000886391842000005
97315	0.000514372837999988	0.000894643204000005
97316	0.000516584600000008	0.00090289507
97317	0.000518794674999989	0.000911147447000001
97318	0.000521003265999992	0.000919399963999999
97319	0.000523210499000004	0.000927651823000003
97320	0.000525416604999995	0.000935902744000003
97321	0.00052762219300001	0.000944153741999999
97322	0.00052982789299999	0.000952406063000004
97323	0.000532033872999993	0.000960659055999999
97324	0.000534239958000005	0.000968910915000003
97325	0.000536446274000013	0.000977160891000001
97326	0.000538653129000005	0.000985409460000003
97327	0.00054086060700001	0.000993657104999997
97328	0.000543068666000013	0.001001903987
97329	0.000545277193999993	0.001010150057
97330	0.000547486148999993	0.001018395448
97331	0.00054969568499999	0.001026641042
97332	0.000551906061000002	0.001034888176
97333	0.000554117382000008	0.001043137501
97334	0.00055632941	0.001051388464
97335	0.000558541703999993	0.00105963977
97336	0.000560753766999988	0.001067889851
97337	0.000562965122999998	0.001076137258
97338	0.000565175485000013	0.00108438127
97339	0.000567385076999993	0.001092622993
97340	0.000569594633999998	0.001100865507
97341	0.000571804730000014	0.001109110898
97342	0.000574014882000012	0.001117357304
97343	0.00057622417299999	0.00112560126
97344	0.000578432399999995	0.001133841849
97345	0.000580639885000012	0.00114208024
97346	0.000582846998999992	0.001150317721
97347	0.000585054113	0.001158555573
97348	0.000587261556000002	0.001166794958
97349	0.00058946943999999	0.001175036191
97350	0.00059167759699999	0.001183278565
97351	0.000593885712000003	0.001191520855
97352	0.000596093470000003	0.001199761738
97353	0.000598300520999989	0.00120799987
97354	0.000600506570999998	0.001216234054
97355	0.000602711578000015	0.001224464066
97356	0.000604915982999998	0.001232691649
97357	0.000607120541999989	0.001240919589
97358	0.000609325549000006	0.00124914899900001
97359	0.000611530710000002	0.001257378843
97360	0.000613735751999994	0.001265608106
97361	0.000615940626000011	0.001273836648
97362	0.000618145331999997	0.001282064462
97363	0.00062034984199999	0.001290291457
97364	0.000622554268000008	0.001298518123
97365	0.000624759001999986	0.001306745902
97366	0.000626964449999989	0.001314976376
97367	0.00062917077300001	0.001323210119
97368	0.000631377823999996	0.001331446634
97369	0.000633585343999987	0.001339684955
97370	0.000635793032000009	0.001347923969
97371	0.000638000593999988	0.001356162577
97372	0.00064020775000001	0.001364399708
97373	0.000642414212999987	0.001372634298
97374	0.000644619709999988	0.001380865339
97375	0.000646823989000012	0.001389091851
97376	0.000649026832999999	0.001397313036
97377	0.000651228228000011	0.001405528838
97378	0.000653428656999994	0.00141374103500001
97379	0.000655628953000004	0.00142195277000001
97380	0.000657829711000008	0.001430166199
97381	0.000660030854000015	0.00143838107
97382	0.00066223205999999	0.001446596179
97383	0.000664433140000004	0.001454810819
97384	0.000666634037999991	0.001463024738
97385	0.000668834768000004	0.001471237999
97386	0.000671035518999996	0.001479451344
97387	0.000673236654999992	0.001487666103
97388	0.000675438441999993	0.00149588331200001
97389	0.000677640922000011	0.001504103069
97390	0.00067984392699999	0.001512324786
97391	0.000682047240000011	0.00152054763
97392	0.000684250629999994	0.001528770754
97393	0.000686453865999997	0.001536993332
97394	0.000688656738000004	0.001545214531
97395	0.000690859022000001	0.001553433539
97396	0.000693060494000003	0.001561649509
97397	0.000695260951000004	0.001569861706
97398	0.000697460385999993	0.001578070095
97399	0.000699659680999998	0.001586277973
97400	0.000701862545999993	0.001594499144
97401	0.000704069527000001	0.001602735736
97402	0.000706276354000002	0.001610971712
97403	0.000708481213999995	0.001619200352
97404	0.000710683673000007	0.001627420053
97405	0.000712883604999992	0.001635630311
97406	0.000715081059000006	0.001643831343
97407	0.000717276517999993	0.001652024899
97408	0.000719470759000002	0.001660213933
97409	0.00072166448899999	0.001668401063
97410	0.000723858058000015	0.001676587577
97411	0.000726051669	0.001684774231
97412	0.000728245826000007	0.00169296295
97413	0.000730441222	0.001701156289
97414	0.000732637920000001	0.001709354472
97415	0.000734834422000008	0.00171755192
97416	0.000737030567000002	0.001725748052
97417	0.000739229043	0.001733952885
97418	0.000741430143999994	0.001742167504
97419	0.000743629033000015	0.001750373856
97420	0.00074582734100001	0.001758578059
97421	0.000748027839999998	0.001766790438
97422	0.000750227471000009	0.001774999576
97423	0.00075242638100001	0.001783206019
97424	0.000754623779000013	0.00179140682
97425	0.000756818768999995	0.001799598619
97426	0.000759013059000002	0.001807787821
97427	0.000761207517000012	0.001815977639
97428	0.000763402983000011	0.001824171251
97429	0.000765602887000005	0.001832381397
97430	0.000767805276000011	0.001840600811
97431	0.000770007210000007	0.001848818552
97432	0.00077220772299999	0.001857030966
97433	0.000774406577000009	0.001865237206
97434	0.000776603694999989	0.001873436971
97435	0.000778799097999994	0.001881630324
97436	0.000780993038	0.00188981821
97437	0.000783186039999995	0.001898002617
97438	0.000785378691999988	0.00190618570100001
97439	0.000787571309000007	0.001914368652
97440	0.000789763933000009	0.001922551652
97441	0.000791956508000013	0.001930734442
97442	0.000794148935999994	0.001938916693
97443	0.000796341160999997	0.00194709818800001
97444	0.000798533155000003	0.00195527882900001
97445	0.000800724918000012	0.001963458595
97446	0.000802916443000012	0.001971637472
97447	0.000805107730000004	0.001979815488
97448	0.000807298799999995	0.00198799267100001
97449	0.000809489646	0.00199616902100001
97450	0.000811680240000001	0.002004344405
97451	0.000813870679999995	0.002012519264
97452	0.000816062226000003	0.002020698218
97453	0.000818257692000002	0.002028891816
97454	0.000820454886999999	0.002037091854
97455	0.000822651780999994	0.002045290779
97456	0.0008248478	0.00205348643500001
97457	0.000827042804000006	0.002061678276
97458	0.000829236695000013	0.002069866001
97459	0.000831429410000001	0.002078049337
97460	0.000833620899999998	0.002086228081
97461	0.000835811171999989	0.002094402275
97462	0.00083800046400001	0.002102572836
97463	0.000840189832999994	0.002110743677
97464	0.000842381379000001	0.002118922617
97465	0.000844574885000005	0.002127108914
97466	0.000846768096999989	0.00213529407
97467	0.000848960286999989	0.002143475453
97468	0.000851152798999999	0.002151658019
97469	0.000853347621000006	0.00215984921600001
97470	0.000855542127999986	0.002168039216
97471	0.000857734927000003	0.002176222846
97472	0.000859925892000013	0.002184399644
97473	0.000862115436000011	0.002192571136
97474	0.000864304196000004	0.002200739702
97475	0.000866492732000013	0.002208907428
97476	0.000868681316999992	0.002217075336
97477	0.000870869986	0.00222524355899999
97478	0.000873058683	0.002233411908
97479	0.000875247352000008	0.002241580124
97480	0.000877435902000012	0.002249747906
97481	0.000879624214000008	0.002257914778
97482	0.000881812134000015	0.002266080201
97483	0.000883999689999998	0.002274244273
97484	0.000886187043000003	0.002282407603
97485	0.000888374263000008	0.00229057041500001
97486	0.00089056133599999	0.002298732667
97487	0.000892748289999995	0.002306894499
97488	0.000894935271999991	0.002315056422
97489	0.00089712258300001	0.002323219563
97490	0.000899310572999995	0.002331385259
97491	0.000901499437999997	0.002339554217
97492	0.000903689163999993	0.002347726367
97493	0.000905879646000002	0.00235590135899999
97494	0.000908070807000005	0.00236407889899999
97495	0.000910262590999994	0.00237225874200002
97496	0.000912454913999994	0.002380440594
97497	0.00091464760099999	0.002388623832
97498	0.000916839895999999	0.00239680558600001
97499	0.000919029783000014	0.002404978373
97500	0.000921216681000009	0.00241314000900001
97501	0.000923402963000003	0.002421299342
97502	0.000925589315000003	0.00242945891300001
97503	0.000927775813999998	0.002437619065
97504	0.000929962439000009	0.00244577965099999
97505	0.000932149112999991	0.002453940461
97506	0.000934335808000009	0.002462101299
97507	0.000936522446999988	0.002470261976
97508	0.000938709015999989	0.002478422338
97509	0.000940895472999997	0.002486582315
97510	0.000943081846000005	0.002494741956
97511	0.000945268170000013	0.002502901422
97512	0.000947454472999987	0.00251106078999999
97513	0.000949640769000004	0.00251922011599999
97514	0.000951827128000016	0.002527379666
97515	0.000954013633999995	0.00253553977600001
97516	0.000956199741000002	0.002543698402
97517	0.000958384769999987	0.002551853003
97518	0.000960569386000004	0.00256000604300001
97519	0.000962754289000001	0.00256816020300001
97520	0.000964939318000013	0.00257631479
97521	0.000967124276999992	0.00258446916699999
97522	0.00096930913099999	0.00259262315200001
97523	0.000971493872999996	0.002600776717
97524	0.000973678489000013	0.00260892986200001
97525	0.00097586299300001	0.002617082587
97526	0.00097804737099999	0.002625234878
97527	0.000980231629999995	0.002633386749
97528	0.000982415769999995	0.002641538186
97529	0.000984599755999988	0.002649689084
97530	0.000986783384999995	0.002657838673
97531	0.000988965999000002	0.00266598446800001
97532	0.000991146534000009	0.00267412248600002
97533	0.000993324422999986	0.002682250627
97534	0.000995500267999994	0.00269037112399999
97535	0.000997675168000006	0.002698488051
97536	0.000999849822999999	0.00270660401900001
97537	0.00100202445700001	0.00271471984700001
97538	0.00100419910499999	0.00272283566100001
97539	0.00100637377400001	0.002730951475
97540	0.00100854845699999	0.00273906728200001
97541	0.00101072316799999	0.002747183089
97542	0.0010128979	0.002755298882
97543	0.00101507266	0.002763414668
97544	0.001017247434	0.002771530454
97545	0.00101942221500001	0.00277964623300001
97546	0.001021597003	0.002787762012
97547	0.001023771777	0.002795877798
97548	0.00102594652999999	0.002803993591
97549	0.001028121262	0.00281210938400001
97550	0.00103029595199999	0.00282022519099999
97551	0.0010324706	0.00282834100500001
97552	0.00103464519900001	0.00283645684000001
97553	0.001036819735	0.002844572689
97554	0.001038994194	0.002852688552
97555	0.00104116857600001	0.002860804443
97556	0.00104334287399999	0.00286892035500001
97557	0.00104551706700001	0.002877036295
97558	0.00104769118299999	0.002885152256
97559	0.00104986524299999	0.002893268231
97560	0.001052039289	0.002901384213
97561	0.00105421334200001	0.00290950018799999
97562	0.00105638745100001	0.002917616149
97563	0.00105856163699999	0.002925732089
97564	0.001060735935	0.002933848001
97565	0.00106291038	0.002941963878
97566	0.00106508499999999	0.002950079699
97567	0.00106725983700001	0.002958195471
97568	0.001069434919	0.002966311173
97569	0.00107161027399999	0.002974426798
97570	0.00107378594400001	0.00298254233900001
97571	0.00107596195699999	0.002990657796
97572	0.00107813832699999	0.00299877314800001
97573	0.00108031496300001	0.00300688843700002
97574	0.001082491746	0.00301500367700001
97575	0.00108466855700001	0.003023118917
97576	0.001086845256	0.003031234185
97577	0.00108902173799999	0.00303934951600001
97578	0.00109119787	0.00304746493100001
97579	0.00109337353299999	0.003055580479
97580	0.001095548601	0.003063696181
97581	0.00109772295499999	0.003071812079
97582	0.00109989647600001	0.003079928201
97583	0.00110206903099999	0.003088044582
97584	0.001104240501	0.00309616125
97585	0.00110641076000001	0.00310427824
97586	0.00110857969600001	0.003112395587
97587	0.001110747386	0.003120513263
97588	0.00111291425000001	0.003128631163
97589	0.00111508075	0.003136749161
97590	0.00111724734099999	0.003144867131
97591	0.00111941449200001	0.00315298495399999
97592	0.001121582658	0.00316110251100001
97593	0.001123752294	0.003169219669
97594	0.00112592385499999	0.003177336309
97595	0.00112809781000001	0.003185452312
97596	0.001130274614	0.003193567552
97597	0.00113245472199999	0.00320168190300001
97598	0.00113463859599999	0.003209795246
97599	0.00113682669100001	0.00321790744800001
97600	0.00113901946200001	0.00322601839
97601	0.00114121734299999	0.003234127946
97602	0.001143420418	0.003242236095
97603	0.00114562858200001	0.003250342858
97604	0.00114784172999999	0.003258448256
97605	0.00115005974999999	0.003266552331
97606	0.00115228252300001	0.003274655104
97607	0.001154509937	0.003282756596
97608	0.001156741894	0.003290856842
97609	0.00115897826799999	0.00329895587
97610	0.00116121895400001	0.00330705370100001
97611	0.001163463847	0.00331515037
97612	0.001165712835	0.003323245905
97613	0.00116796580600001	0.00333134032700001
97614	0.00117022264799999	0.003339433678
97615	0.00117248324899999	0.003347525972
97616	0.001174747511	0.00335561724400001
97617	0.001177015315	0.003363707529
97618	0.00117928654900001	0.003371796848
97619	0.00118156111500001	0.003379885229
97620	0.00118383889400001	0.00338797270700001
97621	0.001186119781	0.00339605931000001
97622	0.00118840367100001	0.003404145066
97623	0.00119069045199999	0.00341223001
97624	0.00119298001199999	0.003420314156
97625	0.00119527223900001	0.003428397553
97626	0.00119756703500001	0.003436480222
97627	0.001199864281	0.00344456219100001
97628	0.00120216387899999	0.00345264349500001
97629	0.00120446570999999	0.003460724162
97630	0.00120676966899999	0.00346880422
97631	0.001209075644	0.003476883704
97632	0.001211382816	0.003484962845
97633	0.00121368936499999	0.003493042161
97634	0.00121599336600001	0.00350112221200001
97635	0.00121829289399999	0.00350920353
97636	0.00122058602399999	0.00351728666800001
97637	0.001222870845	0.003525372158
97638	0.00122514543899999	0.00353346053900001
97639	0.00122740790199999	0.003541552301
97640	0.00122965633	0.003549647983
97641	0.00123188883300002	0.00355774807500001
97642	0.001234103535	0.003565853053
97643	0.001236298567	0.003573963393
97644	0.00123847206	0.00358207951500001
97645	0.00124062276799999	0.003590201713
97646	0.00124275512200001	0.00359832877600001
97647	0.00124487676599999	0.00360645863900001
97648	0.00124699539299999	0.00361458927900001
97649	0.00124911875200001	0.00362271863800001
97650	0.00125125482999999	0.00363084471400001
97651	0.00125341085800001	0.003638965547
97652	0.001255568713	0.00364708576400001
97653	0.00125768222299999	0.003655217636
97654	0.00125970381599999	0.003663372762
97655	0.001261587432	0.00367156073200001
97656	0.001263290147	0.00367978821700001
97657	0.001264773622	0.003688058024
97658	0.00126600555200002	0.003696368928
97659	0.00126695399599999	0.00370471901800001
97660	0.001266472347	0.003713061282
97661	0.00126149017400001	0.003719696967
97662	0.001254486597	0.00372441515600001
97663	0.001246026446	0.003724501879
97664	0.00123841062800001	0.003720990588
97665	0.001233547714	0.003714109532
97666	0.001230771899	0.00370606394900001
97667	0.00122848644099999	0.003697874166
97668	0.00122642779000001	0.00368961901
97669	0.001224353214	0.00368136482000001
97670	0.00122215859499999	0.00367315235
97671	0.00121986401599999	0.003664976238
97672	0.00121748932900001	0.00365681276800001
97673	0.00121506066499999	0.003648660624
97674	0.001212606969	0.003640526932
97675	0.001210150907	0.003632397972
97676	0.001207707389	0.003624260724
97677	0.001205274448	0.003616120151
97678	0.001202846092	0.003607980824
97679	0.001200415132	0.00359984332400001
97680	0.001197974533	0.003591708701
97681	0.00119551751200001	0.00358357887300001
97682	0.00119303802100001	0.003575455828
97683	0.001190535332	0.00356734001400001
97684	0.00118801121600001	0.003559231046
97685	0.001185467346	0.003551128091
97686	0.00118290512200001	0.003543029539
97687	0.00118032588100001	0.003534933556
97688	0.00117773111399999	0.00352683898
97689	0.00117512145099999	0.003518745839
97690	0.00117249659099999	0.003510654952
97691	0.001169856212	0.003502567285
97692	0.00116720000600001	0.003494483846
97693	0.00116452768600001	0.003486405657
97694	0.00116183897200001	0.003478333733
97695	0.00115913381499999	0.00347026902600001
97696	0.001156412523	0.003462212334
97697	0.001153675411	0.00345416430100001
97698	0.001150922325	0.00344612422700001
97699	0.001148151179	0.003438085826
97700	0.001145356835	0.00343003423
97701	0.00114254338100001	0.003421981367
97702	0.001139714786	0.00341393896200001
97703	0.00113687240800001	0.003405911054
97704	0.001134016583	0.003397898777
97705	0.001131146128	0.00338989896
97706	0.001128257242	0.00338190132
97707	0.00112535012100001	0.003373906788
97708	0.00112242780300001	0.00336592391100001
97709	0.001119487404	0.003357944989
97710	0.001116527349	0.003349966032
97711	0.001113549528	0.00334199240200001
97712	0.001110554263	0.00333402521200001
97713	0.00110754164499999	0.00332606488200001
97714	0.001104511926	0.00331811228700001
97715	0.00110146537899999	0.003310168351
97716	0.001098402256	0.003302233893
97717	0.00109532262699999	0.00329430927000001
97718	0.00109222623300001	0.003286393985
97719	0.001089112521	0.003278486785
97720	0.00108598095199999	0.003270586557
97721	0.00108283130199999	0.00326269295100001
97722	0.00107966362	0.00325480633800001
97723	0.001076478193	0.003246927642
97724	0.00107327518899999	0.00323905751400001
97725	0.00107005418100001	0.0032311951
97726	0.00106681432899999	0.003223338615
97727	0.001063555164	0.003215487149
97728	0.00106027670699999	0.003207641024
97729	0.00105697920299999	0.00319980111500001
97730	0.00105366296000001	0.003191968367
97731	0.00105032827900001	0.003184143739
97732	0.00104697534199999	0.003176327854
97733	0.001043604079	0.003168520754
97734	0.00104021418899999	0.003160721949
97735	0.00103680542000001	0.00315293107500001
97736	0.00103337782099999	0.00314514845399999
97737	0.001029931742	0.003137375087
97738	0.001026467281	0.003129611429
97739	0.001022983787	0.00312185622
97740	0.00101948026599999	0.003114107507
97741	0.001015956235	0.003106364492
97742	0.00101241181299999	0.0030986277
97743	0.00100884737099999	0.003090898202
97744	0.00100526333600001	0.00308317713900001
97745	0.001001660072	0.003075465512
97746	0.000998037746999997	0.003067763881
97747	0.000994396137000003	0.003060071938
97748	0.000990734297000001	0.00305238794
97749	0.000987050204000001	0.003044707911
97750	0.000983341309999997	0.003037026944
97751	0.000979607166999991	0.003029344542
97752	0.000975850554000013	0.00302166683
97753	0.000972074991999999	0.003014001235
97754	0.00096828241300001	0.00300635179600002
97755	0.000964473418999995	0.00299871978700001
97756	0.000960647631999989	0.002991104487
97757	0.000956803596000005	0.002983503068
97758	0.000952939350999993	0.002975911834
97759	0.000949053581000003	0.00296832838399999
97760	0.000945145956999988	0.002960752368
97761	0.000941216836000014	0.00295318470300001
97762	0.000937266798999997	0.002945626761
97763	0.00093329645500001	0.00293807991400001
97764	0.000929306279999986	0.00293054524700001
97765	0.000925296323000008	0.002923023033
97766	0.000921266080000011	0.002915512509
97767	0.000917214766999991	0.002908012408
97768	0.000913141502000003	0.002900521337
97769	0.000909045024999999	0.00289303723100001
97770	0.000904924405000007	0.00288555867600001
97771	0.000900780958000003	0.002878088318
97772	0.000896617589000004	0.00287063156100001
97773	0.000892435712000011	0.00286319103
97774	0.000888234116000003	0.002855764667
97775	0.000884010687000003	0.00284834891600001
97776	0.000879764297999991	0.002840941985
97777	0.000875495005000004	0.002833544266
97778	0.000871203487000011	0.002826157124
97779	0.000866890493000011	0.00281878207800001
97780	0.000862556569	0.00281142019900001
97781	0.000858201729000002	0.002804071578
97782	0.000853825469000008	0.00279673542400001
97783	0.00084942728500001	0.00278941097400001
97784	0.000845007114000013	0.002782098214
97785	0.000840565060999998	0.00277479750099999
97786	0.00083610100699999	0.00276750893300001
97787	0.000831614651000012	0.002760232398
97788	0.000827105790000005	0.002752967917
97789	0.000822574298000006	0.002745715658
97790	0.000818020119000007	0.002738475698
97791	0.000813443519000007	0.002731247876
97792	0.000808844883000009	0.002724032115
97793	0.000804224589000008	0.00271682826100001
97794	0.000799582805000004	0.002709635894
97795	0.000794919384000004	0.002702454706
97796	0.000790233233999987	0.00269528555800001
97797	0.000785523164999996	0.002688129759
97798	0.000780787923999993	0.00268098851300001
97799	0.000776026075999997	0.002673862758
97800	0.000771238908999994	0.002666751304
97801	0.00076643774900001	0.002659646059
97802	0.000761636414000011	0.002652537517
97803	0.000756857031000008	0.002645410957
97804	0.000752123526000015	0.002638250622
97805	0.000747433169	0.002631058535
97806	0.000742785812999996	0.002623835333
97807	0.00073818267600001	0.002616581163
97808	0.000733623715999998	0.002609296627
97809	0.000729109024000002	0.002601981627
97810	0.000724638523000004	0.0025946361
97811	0.000720212367000012	0.002587260235
97812	0.000715830864000011	0.002579854151
97813	0.000711494119000011	0.00257241802300001
97814	0.000707202293000003	0.002564952173
97815	0.000702955715000009	0.002557456951
97816	0.000698754756000008	0.002549932826
97817	0.000694599738000012	0.002542380183
97818	0.00069049073800001	0.002534799246
97819	0.000686427867999995	0.002527190253
97820	0.000682411428999996	0.00251955340000001
97821	0.000678441617000008	0.002511888813
97822	0.000674518557999992	0.002504196877
97823	0.000670642504000007	0.002496478138
97824	0.000666813847000014	0.00248873286899999
97825	0.000663032761999999	0.00248096099999999
97826	0.000659298906	0.002473162622
97827	0.000655612663999994	0.00246533779800001
97828	0.000651974169000008	0.002457486808
97829	0.000648383574999994	0.002449609778
97830	0.000644841029000004	0.002441706995
97831	0.000641346832000012	0.002433778648
97832	0.000637901102999994	0.002425824961
97833	0.000634504030999988	0.002417846445
97834	0.000631156000999999	0.002409843653
97835	0.000627857300000007	0.002401816809
97836	0.000624607752999995	0.002393765941
97837	0.000621407605000013	0.00238569097899999
97838	0.000618257003	0.002377592224
97839	0.000615156121999999	0.00236946996300001
97840	0.000612105060000007	0.002361324525
97841	0.000609104391000009	0.00235315639300001
97842	0.000606154178000001	0.002344966274
97843	0.000603254658999991	0.00233675433599999
97844	0.000600405861999997	0.002328520551
97845	0.00059760788499999	0.002320265122
97846	0.000594861091999993	0.00231198848999999
97847	0.000592165657999993	0.00230369117299999
97848	0.000589521772000001	0.00229537386400001
97849	0.000586930008000003	0.002287037459
97850	0.000584390414999997	0.002278682826
97851	0.000581903357000008	0.002270310266
97852	0.000579468834000008	0.00226191976500001
97853	0.000577086642999991	0.002253511015
97854	0.000574756804999993	0.00224508384799999
97855	0.000572612452999999	0.00223660654700001
97856	0.000571023928999992	0.002228004989
97857	0.000569451427999995	0.002219400911
97858	0.000567883329999991	0.00221079735800002
97859	0.000566411068999989	0.002202177656
97860	0.000565042107000008	0.00219354088800001
97861	0.000563740541000002	0.002184893382
97862	0.000562502003000009	0.002176236475
97863	0.00056133832300001	0.002167569355
97864	0.000560252391999999	0.002158892694
97865	0.000559251084000012	0.002150206744
97866	0.000558347040999996	0.00214151147
97867	0.000557558602999997	0.002132806921
97868	0.000556913034999995	0.002124093286
97869	0.000556447989999986	0.002115371328
97870	0.000556208624999999	0.002106643728
97871	0.000556233398000011	0.002097916877
97872	0.000556528819000007	0.002089199462
97873	0.000557052720000006	0.002080497216
97874	0.000557724810999999	0.00207181120300001
97875	0.000558451530000004	0.002063143383
97876	0.000559143368000004	0.002054497466
97877	0.000559721281000014	0.002045857569
97878	0.000560112819000008	0.002037202706
97879	0.000560248429999993	0.002028534438
97880	0.000560064414	0.002019864231
97881	0.000559508025999994	0.002011207758
97882	0.000558544167999997	0.002002586159
97883	0.000557161317999988	0.001994023423
97884	0.00055537260800001	0.00198554048
97885	0.000553210819000005	0.001977150504
97886	0.000550720316999986	0.00196885860500001
97887	0.000547949744999998	0.00196066528
97888	0.000544944693999988	0.001952563718
97889	0.000541739085999998	0.00194452951
97890	0.000538362285999988	0.001936544673
97891	0.000534845716999993	0.001928610159
97892	0.000531215180999994	0.001920724722
97893	0.000527490284999987	0.001912883364
97894	0.000523686401000006	0.001905080394
97895	0.000519815891000003	0.001897310765
97896	0.000515888856000013	0.001889570172
97897	0.000511913598000013	0.001881855052
97898	0.000507897005000008	0.001874162416
97899	0.000503844803000003	0.001866489807
97900	0.000499761836000007	0.00185883516
97901	0.000495652247999995	0.001851196893
97902	0.000491520400000001	0.001843575188
97903	0.000487371464999997	0.001835972831
97904	0.000483203147000011	0.00182837986100001
97905	0.000479009012999992	0.001820779856
97906	0.000474792317999989	0.001813174713
97907	0.000470559809999993	0.001805573035
97908	0.000466315213000001	0.00179797835
97909	0.000462060382000001	0.00179039116200001
97910	0.000457796605000005	0.00178281128900001
97911	0.000453524952999995	0.00177523845100001
97912	0.000449246384999991	0.001767672396
97913	0.000444961747999989	0.001760112921
97914	0.000440671833000006	0.001752559886
97915	0.000436377347	0.001745013151
97916	0.000432078919999995	0.001737472604
97917	0.000427777146999986	0.001729938168
97918	0.000423472567000011	0.00172240979400001
97919	0.000419165656000003	0.001714887412
97920	0.000414856869000002	0.00170737098
97921	0.000410546605000006	0.001699860477
97922	0.000406235242000008	0.001692355861
97923	0.000401923095000006	0.00168485706900001
97924	0.000397610471999987	0.001677364066
97925	0.000393298142999987	0.001669877664
97926	0.00038898804000001	0.001662400754
97927	0.000384678510999992	0.001654930018
97928	0.000380361827999998	0.001647451652
97929	0.000376036668000013	0.001639963052
97930	0.000371708273999988	0.001632472947
97931	0.00036737937600001	0.001624985754
97932	0.00036305070199999	0.001617502425
97933	0.000358722448000004	0.001610023037
97934	0.000354394705000011	0.001602547485
97935	0.000350067557000011	0.001595075678
97936	0.000345741074000011	0.001587607511
97937	0.000341415319000005	0.0015801429
97938	0.000337090375999993	0.001572681789
97939	0.000332766419999991	0.001565224304
97940	0.000328443730999994	0.001557770746
97941	0.000324122442000002	0.001550321192
97942	0.000319802413000003	0.001542875264
97943	0.000315483510999998	0.001535432584
97944	0.000311165785000012	0.001527993103
97945	0.000306849318999991	0.001520556828
97946	0.000302534036000002	0.001513123542
97947	0.00029821986600001	0.001505693
97948	0.000293906878999994	0.001498265223
97949	0.000289595173000007	0.00149084026
97950	0.000285284684999998	0.00148341794300001
97951	0.000280975352000001	0.001475998055
97952	0.000276667251000007	0.001468580666
97953	0.000272360473	0.00146116582500001
97954	0.000268054926999994	0.00145375332200001
97955	0.000263750514999994	0.001446342912
97956	0.000259447258000006	0.001438934567
97957	0.000255145267999995	0.00143152840600001
97958	0.000250844565999997	0.001424124415
97959	0.000246545103000012	0.00141672244
97960	0.000242246836999999	0.001409322376
97961	0.000237949845000002	0.001401924272
97962	0.000233654148000001	0.00139452814900001
97963	0.000229359585000005	0.00138713364300001
97964	0.000225065652000006	0.001379739872
97965	0.000220771858999991	0.001372345926
97966	0.000216478443999996	0.00136495219
97967	0.000212186450000013	0.00135756040000001
97968	0.000207896744999991	0.001350172026
97969	0.00020360936399999	0.001342787075
97970	0.000199323732999995	0.001335404539
97971	0.00019503935500001	0.001328023529
97972	0.000190756208999998	0.00132064396100001
97973	0.000186474736000003	0.00131326657000001
97974	0.000182195727000012	0.0013058927
97975	0.000177919420000006	0.001298522701
97976	0.000173644513000004	0.001291154333
97977	0.000169369220999999	0.001283784467
97978	0.00016509272500001	0.001276411682
97979	0.000160815235	0.001269036307
97980	0.000156537325000011	0.001261659287
97981	0.000152259590000009	0.001254281644
97982	0.000147982610999992	0.001246904344
97983	0.00014370693400001	0.001239528304
97984	0.000139433062999988	0.001232154371
97985	0.000135161431999986	0.001224783287
97986	0.000130892356000001	0.001217415556
97987	0.000126625841999989	0.001210051185
97988	0.00012236147700001	0.001202689418
97989	0.00011809861699999	0.001195329156
97990	0.00011383688399999	0.001187969692
97991	0.000109576292000008	0.001180611054
97992	0.000105317197999999	0.00117325383000001
97993	0.000101059840000001	0.001165898419
97994	9.68033569999915e-005	0.001158543316
97995	9.25457959999876e-005	0.001151185119
97996	8.8285462999993e-005	0.001143820895
97997	8.40217770000096e-005	0.001136449601
97998	7.97549830000022e-005	0.001129071636
97999	7.54864739999916e-005	0.001121689401
98000	7.12219829999972e-005	0.001114312801
98001	6.69700079999891e-005	0.001106956508
98002	6.27231920000137e-005	0.001099607796
98003	5.84754450000113e-005	0.001092256109
98004	5.42259619999985e-005	0.001084900033
98005	4.99744909999988e-005	0.001077539113
98006	4.5720268999988e-005	0.001070172019
98007	4.14668660000117e-005	0.00106280489
98008	3.72149260000065e-005	0.001055438846
98009	3.29640149999977e-005	0.001048073117
98010	2.8714167999988e-005	0.001040707752
98011	2.44655599999921e-005	0.001033343031
98012	2.02183799999922e-005	0.00102597926900001
98013	1.59728520000013e-005	0.001018616837
98014	1.17292000000047e-005	0.001011256113
98015	7.48764799998747e-006	0.001003897475
98016	3.24841999999048e-006	0.000996541287000004
98017	-9.88287999992288e-007	0.000989187891999997
98018	-5.22224499999169e-006	0.000981837647000001
98019	-9.45319900000352e-006	0.000974491006999999
98020	-1.36808420000134e-005	0.000967148483000002
98021	-1.79054960000036e-005	0.000959809494
98022	-2.21304580000081e-005	0.000952468307
98023	-2.6363427999998e-005	0.000945111530999999
98024	-3.05991769999903e-005	0.000937748217000003
98025	-3.48324970000091e-005	0.000930387402000001
98026	-3.9061966999987e-005	0.000923031543000004
98027	-4.32879789999951e-005	0.000915679947000002
98028	-4.75135219999978e-005	0.000908327406000005
98029	-5.17434539999972e-005	0.000900965443000001
98030	-5.59723499999887e-005	0.000893603473
98031	-6.01968289999921e-005	0.000886247383
98032	-6.44161699999979e-005	0.000878898405000002
98033	-6.86309050000056e-005	0.000871555601000003
98034	-7.28434280000134e-005	0.000864214799
98035	-7.70579250000125e-005	0.000856868677000001
98036	-8.12744939999999e-005	0.000849517038999999
98037	-8.54917210000028e-005	0.000842162341999998
98038	-8.97114679999922e-005	0.000834801303000003
98039	-9.39280789999941e-005	0.000827443785
98040	-9.81394890000042e-005	0.000820093372000001
98041	-0.000102346397999997	0.000812748810999998
98042	-0.00010655045800001	0.000805407245999999
98043	-0.00011075309700001	0.000798066128999998
98044	-0.000114955001000006	0.000790724263000003
98045	-0.00011915623299999	0.000783381508000003
98046	-0.000123356674000014	0.000776038053
98047	-0.000127556219000013	0.00076869408
98048	-0.000131754755999997	0.000761349750000001
98049	-0.000135952145000007	0.000754005273
98050	-0.000140148246000005	0.000746660907999998
98051	-0.000144342862999997	0.000739316955999998
98052	-0.000148535877000006	0.000731973598999999
98053	-0.000152727343999987	0.000724630753
98054	-0.000156917390000011	0.000717288138000004
98055	-0.000161106155000007	0.000709945508999998
98056	-0.000165293862999988	0.000702602446000004
98057	-0.000169480976000003	0.000695258130000001
98058	-0.00017366806800001	0.000687911510999999
98059	-0.000177855530999999	0.000680561882000004
98060	-0.000182043427999989	0.000673209102999998
98061	-0.000186231654000002	0.000665853341999999
98062	-0.000190420055000001	0.000658494837
98063	-0.000194608469999996	0.000651133847000003
98064	-0.000198796759000003	0.000643770588999996
98065	-0.00020298464900001	0.000636405518000004
98066	-0.000207170774999987	0.000629041000000004
98067	-0.000211351504000007	0.000621683412000001
98068	-0.000215525673999989	0.000614334798000001
98069	-0.000219697653000006	0.000606987408999997
98070	-0.000223868722000004	0.000599638998000002
98071	-0.000228038971999994	0.000592289348
98072	-0.000232208270000006	0.000584938675999999
98073	-0.000236376497000007	0.000577587163999999
98074	-0.000240543568999996	0.000570234938
98075	-0.000244709380999991	0.000562882131000003
98076	-0.000248873842000008	0.000555528889999997
98077	-0.000253036861000006	0.000548175348000002
98078	-0.000257198382000001	0.000540821561
98079	-0.000261358355999997	0.000533467571
98080	-0.000265516776000008	0.000526113399000001
98081	-0.000269673599999992	0.000518759045000004
98082	-0.000273828806999998	0.000511404516
98083	-0.000277982418000006	0.000504049763000003
98084	-0.000282134545000007	0.000496694526999998
98085	-0.000286285503	0.000489338240999997
98086	-0.000290435691000013	0.000481980127999999
98087	-0.000294585452000007	0.000474619565000001
98088	-0.000298734890999991	0.000467256300000003
98089	-0.000302883993999997	0.000459890339999998
98090	-0.000307032676999996	0.000452521769
98091	-0.000311180835000008	0.000445150741000003
98092	-0.000315328341999987	0.000437777424000002
98093	-0.000319475099999994	0.000430401950999998
98094	-0.000323620717000012	0.000423024973000001
98095	-0.000327761784000014	0.000415652523999999
98096	-0.000331895997999987	0.000408288649999998
98097	-0.00033602651600001	0.000400927694999997
98098	-0.000340155704000006	0.000393565396000002
98099	-0.000344284101000014	0.000386200737999998
98100	-0.00034841330999999	0.000378830809000003
98101	-0.000352547705999989	0.000371447734000004
98102	-0.000356692903	0.000364041398000003
98103	-0.000360850678999991	0.000356608538999999
98104	-0.000365016673000013	0.000349156836000002
98105	-0.000369185012000006	0.000341696740000001
98106	-0.000373352623000006	0.000334233676000002
98107	-0.000377518777999991	0.000326768869000002
98108	-0.000381683274000011	0.000319302620000003
98109	-0.000385845753999997	0.000311835502999999
98110	-0.000390006120000008	0.000304367630000003
98111	-0.000394164791999996	0.000296898168
98112	-0.000398322127	0.000289426395999999
98113	-0.00040247798500001	0.000281952502999998
98114	-0.000406631988000006	0.000274477070000001
98115	-0.000410783919000013	0.000267000426000003
98116	-0.000414933764000008	0.000259522514999999
98117	-0.000419081635000013	0.000252043036000002
98118	-0.000423227608999988	0.000244561772000003
98119	-0.000427371573999996	0.000237078835000001
98120	-0.000431513368999992	0.000229594420999998
98121	-0.000435652972999995	0.000222108488
98122	-0.000439790400000001	0.000214620888999997
98123	-0.000443925621999991	0.000207131582000003
98124	-0.000448058575999999	0.000199640588000004
98125	-0.000452189240999989	0.000192147830000003
98126	-0.000456317616999991	0.000184653196000001
98127	-0.000460443592000009	0.000177156776999997
98128	-0.000464567040000002	0.000169658692000002
98129	-0.000468687982000004	0.000162158758999997
98130	-0.000472806452999991	0.000154656824000003
98131	-0.000476922327000001	0.000147152964000002
98132	-0.000481035512999994	0.000139647207
98133	-0.00048514603899999	0.000132139385
98134	-0.000489253849000004	0.000124629456000003
98135	-0.00049335883099999	0.000117117468999998
98136	-0.000497460908000014	0.000109603403000001
98137	-0.000501560052	0.000102087174000003
98138	-0.000505656228000001	9.45686700000031e-005
98139	-0.000509749323999997	8.70479400000013e-005
98140	-0.000513839214	7.95250259999977e-005
98141	-0.00051792589800001	7.19997529999988e-005
98142	-0.000522009327	6.44720299999985e-005
98143	-0.000526089340000008	5.69419619999983e-005
98144	-0.000530165839000007	4.94095069999978e-005
98145	-0.000534238824	4.1874497000001e-005
98146	-0.000538308182999991	3.43368830000024e-005
98147	-0.000542373783000011	2.67967140000006e-005
98148	-0.00054643551200001	1.9253940999997e-005
98149	-0.000550493328000001	1.17084309999987e-005
98150	-0.000554547132999988	4.16008600000184e-006
98151	-0.000558596758999996	-3.3910379999974e-006
98152	-0.000562642080000009	-1.09449619999993e-005
98153	-0.000566683054000011	-1.85019100000031e-005
98154	-0.000570719569000011	-2.60619730000008e-005
98155	-0.000574751457000006	-3.36251159999967e-005
98156	-0.000578778641000005	-4.11915280000008e-005
98157	-0.000582801002000005	-4.87613419999991e-005
98158	-0.000586818274000006	-5.63343829999979e-005
98159	-0.000590830254000002	-6.39106439999995e-005
98160	-0.000594836900000006	-7.14904259999996e-005
98161	-0.000598838099999999	-7.9073897000001e-005
98162	-0.000602833545999992	-8.66609169999991e-005
98163	-0.000606823021000014	-9.42515000000033e-005
98164	-0.000610806468999997	-0.000101845989000003
98165	-0.000614783715000011	-0.000109444537999999
98166	-0.000618754422999995	-0.000117046992999997
98167	-0.000622718348000012	-0.000124653438
98168	-0.000626675406000005	-0.000132264229999998
98169	-0.000630625358999992	-0.000139879508999997
98170	-0.000634567821999998	-0.000147499149000002
98171	-0.000638502528999996	-0.000155123255
98172	-0.000642429332999989	-0.000162752240000001
98173	-0.000646347940000014	-0.00017038623
98174	-0.00065025790199999	-0.000178025105999999
98175	-0.000654158911000013	-0.000185669049999997
98176	-0.000658050757000012	-0.000193318496000003
98177	-0.000661933090000011	-0.000200973611999999
98178	-0.000665805441000006	-0.000208634453999997
98179	-0.000669667494999998	-0.000216301336999999
98180	-0.000673518887999991	-0.000223974597
98181	-0.000677358989999988	-0.000231654121999998
98182	-0.000681187234000014	-0.000239339905000004
98183	-0.000685003235000009	-0.000247032449999997
98184	-0.000688806566000011	-0.000254732218999999
98185	-0.000692596506000009	-0.000262439156000001
98186	-0.000696372347999991	-0.000270153337999998
98187	-0.000700133609000009	-0.000277875359999999
98188	-0.000703879673000007	-0.000285605697999999
98189	-0.000707609658000014	-0.000293344324000001
98190	-0.00071132268900001	-0.000301091433999999
98191	-0.000715018128999989	-0.000308847721000004
98192	-0.000718695145000003	-0.000316613751999997
98193	-0.000722352694000006	-0.000324389695000003
98194	-0.00072598967000001	-0.000332175816000001
98195	-0.000729605023000013	-0.000339972626000003
98196	-0.000733197521000012	-0.000347780503000002
98197	-0.000736765897000002	-0.000355599895000003
98198	-0.000740308870000012	-0.000363431536999997
98199	-0.000743825032999995	-0.000371276066000001
98200	-0.000747312775999986	-0.000379134021000004
98201	-0.000750770425999997	-0.000387006081000001
98202	-0.000754196148999992	-0.000394892889999998
98203	-0.000757587928999992	-0.000402795084999998
98204	-0.000760943645000012	-0.000410713450000003
98205	-0.000764260965999991	-0.000418648727000002
98206	-0.000767537358000003	-0.000426601685999999
98207	-0.000770770125999992	-0.000434573237000004
98208	-0.000773956280999993	-0.000442564220000004
98209	-0.00077709260299999	-0.000450575531000003
98210	-0.000780175648000009	-0.000458608199000003
98211	-0.000783201601000011	-0.000466663169000001
98212	-0.000786166352999995	-0.000474741442
98213	-0.00078906547999999	-0.000482844138000003
98214	-0.000791894117000008	-0.000490972216000002
98215	-0.000794647035000012	-0.000499126740000001
98216	-0.000797318605999991	-0.000507308788000004
98217	-0.000799902642	-0.000515519158000001
98218	-0.000802392570000005	-0.000523758683000003
98219	-0.000804781410999988	-0.000532028440999997
98220	-0.00080706168200001	-0.000540329341999997
98221	-0.000809225396000007	-0.000548661945999999
98222	-0.00081126407599999	-0.000557026526000003
98223	-0.000813168839000011	-0.000565423060999999
98224	-0.000814930501000011	-0.000573851207999999
98225	-0.000816539597999988	-0.000582310176000002
98226	-0.000817986575000013	-0.000590798691000004
98227	-0.000819261932999998	-0.000599314947000003
98228	-0.000820356403999994	-0.000607856550000001
98229	-0.000821261181999988	-0.000616420510999999
98230	-0.000821968188999989	-0.000625003204000003
98231	-0.000822470270999992	-0.000633600443000003
98232	-0.000822761478000006	-0.000642207496000004
98233	-0.000822837253000003	-0.000650819231999999
98234	-0.000822694614000002	-0.000659430198000001
98235	-0.000822332252000013	-0.000668034744999997
98236	-0.000821750572999991	-0.000676627140000004
98237	-0.000820951676999998	-0.000685201832
98238	-0.00081993924599999	-0.000693753662000002
98239	-0.000818718341000002	-0.000702277869999997
98240	-0.000817295234000009	-0.000710770276999999
98241	-0.00081567714200001	-0.000719227341000002
98242	-0.000813871982000003	-0.000727646108000003
98243	-0.000811888161000002	-0.000736024198
98244	-0.000809734359000003	-0.000744359791000002
98245	-0.000807419305000001	-0.000752651570999997
98246	-0.000804951672000009	-0.000760898704999999
98247	-0.000802339908999999	-0.000769100745000001
98248	-0.000799592142999989	-0.000777257620999998
98249	-0.000796716109000006	-0.000785369585000001
98250	-0.000793719101000012	-0.000793437161999998
98251	-0.000790607964999995	-0.000801460996000002
98252	-0.000787389161999996	-0.000809441696000002
98253	-0.000784068718999997	-0.000817379885000004
98254	-0.000780652151999989	-0.000825276416999997
98255	-0.000777144438000005	-0.000833132419000002
98256	-0.000773550350999991	-0.000840948535000004
98257	-0.000769876022999993	-0.000848721747999999
98258	-0.000766131464000008	-0.000856440823000001
98259	-0.000762328293999998	-0.000864091675999996
98260	-0.000758472056999998	-0.000871672634000002
98261	-0.000754560463999993	-0.00087919643
98262	-0.000750589469000001	-0.000886677435000004
98263	-0.000746557819000015	-0.000894123285999998
98264	-0.000742466578000006	-0.000901536461000003
98265	-0.000738317453999993	-0.000908917737000005
98266	-0.000734112127000003	-0.000916267555000003
98267	-0.000729852095000011	-0.000923586251000003
98268	-0.000725538736999987	-0.000930874035000001
98269	-0.000721173327000002	-0.000938131018999998
98270	-0.000716756936000013	-0.000945357293999999
98271	-0.000712290453000003	-0.000952552985999999
98272	-0.000707774613000006	-0.000959718200000001
98273	-0.00070321009499999	-0.000966852873000003
98274	-0.000698597500999987	-0.000973956788000004
98275	-0.000693937335000006	-0.000981029678999996
98276	-0.000689229883999998	-0.000988071350000001
98277	-0.000684475344000013	-0.000995081549
98278	-0.000679673861999991	-0.001002059821
98279	-0.000674825620000014	-0.001009005473
98280	-0.000669930778999989	-0.001015917644
98281	-0.000664989290000001	-0.001022795571
98282	-0.000660000810000005	-0.001029638659
98283	-0.000654964814000014	-0.001036446334
98284	-0.000649880685999998	-0.00104321791
98285	-0.000644747691000008	-0.001049952631
98286	-0.000639564750999994	-0.001056649902
98287	-0.000634330206999989	-0.001063309597
98288	-0.000629041881999998	-0.001069931877
98289	-0.000623695582999989	-0.001076519038
98290	-0.000618284919000012	-0.001083075441
98291	-0.000612817715999997	-0.001089587919
98292	-0.000607298139000012	-0.001096047995
98293	-0.000601725873000003	-0.0011024524
98294	-0.000596098649999988	-0.00110879986
98295	-0.000590410786000001	-0.001115092349
98296	-0.000584652901000016	-0.001121335131
98297	-0.000578823231000003	-0.00112752435600001
98298	-0.000572925667999991	-0.001133649937
98299	-0.000566954458000007	-0.001139711552
98300	-0.000560899170999996	-0.001145712638
98301	-0.000554767276000012	-0.00115163822200001
98302	-0.000548562041999989	-0.001157477678
98303	-0.000542281985000004	-0.001163224762
98304	-0.000535923864000004	-0.001168874308
98305	-0.000529483121999991	-0.001174421696
98306	-0.000522954425	-0.001179862187
98307	-0.000516332670000008	-0.00118519002
98308	-0.000509612376000002	-0.001190398923
98309	-0.000502785157000002	-0.001195483891
98310	-0.000495843257	-0.001200438302
98311	-0.000488789349999991	-0.001205247463
98312	-0.000481629939	-0.001209894588
98313	-0.00047436601100001	-0.001214367133
98314	-0.000466996677000009	-0.001218653947
98315	-0.000459521076000002	-0.001222744082
98316	-0.000451938501000004	-0.001226626828
98317	-0.00044424690799999	-0.001230292602
98318	-0.000436440823000012	-0.001233733662
98319	-0.000428519546000011	-0.001236940495
98320	-0.000420497063000014	-0.001239899227
98321	-0.00041238910300001	-0.001242598504
98322	-0.000404205081000003	-0.001245034483
