1857	1.0164395367051604e-20	-7.756206755824008e-07
1856	-9.793818452627848e-22	-7.510668620175879e-16
1858	3.9810548520952116e-20	-2.8352730248292963e-06
1859	8.978549240895584e-20	-5.826323936848003e-06
1860	9.994988777600744e-20	-9.452857538191692e-06
1861	1.9989977555201488e-19	-1.3465446507146992e-05
1862	3.049318610115481e-19	-1.7651906614754012e-05
1863	2.981555974335137e-19	-2.1830049514904004e-05
1864	3.9979955110402976e-19	-2.5841478878752e-05
1865	4.0657581468206416e-19	-2.954693096015901e-05
1866	5.014435047745458e-19	-3.282344515930598e-05
1867	5.014435047745458e-19	-3.5562378485157e-05
1868	0.0	-3.766827326752897e-05
1869	1.0028870095490916e-18	-3.9058846893694026e-05
1870	1.0028870095490916e-18	-3.966589701204199e-05
1871	1.0028870095490916e-18	-3.943671889648597e-05
1872	1.0028870095490916e-18	-3.833634764051103e-05
1873	1.0028870095490916e-18	-3.6350373659611e-05
1874	1.0028870095490916e-18	-3.3487998718590047e-05
1875	0.0	-2.9785254750884992e-05
1876	0.0	-2.5307997014632007e-05
1877	0.0	-2.0154066355797034e-05
1878	0.0	-1.4445120218133003e-05
1879	0.0	-8.304859686772989e-06
1880	0.0	-1.852262297085956e-06
1881	0.0	4.799923404132014e-06
1882	0.0	1.1546232418992012e-05
1883	0.0	1.8289181625753012e-05
1884	0.0	2.4939680145219956e-05
1885	0.0	3.141726053285202e-05
1886	0.0	3.765016993091398e-05
1887	-9.75781955236954e-19	4.357534694041196e-05
1888	-9.75781955236954e-19	4.913837114874602e-05
1889	-9.75781955236954e-19	5.429339584146005e-05
1890	-1.0842021724855044e-18	5.900308225206997e-05
1891	-9.75781955236954e-19	6.323854069940996e-05
1892	-9.75781955236954e-19	6.697928995618097e-05
1893	-9.75781955236954e-19	7.021322754310698e-05
1894	-9.75781955236954e-19	7.293658622198101e-05
1895	-9.75781955236954e-19	7.515388411819999e-05
1896	-1.0842021724855044e-18	7.6877841094369e-05
1897	-1.0842021724855044e-18	7.812823755282405e-05
1898	-9.75781955236954e-19	7.892745816836697e-05
1899	-9.75781955236954e-19	7.929836548461696e-05
1900	-9.75781955236954e-19	7.926406733395499e-05
1901	-1.0842021724855044e-18	7.884775212278294e-05
1902	-9.75781955236954e-19	7.807254122986403e-05
1903	-1.0842021724855044e-18	7.696136187344095e-05
1904	-9.75781955236954e-19	7.553683282936403e-05
1905	-9.75781955236954e-19	7.382116969835596e-05
1906	-8.673617379884035e-19	7.183611052000003e-05
1907	0.0	6.960285983507601e-05
1908	0.0	6.714204248224398e-05
1909	0.0	6.447366890190203e-05
1910	0.0	6.1617122604211e-05
1911	0.0	5.8591162712228004e-05
1912	0.0	5.541391049782398e-05
1913	0.0	5.210287037695497e-05
1914	0.0	4.867495533350302e-05
1915	0.0	4.514650356407995e-05
1916	0.0	4.1533305009808e-05
1917	0.0	3.785064194123495e-05
1918	0.0	3.411318779981802e-05
1919	0.0	3.0334893755403045e-05
1920	0.0	2.652904046194604e-05
1921	0.0	2.270827331776298e-05
1922	0.0	1.8884653709992975e-05
1923	0.0	1.5069715541959927e-05
1924	0.0	1.1274489152531984e-05
1925	0.0	7.509553149996997e-06
1926	0.0	3.785071635571029e-06
1927	0.0	1.1081882726998293e-07
1928	0.0	-3.5037730590289787e-06
1929	0.0	-7.049594340840018e-06
1930	0.0	-1.051782304855995e-05
1931	0.0	-1.3899892076666982e-05
1932	0.0	-1.7187470920225988e-05
1933	0.0	-2.0372428973429967e-05
1934	0.0	-2.3446816200989003e-05
1935	0.0	-2.6402836208696005e-05
1936	0.0	-2.923281800001399e-05
1937	0.0	-3.192919707917501e-05
1938	0.0	-3.448448579954701e-05
1939	0.0	-3.6891261254668015e-05
1940	0.0	-3.9142319777188005e-05
1941	0.0	-4.123091756909103e-05
1942	0.0	-4.315081661815899e-05
1943	0.0	-4.4896297599961e-05
1944	0.0	-4.6462180120364956e-05
1945	0.0	-4.7843849442516e-05
1946	0.0	-4.9037287173509024e-05
1947	0.0	-5.0039109070791014e-05
1948	0.0	-5.0846608501932985e-05
1949	0.0	-5.145780545523596e-05
1950	0.0	-5.187150203241498e-05
1951	0.0	-5.208734374419899e-05
1952	0.0	-5.2105886717660984e-05
1953	0.0	-5.192867076264098e-05
1954	0.0	-5.1558297891647e-05
1955	0.0	-5.099851593045701e-05
1956	0.0	-5.0254306619306995e-05
1957	0.0	-4.933197735610098e-05
1958	0.0	-4.823925555940499e-05
1959	0.0	-4.6985384267663e-05
1960	0.0	-4.5581206116290996e-05
1961	0.0	-4.4038826785118004e-05
1962	0.0	-4.237071088545699e-05
1963	0.0	-4.0589419226396e-05
1964	0.0	-3.870756228913601e-05
1965	0.0	-3.673776635852702e-05
1966	0.0	-3.4692651936793e-05
1967	0.0	-3.2584825537345e-05
1968	0.0	-3.0426885780489982e-05
1969	0.0	-2.8231444908643002e-05
1970	0.0	-2.601116753107001e-05
1971	0.0	-2.3778828843198002e-05
1972	0.0	-2.1547395695060013e-05
1973	0.0	-1.933013521045299e-05
1974	0.0	-1.7140758109587803e-05
1975	0.0	-1.4993606827039502e-05
1976	0.0	-1.2903903549660501e-05
1977	0.0	-1.0888080931231397e-05
1978	0.0	-8.9642304754235e-06
1979	0.0	-7.152612648742097e-06
1980	0.0	-5.474680262616103e-06
1981	0.0	-3.951357955308796e-06
1982	0.0	-2.603157860472004e-06
1983	0.0	-1.4507531323226005e-06
1984	0.0	-5.158761017530013e-07
1985	0.0	1.7717125099619743e-07
1986	0.0	5.984630070431009e-07
1987	0.0	7.129316553072694e-07
1988	0.0	6.154887059733106e-07
1989	0.0	3.684972931187e-07
1990	0.0	2.4572916597123954e-16
2123	-9.952637130238029e-21	7.756213939445008e-07
2122	-3.9810548520952116e-20	2.8352775876837986e-06
2121	-7.962109704190423e-20	5.826335878216497e-06
2120	-9.994988777600744e-20	9.452879192008696e-06
2119	-1.9989977555201488e-19	1.3465478402911992e-05
2118	-2.981555974335137e-19	1.7651946169034002e-05
2117	-2.981555974335137e-19	2.1830096586368e-05
2116	-3.9979955110402976e-19	2.584152836863099e-05
2115	-4.0657581468206416e-19	2.9546978617792005e-05
2114	-5.014435047745458e-19	3.2823486761050975e-05
2113	-5.014435047745458e-19	3.5562410378430994e-05
2112	-9.893344823930228e-19	3.7668292827906975e-05
2111	-1.0028870095490916e-18	3.9058852877978003e-05
2110	-9.75781955236954e-19	3.966588980235499e-05
2109	-1.0028870095490916e-18	3.943670057985997e-05
2108	-1.0028870095490916e-18	3.8336321898315004e-05
2107	0.0	3.6350345444946996e-05
2106	0.0	3.348797372371002e-05
2105	0.0	2.9785238719084973e-05
2104	0.0	2.530799497027801e-05
2103	0.0	2.0154081935127015e-05
2102	0.0	1.4445155227714012e-05
2101	0.0	8.30491413876701e-06
2100	0.0	1.8523347047829817e-06
2099	0.0	-4.799835770891018e-06
2098	0.0	-1.1546133187840992e-05
2097	0.0	-1.8289074965157997e-05
2096	0.0	-2.4939570397593985e-05
2095	0.0	-3.141715208394998e-05
2094	9.75781955236954e-19	-3.7650066921419e-05
2093	9.75781955236954e-19	-4.357525306595097e-05
2092	9.75781955236954e-19	-4.9138289555727e-05
2091	9.75781955236954e-19	-5.429332906723908e-05
2090	9.75781955236954e-19	-5.9003032098330955e-05
2089	9.75781955236954e-19	-6.323850824096599e-05
2088	9.75781955236954e-19	-6.697927562869597e-05
2087	9.75781955236954e-19	-7.021323107842599e-05
2086	9.75781955236954e-19	-7.2936606744179e-05
2085	1.0842021724855044e-18	-7.515392020595799e-05
2084	9.75781955236954e-19	-7.687789087165698e-05
2083	9.75781955236954e-19	-7.812829883043604e-05
2082	9.75781955236954e-19	-7.892752859317895e-05
2081	9.75781955236954e-19	-7.929844263657599e-05
2080	9.75781955236954e-19	-7.926414881454598e-05
2079	9.75781955236954e-19	-7.884783548952397e-05
2078	9.75781955236954e-19	-7.8072624609147e-05
2077	9.75781955236954e-19	-7.696144318957397e-05
2076	9.75781955236954e-19	-7.553691039122401e-05
2075	9.75781955236954e-19	-7.382124227699199e-05
2074	1.0842021724855044e-18	-7.183617659540901e-05
2073	0.0	-6.9602919335241e-05
2072	0.0	-6.714210126817496e-05
2071	0.0	-6.447371206651903e-05
2070	0.0	-6.161715770095102e-05
2069	0.0	-5.859118942129699e-05
2068	0.0	-5.5413930194918954e-05
2067	0.0	-5.210288312698294e-05
2066	0.0	-4.8674961819906016e-05
2065	0.0	-4.5146504611861984e-05
2064	0.0	-4.153330151723404e-05
2063	0.0	-3.7850634844392955e-05
2062	0.0	-3.411317808202499e-05
2061	0.0	-3.0334882393663045e-05
2060	0.0	-2.6529028392384055e-05
2059	0.0	-2.2708261466379987e-05
2058	0.0	-1.8884642933563963e-05
2057	0.0	-1.5069706615751955e-05
2056	0.0	-1.1274482801147993e-05
2055	0.0	-7.509549981717014e-06
2054	0.0	-3.785072183277007e-06
2053	0.0	-1.1082352013001579e-07
2052	0.0	3.503763905827995e-06
2051	0.0	7.049580503900015e-06
2050	0.0	1.0517804421034972e-05
2049	0.0	1.3899868652597007e-05
2048	0.0	1.7187442790649033e-05
2047	0.0	2.0372396337705006e-05
2046	0.0	2.3446779343786004e-05
2045	0.0	2.6402795505874033e-05
2044	0.0	2.9232773906231004e-05
2043	0.0	3.192915011663802e-05
2042	0.0	3.448443656169e-05
2041	0.0	3.689121037727999e-05
2040	0.0	3.914226793743004e-05
2039	0.0	4.123086546557102e-05
2038	0.0	4.315076494280001e-05
2037	0.0	4.4896247039809994e-05
2036	0.0	4.646213133557999e-05
2035	0.0	4.784380303379901e-05
2034	0.0	4.903724367886001e-05
2033	0.0	5.003906895604697e-05
2032	0.0	5.0846572140588007e-05
2031	0.0	5.1457773121158e-05
2030	0.0	5.1871473890042975e-05
2029	0.0	5.208731984364097e-05
2028	0.0	5.210586699148597e-05
2027	0.0	5.192865502678701e-05
2026	0.0	5.1558285848984995e-05
2025	0.0	5.099850718033599e-05
2024	0.0	5.025430066731099e-05
2023	0.0	4.933197363166599e-05
2022	0.0	4.8239253435087014e-05
2021	0.0	4.698538308327101e-05
2020	0.0	4.5581205200538984e-05
2019	0.0	4.403882550940697e-05
2018	0.0	4.237070866374299e-05
2017	0.0	4.058941552253199e-05
2016	0.0	3.870755667230598e-05
2015	0.0	3.6737758471323004e-05
2014	0.0	3.4692641516196e-05
2013	0.0	3.2584812435607015e-05
2012	0.0	3.042686993495698e-05
2011	0.0	2.823142636124501e-05
2010	0.0	2.6011146429916985e-05
2009	0.0	2.3778805407778002e-05
2008	0.0	2.1547370256264005e-05
2007	0.0	1.9330108174655993e-05
2006	0.0	1.7140729966819807e-05
2005	0.0	1.4993578108421496e-05
2004	0.0	1.2903874868460007e-05
2003	0.0	1.0888052938437903e-05
2002	0.0	8.964203854474402e-06
2001	0.0	7.152588090458494e-06
2000	0.0	5.474658391744304e-06
1999	0.0	3.951339272364898e-06
1998	0.0	2.603142718601201e-06
1997	0.0	1.4507416901102021e-06
1996	0.0	5.158683067145015e-07
1995	0.0	-1.7717569012339776e-07
1994	0.0	-5.984646553960011e-07
1993	0.0	-7.129316441668007e-07
1992	0.0	-6.154879687262806e-07
1991	0.0	-3.684965820958702e-07
1301	0.0	2.7300210703185e-15
1300	0.0	-1.8194854825900192e-06
1299	0.0	-6.778386480029873e-06
1298	0.0	-1.4214526243459856e-05
1297	0.0	-2.357004407585006e-05
1296	0.0	-3.437366504698198e-05
1295	0.0	-4.62238666014749e-05
1294	0.0	-5.8775637223388915e-05
1293	0.0	-7.172830580343711e-05
1292	0.0	-8.481583381498398e-05
1291	0.0	-9.780091133891101e-05
1290	0.0	-0.00011047025771907708
1289	0.0	-0.00012263089449816205
1288	0.0	-0.00013410848443992
1287	0.0	-0.00014474792396779504
1286	0.0	-0.000154413891833805
1285	0.0	-0.00016299302163974604
1284	0.0	-0.000170397381409191
1283	0.0	-0.00017656890354152696
1282	0.0	-0.00018148387331527792
1281	0.0	-0.00018515778293296198
1280	0.0	-0.00018764946249918795
1279	0.0	-0.00018905236161097792
1278	0.0	-0.0001894681014135989
1277	0.0	-0.00018899803789653997
1276	0.0	-0.00018774131376097798
1275	0.0	-0.00018579334817274504
1274	0.0	-0.00018324469812181898
1273	0.0	-0.00018018024481712507
1272	0.0	-0.00017667863161032209
1271	0.0	-0.00017281189935860802
1270	0.0	-0.00016864528815377301
1269	0.0	-0.00016423713971254895
1268	0.0	-0.0001596388717725409
1267	0.0	-0.000154894999811165
1266	0.0	-0.00015004319245369901
1265	0.0	-0.000145114341663734
1264	0.0	-0.000140132641815746
1263	0.0	-0.00013511569959618296
1262	0.0	-0.0001300746574472841
1261	0.0	-0.00012501434816850098
1260	0.0	-0.00011993439381075
1259	0.0	-0.00011483320758219704
1258	0.0	-0.0001097097375220321
1257	0.0	-0.00010456349084301793
1256	0.0	-9.939450455453004e-05
1255	0.0	-9.420331400649491e-05
1254	0.0	-8.899093032861195e-05
1253	0.0	-8.375878825465704e-05
1252	0.0	-7.850871858505303e-05
1251	0.0	-7.324292172723994e-05
1250	0.0	-6.796395094397904e-05
1249	0.0	-6.267467763951403e-05
1248	0.0	-5.7378237893954066e-05
1247	0.0	-5.207807179623497e-05
1246	0.0	-4.6777870915512033e-05
1245	0.0	-4.148156117481897e-05
1244	0.0	-3.619329637397702e-05
1243	0.0	-3.091746782337096e-05
1242	0.0	-2.565868123329397e-05
1241	0.0	-2.042175115553801e-05
1240	0.0	-1.5211712276210995e-05
1239	0.0	-1.0033633238109088e-05
1238	0.0	-4.892410316635967e-06
1237	0.0	2.0721681862100657e-07
1236	0.0	5.260668804191052e-06
1235	0.0	1.0263504434512003e-05
1234	0.0	1.5211388947302968e-05
1233	0.0	2.0100101919189018e-05
1232	0.0	2.4925506072099994e-05
1231	0.0	2.968353266597e-05
1230	0.0	3.4370180772553e-05
1229	0.0	3.898148471881901e-05
1228	0.0	4.3513515895302946e-05
1227	0.0	4.796236335774507e-05
1226	0.0	5.232411515555498e-05
1225	0.0	5.659485701512497e-05
1224	0.0	6.0770645901568046e-05
1223	0.0	6.484750468989798e-05
1222	0.0	6.882140598040993e-05
1221	0.0	7.268825282478303e-05
1220	0.0	7.644387111021699e-05
1219	0.0	8.0083986490539e-05
1218	0.0	8.360421689401201e-05
1217	0.0	8.700016359159909e-05
1216	0.0	9.026755320789203e-05
1215	0.0	9.340226607230397e-05
1214	0.0	9.640034022595197e-05
1213	0.0	9.9257980446293e-05
1212	0.0	0.00010197157166235598
1211	0.0	0.00010453769205417301
1210	0.0	0.000106953131412824
1209	0.0	0.00010921491224278798
1208	0.0	0.00011132031312365595
1207	0.0	0.00011326689646211699
1206	0.0	0.00011505253933093108
1205	0.0	0.000116675467611826
1204	0.0	0.00011813429400689499
1203	0.0	0.00011942805968749202
1202	0.0	0.00012055627927245202
1201	0.0	0.00012151898940935407
1200	0.0	0.000122316800565674
1199	0.0	0.000122950951632789
1198	0.0	0.00012342336698462
1197	0.0	0.00012373670062110892
1196	0.0	0.00012389383457989296
1195	0.0	0.00012389664137089603
1194	0.0	0.0001237455815499591
1193	0.0	0.000123439566179917
1192	0.0	0.00012297581105318706
1191	0.0	0.000122349675859746
1190	0.0	0.00012155448154153306
1189	0.0	0.00012058129731477504
1188	0.0	0.00011941868658198098
1187	0.0	0.00011805239786960499
1186	0.0	0.00011646498270932802
1185	0.0	0.00011463531632025393
1184	0.0	0.00011253798832515794
1183	0.0	0.0001101425182132331
1182	0.0	0.00010741233124947596
1181	0.0	0.00010430340177613605
1180	0.0	0.00010076242565404002
1179	0.0	9.672431102277304e-05
1178	0.0	9.210931567607604e-05
1177	0.0	8.682905942072807e-05
1176	0.0	8.079708824526512e-05
1175	0.0	7.392874578665098e-05
1174	0.0	6.613862717178985e-05
1173	0.0	5.7336649595959984e-05
1172	0.0	4.742143998145987e-05
1171	0.0	3.6275418898619894e-05
1170	0.0	2.5923723730879875e-05
1169	0.0	1.6436738998019994e-05
1168	0.0	7.796090980059876e-06
1167	0.0	9.49977943531799e-16
2125	0.0	1.7746809126732001e-06
2124	0.0	1.6885931379153888e-15
2126	0.0	6.609909351474997e-06
2127	0.0	1.3857760042177096e-05
2128	0.0	2.2972369798035302e-05
2129	0.0	3.34925703190814e-05
2130	0.0	4.502541106187709e-05
2131	0.0	5.7233197540107995e-05
2132	0.0	6.9821589160822e-05
2133	0.0	8.2530112941774e-05
2134	0.0	9.5126392052317e-05
2135	0.0	0.0001074015582318
2136	0.0	0.000119166624988088
2137	0.0	0.00013025088296109697
2138	0.0	0.000140502491353304
2139	0.0	0.000149789043357236
2140	0.0	0.00015799972064736497
2141	0.0	0.000165048724948606
2142	0.0	0.00017087963355483997
2143	0.0	0.000175469820119243
2144	0.0	0.00017883522404170198
2145	0.0	0.00018103440421915598
2146	0.0	0.00018215993889803402
2147	0.0	0.00018231237582210798
2148	0.0	0.000181591925812592
2149	0.0	0.000180096544695829
2150	0.0	0.00017792044853199202
2151	0.0	0.00017515299630411
2152	0.0	0.00017187789386314802
2153	0.0	0.00016817264505090902
2154	0.0	0.00016410819730856
2155	0.0	0.00015974875197712204
2156	0.0	0.00015515167280615505
2157	0.0	0.00015036746500599095
2158	0.0	0.00014543980060002597
2159	0.0	0.00014040557686319303
2160	0.0	0.000135294988968053
2161	0.0	0.000130131610669162
2162	0.0	0.00012493250648721904
2163	0.0	0.00011970835667250701
2164	0.0	0.00011446361321126001
2165	0.0	0.00010919760727544597
2166	0.0	0.00010390858229885399
2167	0.0	9.8595447616722e-05
2168	0.0	9.3257798059102e-05
2169	0.0	8.789587856675597e-05
2170	0.0	8.2510546262062e-05
2171	0.0	7.710324155408795e-05
2172	0.0	7.167592849901302e-05
2173	0.0	6.623106085604897e-05
2174	0.0	6.077154952871099e-05
2175	0.0	5.530074043103798e-05
2176	0.0	4.9822374168166e-05
2177	0.0	4.434052685619802e-05
2178	0.0	3.8859647599168005e-05
2179	0.0	3.3384501418674936e-05
2180	0.0	2.7920149452725983e-05
2181	0.0	2.24719409036081e-05
2182	0.0	1.704552211598601e-05
2183	0.0	1.1646812574296075e-05
2184	0.0	6.2819997515659465e-06
2185	0.0	9.575490268610813e-07
2186	0.0	-4.320026942927963e-06
2187	0.0	-9.544427275036968e-06
2188	0.0	-1.470954821709597e-05
2189	0.0	-1.980948233240706e-05
2190	0.0	-2.4838491266841018e-05
2191	0.0	-2.9790969429086944e-05
2192	0.0	-3.4661447562125936e-05
2193	0.0	-3.944455715606404e-05
2194	0.0	-4.4135011757878034e-05
2195	0.0	-4.872760196375297e-05
2196	0.0	-5.3217159087422044e-05
2197	0.0	-5.7598552704511946e-05
2198	0.0	-6.1866667295784e-05
2199	0.0	-6.601637980650803e-05
2200	0.0	-7.004255370635196e-05
2201	0.0	-7.394000897351202e-05
2202	0.0	-7.7703512044773e-05
2203	0.0	-8.132775522152905e-05
2204	0.0	-8.480733317981393e-05
2205	0.0	-8.813672978810397e-05
2206	0.0	-9.131029055422401e-05
2207	0.0	-9.432221115670701e-05
2208	0.0	-9.716665601708797e-05
2209	0.0	-9.983794534562098e-05
2210	0.0	-0.00010233059069643098
2211	0.0	-0.00010463930159396
2212	0.0	-0.00010675899770382498
2213	0.0	-0.000108684825786086
2214	0.0	-0.00011041217799709796
2215	0.0	-0.000111936715865099
2216	0.0	-0.000113254397981567
2217	0.0	-0.00011436151136761096
2218	0.0	-0.00011525470792908901
2219	0.0	-0.000115931045219698
2220	0.0	-0.000116388031809883
2221	0.0	-0.00011662367760277001
2222	0.0	-0.000116636548914701
2223	0.0	-0.00011642582829728002
2224	0.0	-0.00011599137901916297
2225	0.0	-0.00011533381387515603
2226	0.0	-0.00011445456792245402
2227	0.0	-0.00011335597451436101
2228	0.0	-0.000112041338368507
2229	0.0	-0.000110514801545009
2230	0.0	-0.00010878090053656898
2231	0.0	-0.00010684440162117402
2232	0.0	-0.00010471023345549901
2233	0.0	-0.000102383421652668
2234	0.0	-9.986902506576298e-05
2235	0.0	-9.717207392879402e-05
2236	0.0	-9.429750960965203e-05
2237	0.0	-9.125012539014501e-05
2238	0.0	-8.803450734476499e-05
2239	0.0	-8.4654974057463e-05
2240	0.0	-8.1115513210897e-05
2241	0.0	-7.7419712486163e-05
2242	0.0	-7.357068139726431e-05
2243	0.0	-6.957095906174231e-05
2244	0.0	-6.542240091863608e-05
2245	0.0	-6.112603417189408e-05
2246	0.0	-5.66818665465298e-05
2247	0.0	-5.20886778260992e-05
2248	0.0	-4.7344534636691004e-05
2249	0.0	-4.24476205076886e-05
2250	0.0	-3.7396159715891106e-05
2251	0.0	-3.21881386240238e-05
2252	0.0	-2.6820915300186e-05
2253	0.0	-2.12905776279663e-05
2254	0.0	-1.55944895366239e-05
2255	0.0	-1.071339655111725e-05
2256	0.0	-6.5433464827978105e-06
2257	0.0	-2.9856330822911195e-06
2258	0.0	-1.2496108339439417e-15
2391	0.0	-1.774680912657801e-06
2390	0.0	-6.6099093514937e-06
2389	0.0	-1.3857760042219095e-05
2388	0.0	-2.2972369798266305e-05
2387	0.0	-3.3492570319196095e-05
2386	0.0	-4.5025411062043396e-05
2385	0.0	-5.7233197539583e-05
2384	0.0	-6.982158913187999e-05
2383	0.0	-8.2530112952186e-05
2382	0.0	-9.5126392052954e-05
2381	0.0	-0.00010740155823232099
2380	0.0	-0.00011916662498870202
2379	0.0	-0.00013025088296181097
2378	0.0	-0.00014050249135417998
2377	0.0	-0.000149789043358221
2376	0.0	-0.00015799972065061097
2375	0.0	-0.000165048724950977
2374	0.0	-0.00017087963355622298
2373	0.0	-0.00017546982011004
2372	0.0	-0.00017883522404333
2371	0.0	-0.00018103440422097898
2370	0.0	-0.000182159938899924
2369	0.0	-0.00018231237582415398
2368	0.0	-0.00018159192581479602
2367	0.0	-0.00018009654469922104
2366	0.0	-0.000177920448534365
2365	0.0	-0.000175152996306812
2364	0.0	-0.00017187789386757004
2363	0.0	-0.00016817264505391503
2362	0.0	-0.00016410819731172305
2361	0.0	-0.00015974875198044404
2360	0.0	-0.000155151672809644
2359	0.0	-0.00015036746500977596
2358	0.0	-0.000145439800603799
2357	0.0	-0.00014040557686728703
2356	0.0	-0.00013529498897213698
2355	0.0	-0.00013013161067337002
2354	0.0	-0.00012493250649149904
2353	0.0	-0.000119708356677969
2352	0.0	-0.00011446361321582402
2351	0.0	-0.00010919760728012094
2350	0.0	-0.00010390858230362995
2349	0.0	-9.859544762159098e-05
2348	0.0	-9.3257798064056e-05
2347	0.0	-8.789587857178298e-05
2346	0.0	-8.251054626715602e-05
2345	0.0	-7.710324155924095e-05
2344	0.0	-7.167592850421302e-05
2343	0.0	-6.623106086130697e-05
2342	0.0	-6.077154953398108e-05
2341	0.0	-5.530074043629701e-05
2340	0.0	-4.9822374173471e-05
2339	0.0	-4.4340526861515054e-05
2338	0.0	-3.8859647609581984e-05
2337	0.0	-3.3384501424203934e-05
2336	0.0	-2.7920149457998024e-05
2335	0.0	-2.247194090893305e-05
2334	0.0	-1.704552212118801e-05
2333	0.0	-1.1646812579455034e-05
2332	0.0	-6.281999756671021e-06
2331	0.0	-9.57549031912054e-07
2330	0.0	4.3200269379419344e-06
2329	0.0	9.544427274283014e-06
2328	0.0	1.470954821224796e-05
2327	0.0	1.980948232764405e-05
2326	0.0	2.4838491262164962e-05
2325	0.0	2.9790969424495998e-05
2324	0.0	3.4661447557509946e-05
2323	0.0	3.944455715165394e-05
2322	0.0	4.413501175352594e-05
2321	0.0	4.872760195929701e-05
2320	0.0	5.321715908332506e-05
2319	0.0	5.759855270054203e-05
2318	0.0	6.186666729191795e-05
2317	0.0	6.601637980276103e-05
2316	0.0	7.004255370272097e-05
2315	0.0	7.394000896999997e-05
2314	0.0	7.770351204137901e-05
2313	0.0	8.132775521826506e-05
2312	0.0	8.480733317670303e-05
2311	0.0	8.813672978505498e-05
2310	0.0	9.131029055131602e-05
2309	0.0	9.432221115389302e-05
2308	0.0	9.7166656014425e-05
2307	0.0	9.9837945343084e-05
2306	0.0	0.00010233059069400503
2305	0.0	0.00010463930159165
2304	0.0	0.00010675899770163001
2303	0.0	0.000108684825783924
2302	0.0	0.00011041217799513301
2301	0.0	0.00011193671586332698
2300	0.0	0.00011325439797981601
2299	0.0	0.00011436151136584599
2298	0.0	0.00011525470792762301
2297	0.0	0.00011593104521824901
2296	0.0	0.00011638803180838897
2295	0.0	0.00011662367760150398
2294	0.0	0.00011663654891351998
2293	0.0	0.00011642582829834801
2292	0.0	0.00011599137901812496
2291	0.0	0.00011533381387421402
2290	0.0	0.00011445456792158801
2289	0.0	0.00011335597451356098
2288	0.0	0.000112041338367777
2287	0.0	0.00011051480154462698
2286	0.0	0.00010878090053595299
2285	0.0	0.000106844401620626
2284	0.0	0.00010471023347069497
2283	0.0	0.00010238342165146003
2282	0.0	9.986902507828601e-05
2281	0.0	9.717207392841e-05
2280	0.0	9.429750960948701e-05
2279	0.0	9.125012538984599e-05
2278	0.0	8.8034507344488e-05
2277	0.0	8.465497405306402e-05
2276	0.0	8.111551321068701e-05
2275	0.0	7.7419712485891e-05
2274	0.0	7.35706813971093e-05
2273	0.0	6.957095906158328e-05
2272	0.0	6.54224009185001e-05
2271	0.0	6.11260341770251e-05
2270	0.0	5.6681866546496785e-05
2269	0.0	5.20886777968492e-05
2268	0.0	4.7344534636645996e-05
2267	0.0	4.24476205076506e-05
2266	0.0	3.73961597168147e-05
2265	0.0	3.2188138622643e-05
2264	0.0	2.68209153001765e-05
2263	0.0	2.12905776293694e-05
2262	0.0	1.55944895366192e-05
2261	0.0	1.071339655111355e-05
2260	0.0	6.54334648279531e-06
2259	0.0	2.9856330822878398e-06
2393	0.0	1.7915106977105004e-06
2392	0.0	1.7047131379466663e-15
2394	0.0	6.672164714034702e-06
2395	0.0	1.3987341706320601e-05
2396	0.0	2.3185553595744295e-05
2397	0.0	3.38008911056122e-05
2398	0.0	4.543637384432689e-05
2399	0.0	5.7750853137623e-05
2400	0.0	7.044698923044101e-05
2401	0.0	8.326167122635301e-05
2402	0.0	9.5960189252049e-05
2403	0.0	0.000108331603998197
2404	0.0	0.00012018508983360402
2405	0.0	0.00013134832120210202
2406	0.0	0.00014166807557660602
2407	0.0	0.00015101081415375898
2408	0.0	0.000159264867521613
2409	0.0	0.00016634391037895902
2410	0.0	0.00017219136740767
2411	0.0	0.00017678488550530998
2412	0.0	0.000180141154438614
2413	0.0	0.000182320000236966
2414	0.0	0.000183415662903163
2415	0.0	0.00018353040774295702
2416	0.0	0.00018276611265473998
2417	0.0	0.000181222326247286
2418	0.0	0.00017899476588441999
2419	0.0	0.000176174187887848
2420	0.0	0.00017284558390083602
2421	0.0	0.00016908762673210903
2422	0.0	0.000164972313567409
2423	0.0	0.00016056477497722397
2424	0.0	0.000155923183329202
2425	0.0	0.00015109873202365595
2426	0.0	0.00014613566123440798
2427	0.0	0.000141071316775866
2428	0.0	0.00013593622308783094
2429	0.0	0.000130754164241503
2430	0.0	0.00012554229664022402
2431	0.0	0.00012031127470753396
2432	0.0	0.00011506540805962398
2433	0.0	0.00010980378365018696
2434	0.0	0.00010452435485053995
2435	0.0	9.922572228983698e-05
2436	0.0	9.390715685568302e-05
2437	0.0	8.856856695108994e-05
2438	0.0	8.321046302196903e-05
2439	0.0	7.783393083914093e-05
2440	0.0	7.244057396149005e-05
2441	0.0	6.703248153405397e-05
2442	0.0	6.161219719293305e-05
2443	0.0	5.6182698060820084e-05
2444	0.0	5.074735545296195e-05
2445	0.0	4.530987668049306e-05
2446	0.0	3.987434254378898e-05
2447	0.0	3.4445150793906035e-05
2448	0.0	2.902699652735394e-05
2449	0.0	2.362486391554303e-05
2450	0.0	1.8244034814441962e-05
2451	0.0	1.2890064716252099e-05
2452	0.0	7.568776811277961e-06
2453	0.0	2.2862717690189625e-06
2454	0.0	-2.951294426768074e-06
2455	0.0	-8.13795942248099e-06
2456	0.0	-1.326794022242896e-05
2457	0.0	-1.8335633498239075e-05
2458	0.0	-2.333558983529094e-05
2459	0.0	-2.8262478661673918e-05
2460	0.0	-3.311109283592997e-05
2461	0.0	-3.7876314222532e-05
2462	0.0	-4.2553095986893046e-05
2463	0.0	-4.713645848671694e-05
2464	0.0	-5.162145387933604e-05
2465	0.0	-5.600316446231605e-05
2466	0.0	-6.0276680130615025e-05
2467	0.0	-6.443707667467305e-05
2468	0.0	-6.8479410579769e-05
2469	0.0	-7.239868967196802e-05
2470	0.0	-7.618986375456093e-05
2471	0.0	-7.984780466071596e-05
2472	0.0	-8.3367283347622e-05
2473	0.0	-8.674295739439001e-05
2474	0.0	-8.996934398798899e-05
2475	0.0	-9.304080858299404e-05
2476	0.0	-9.595167495500399e-05
2477	0.0	-9.869639919436599e-05
2478	0.0	-0.00010126960260178002
2479	0.0	-0.000103666077057198
2480	0.0	-0.00010588079573241099
2481	0.0	-0.00010790892839075098
2482	0.0	-0.00010974585779108297
2483	0.0	-0.00011138720135640801
2484	0.0	-0.00011282883662954102
2485	0.0	-0.00011406692988313698
2486	0.0	-0.00011509796972036698
2487	0.0	-0.00011591880473096504
2488	0.0	-0.00011652668551499301
2489	0.0	-0.00011691931147202796
2490	0.0	-0.00011709488218344298
2491	0.0	-0.000117052153374036
2492	0.0	-0.00011679049744315001
2493	0.0	-0.00011630996827461203
2494	0.0	-0.00011561136998458
2495	0.0	-0.000114696329066996
2496	0.0	-0.000113567363908037
2497	0.0	-0.00011222775298978799
2498	0.0	-0.00011068110168049899
2499	0.0	-0.000108931178072187
2500	0.0	-0.00010698184233819399
2501	0.0	-0.00010483697645366198
2502	0.0	-0.00010250041415561
2503	0.0	-9.997587030333198e-05
2504	0.0	-9.726686962277197e-05
2505	0.0	-9.437667301263501e-05
2506	0.0	-9.130820015529399e-05
2507	0.0	-8.806394589957198e-05
2508	0.0	-8.4645887113863e-05
2509	0.0	-8.105537553262201e-05
2510	0.0	-7.72930104617582e-05
2511	0.0	-7.33584825345619e-05
2512	0.0	-6.925037589101119e-05
2513	0.0	-6.496591017018638e-05
2514	0.0	-6.050059426859491e-05
2515	0.0	-5.58478410116694e-05
2516	0.0	-5.09998458997056e-05
2517	0.0	-4.59490553352969e-05
2518	0.0	-4.0688073054439004e-05
2519	0.0	-3.52092119814367e-05
2520	0.0	-2.95038417492979e-05
2521	0.0	-2.35613061559223e-05
2522	0.0	-1.73709806940295e-05
2523	0.0	-1.2007147530141361e-05
2524	0.0	-7.3774483096872195e-06
2525	0.0	-3.38769451633031e-06
2526	0.0	-1.3177708339522688e-15
2659	0.0	-1.7915106977120014e-06
2658	0.0	-6.672164714032906e-06
2657	0.0	-1.3987341706316901e-05
2656	0.0	-2.3185553595880403e-05
2655	0.0	-3.380089110560731e-05
2654	0.0	-4.54363762475372e-05
2653	0.0	-5.7750853136449e-05
2652	0.0	-7.0446989277031e-05
2651	0.0	-8.326167121375802e-05
2650	0.0	-9.5960189251106e-05
2649	0.0	-0.00010833160399830398
2648	0.0	-0.00012018508983366701
2647	0.0	-0.000131348321202227
2646	0.0	-0.000141668075576734
2645	0.0	-0.000151010814153819
2644	0.0	-0.000159264867533696
2643	0.0	-0.00016634391038088
2642	0.0	-0.00017219136740815
2641	0.0	-0.00017678488548139497
2640	0.0	-0.00018014115443898301
2639	0.0	-0.00018232000023743797
2638	0.0	-0.00018341566290368803
2637	0.0	-0.000183530407743555
2636	0.0	-0.00018276611265540497
2635	0.0	-0.00018122232627898601
2634	0.0	-0.00017899476588510498
2633	0.0	-0.00017617418788878897
2632	0.0	-0.00017284558387488803
2631	0.0	-0.00016908762673321004
2630	0.0	-0.0001649723135686
2629	0.0	-0.00016056477497851
2628	0.0	-0.000155923183330572
2627	0.0	-0.00015109873202493997
2626	0.0	-0.000146135661236043
2625	0.0	-0.00014107131677853102
2624	0.0	-0.00013593622308950696
2623	0.0	-0.00013075416424334702
2622	0.0	-0.00012554229664216702
2621	0.0	-0.00012031127470838799
2620	0.0	-0.000115065408061732
2619	0.0	-0.00010980378365237797
2618	0.0	-0.00010452435485280897
2617	0.0	-9.9225722292182e-05
2616	0.0	-9.390715685809802e-05
2615	0.0	-8.856856695357396e-05
2614	0.0	-8.321046302451604e-05
2613	0.0	-7.783393084174995e-05
2612	0.0	-7.2440573964151e-05
2611	0.0	-6.703248153672197e-05
2610	0.0	-6.161219719569104e-05
2609	0.0	-5.6182698063908e-05
2608	0.0	-5.074735545579595e-05
2607	0.0	-4.530987668334701e-05
2606	0.0	-3.987434254173702e-05
2605	0.0	-3.444515080247806e-05
2604	0.0	-2.90269965302789e-05
2603	0.0	-2.36248638935141e-05
2602	0.0	-1.824403481738698e-05
2601	0.0	-1.289006471920102e-05
2600	0.0	-7.568776814223955e-06
2599	0.0	-2.286271771960945e-06
2598	0.0	2.9512944238299947e-06
2597	0.0	8.137959434386939e-06
2596	0.0	1.3267940219512022e-05
2595	0.0	1.833563349535705e-05
2594	0.0	2.3335589832432007e-05
2593	0.0	2.826247865884697e-05
2592	0.0	3.311109283320006e-05
2591	0.0	3.7876314219742024e-05
2590	0.0	4.255309598411803e-05
2589	0.0	4.713645848431901e-05
2588	0.0	5.162145387660396e-05
2587	0.0	5.600316445971603e-05
2586	0.0	6.027668012806899e-05
2585	0.0	6.443707667218101e-05
2584	0.0	6.847941057733096e-05
2583	0.0	7.239868966958299e-05
2582	0.0	7.618986375222296e-05
2581	0.0	7.984780465843295e-05
2580	0.0	8.336728334489501e-05
2579	0.0	8.674295739224302e-05
2578	0.0	8.996934398590304e-05
2577	0.0	9.304080858110102e-05
2576	0.0	9.5951674953056e-05
2575	0.0	9.869639919248902e-05
2574	0.0	0.000101269602599972
2573	0.0	0.00010366607705547098
2572	0.0	0.00010588079573076696
2571	0.0	0.000107908928405199
2570	0.0	0.00010974585778953196
2569	0.0	0.00011138720135459501
2568	0.0	0.00011282883662812798
2567	0.0	0.00011406692988163899
2566	0.0	0.00011509796971898901
2565	0.0	0.00011591880472975902
2564	0.0	0.00011652668551277202
2563	0.0	0.00011691931147093297
2562	0.0	0.00011709488218243397
2561	0.0	0.00011705215337307902
2560	0.0	0.000116790497442275
2559	0.0	0.00011630996827378804
2558	0.0	0.00011561136998381201
2557	0.0	0.00011469632906629398
2556	0.0	0.00011356736390739
2555	0.0	0.00011222775299380902
2554	0.0	0.00011068110167996697
2553	0.0	0.00010893117807173099
2552	0.0	0.00010698184232385097
2551	0.0	0.000104836976450729
2550	0.0	0.000102500414144539
2549	0.0	9.997587030304998e-05
2548	0.0	9.726686962228701e-05
2547	0.0	9.437667301244102e-05
2546	0.0	9.130820015515998e-05
2545	0.0	8.806394589396899e-05
2544	0.0	8.464588711379101e-05
2543	0.0	8.1055375532461e-05
2542	0.0	7.72930104617402e-05
2541	0.0	7.335848253476292e-05
2540	0.0	6.925037589103821e-05
2539	0.0	6.49659101685984e-05
2538	0.0	6.050059426865991e-05
2537	0.0	5.584784101219441e-05
2536	0.0	5.09998458998246e-05
2535	0.0	4.59490553354467e-05
2534	0.0	4.068807305628739e-05
2533	0.0	3.52092119923113e-05
2532	0.0	2.95038417494236e-05
2531	0.0	2.3561306163169e-05
2530	0.0	1.73709806941161e-05
2529	0.0	1.2007147530196361e-05
2528	0.0	7.37744830972652e-06
2527	0.0	3.3876945163466603e-06
2661	0.0	2.221451986785098e-06
2660	0.0	2.1086931379607963e-15
2662	0.0	8.294442246572404e-06
2663	0.0	1.74345807483739e-05
2664	0.0	2.8980671322163397e-05
2665	0.0	4.23739744414465e-05
2666	0.0	5.7138364257451913e-05
2667	0.0	7.286469407553329e-05
2668	0.0	8.9196316354052e-05
2669	0.0	0.00010581737743653001
2670	0.0	0.000122445735477463
2671	0.0	0.000138827213744316
2672	0.0	0.000154730897555824
2673	0.0	0.00016994686967602
2674	0.0	0.00018428671300468001
2675	0.0	0.00019758377763931498
2676	0.0	0.000209695384621925
2677	0.0	0.000220506619040251
2678	0.0	0.000229935339145662
2679	0.0	0.00023793720769683398
2680	0.0	0.000244511298126314
2681	0.0	0.00024970499873691197
2682	0.0	0.00025360499524073796
2683	0.0	0.000256308821294893
2684	0.0	0.00025791571104898895
2685	0.0	0.00025852445628499296
2686	0.0	0.00025823170373728095
2687	0.0	0.000257130635336443
2688	0.0	0.00025530999212607097
2689	0.0	0.000252853379721067
2690	0.0	0.000249838794695317
2691	0.0	0.00024633833769925595
2692	0.0	0.00024241805282269999
2693	0.0	0.00023813785778323705
2694	0.0	0.00023355153532961806
2695	0.0	0.00022870676889606093
2696	0.0	0.00022364519950033803
2697	0.0	0.00021840249244733999
2698	0.0	0.00021300843357549093
2699	0.0	0.00020748703357818604
2700	0.0	0.00020185665348021502
2701	0.0	0.000196130828580694
2702	0.0	0.000190321232941054
2703	0.0	0.00018443893704583902
2704	0.0	0.000178494403610785
2705	0.0	0.00017249745642473197
2706	0.0	0.00016645726002145804
2707	0.0	0.00016038232108237194
2708	0.0	0.000154280464257015
2709	0.0	0.00014815884276909996
2710	0.0	0.000142023958486676
2711	0.0	0.00013588168776727496
2712	0.0	0.00012973729309719094
2713	0.0	0.00012359543819005499
2714	0.0	0.00011746022851603406
2715	0.0	0.00011133525550111495
2716	0.0	0.00010522358863898303
2717	0.0	9.912782433122e-05
2718	0.0	9.305012399283104e-05
2719	0.0	8.6992224114688e-05
2720	0.0	8.095545595019504e-05
2721	0.0	7.494079671622897e-05
2722	0.0	6.894891031331896e-05
2723	0.0	6.298020508978605e-05
2724	0.0	5.703487721533604e-05
2725	0.0	5.1112895092593e-05
2726	0.0	4.5214013371685016e-05
2727	0.0	3.933779803496403e-05
2728	0.0	3.3483604266291035e-05
2729	0.0	2.7650600062097987e-05
2730	0.0	2.1837769726739027e-05
2731	0.0	1.604389975105999e-05
2732	0.0	1.026760274783499e-05
2733	0.0	4.507298376220002e-06
2734	0.0	-1.2387806047909613e-06
2735	0.0	-6.9725838894620085e-06
2736	0.0	-1.269626296869302e-05
2737	0.0	-1.8412159149069993e-05
2738	0.0	-2.4122820955313994e-05
2739	0.0	-2.9831009176298033e-05
2740	0.0	-3.553969922978005e-05
2741	0.0	-4.1252102787578014e-05
2742	0.0	-4.697166977853101e-05
2743	0.0	-5.270210875151502e-05
2744	0.0	-5.844742471231099e-05
2745	0.0	-6.421196101548399e-05
2746	0.0	-7.000042916690001e-05
2747	0.0	-7.581792460765904e-05
2748	0.0	-8.1669947932912e-05
2749	0.0	-8.756243048329301e-05
2750	0.0	-9.350175467736201e-05
2751	0.0	-9.949477958355401e-05
2752	0.0	-0.00010554886701961199
2753	0.0	-0.00011167190544765401
2754	0.0	-0.00011787233667134302
2755	0.0	-0.00012415918160725
2756	0.0	-0.000130542064557035
2757	0.0	-0.000137031237303361
2758	0.0	-0.000143637601396891
2759	0.0	-0.00015037272750409501
2760	0.0	-0.00015724887176579602
2761	0.0	-0.000164278988117209
2762	0.0	-0.00017147673508637097
2763	0.0	-0.000178856476465325
2764	0.0	-0.00018643319159964602
2765	0.0	-0.00019421933098953402
2766	0.0	-0.000202217770245445
2767	0.0	-0.00021041971511519703
2768	0.0	-0.000218804134221402
2769	0.0	-0.00022733714090049798
2770	0.0	-0.00023597127836255398
2771	0.0	-0.00024464465871171
2772	0.0	-0.000253279899717357
2773	0.0	-0.00026178278854035
2774	0.0	-0.000270040582398474
2775	0.0	-0.000277919831337495
2776	0.0	-0.000285263570209285
2777	0.0	-0.000291887673755115
2778	0.0	-0.0002975760883673679
2779	0.0	-0.00030207453640236626
2780	0.0	-0.0003050821066571667
2781	0.0	-0.000306239859614173
2782	0.0	-0.0003051151165861175
2783	0.0	-0.00030118346388466257
2784	0.0	-0.0002938661662583079
2785	0.0	-0.0002825964446753389
2786	0.0	-0.0002668193460327512
2787	0.0	-0.000245976660380692
2788	0.0	-0.00021948337679925567
2789	0.0	-0.0001866879450846071
2790	0.0	-0.0001468249247390648
2791	0.0	-0.00010743695244478297
2792	0.0	-6.957688262715589e-05
2793	0.0	-3.3692095747251275e-05
2794	0.0	-1.561020083402695e-14
2927	0.0	-2.2214542810774987e-06
2926	0.0	-8.294456809363698e-06
2925	0.0	-1.7434620026704596e-05
2924	0.0	-2.8980745677380693e-05
2923	0.0	-4.23740900276153e-05
2922	0.0	-5.713851778005872e-05
2921	0.0	-7.28648917457025e-05
2920	0.0	-8.919654634905999e-05
2919	0.0	-0.000105817630572272
2918	0.0	-0.00012244599986781
2917	0.0	-0.000138827477335017
2916	0.0	-0.00015473114869312999
2915	0.0	-0.000169947098137662
2914	0.0	-0.000184286910900091
2913	0.0	-0.000197583940118991
2912	0.0	-0.000209695510224726
2911	0.0	-0.000220506709786527
2910	0.0	-0.000229935400235895
2909	0.0	-0.00023793724675021197
2908	0.0	-0.000244511324118979
2907	0.0	-0.000249705020699914
2906	0.0	-0.000253605021388749
2905	0.0	-0.000256308858673624
2904	0.0	-0.000257915765056713
2903	0.0	-0.00025852453076843495
2902	0.0	-0.000258231801026507
2901	0.0	-0.00025713075640818397
2900	0.0	-0.00025531013682988
2899	0.0	-0.00025285354697719296
2898	0.0	-0.00024983898270911
2897	0.0	-0.00024633854416928296
2896	0.0	-0.00024241827512455795
2895	0.0	-0.00023813809307726903
2894	0.0	-0.00023355178073592906
2893	0.0	-0.00022870702159104094
2892	0.0	-0.00022364545667849804
2891	0.0	-0.00021840275147394397
2890	0.0	-0.00021300869195857094
2889	0.0	-0.000207487288994563
2888	0.0	-0.00020185690377835504
2887	0.0	-0.000196131071784995
2886	0.0	-0.00019032146730438401
2885	0.0	-0.00018443916105601802
2884	0.0	-0.00017849461604124304
2883	0.0	-0.00017249765491009298
2882	0.0	-0.00016645744663229203
2881	0.0	-0.00016038249403465795
2880	0.0	-0.000154280623381499
2879	0.0	-0.00014815898869723797
2878	0.0	-0.000142024090374297
2877	0.0	-0.00013588180816941498
2876	0.0	-0.00012973741727998497
2875	0.0	-0.00012359553307155597
2874	0.0	-0.00011746031266366005
2873	0.0	-0.00011133532889511097
2872	0.0	-0.00010522365424511202
2871	0.0	-9.9127882253499e-05
2870	0.0	-9.305017528840305e-05
2869	0.0	-8.699226989299899e-05
2868	0.0	-8.095549728737405e-05
2867	0.0	-7.494083463378798e-05
2866	0.0	-6.894894583493299e-05
2865	0.0	-6.298023918616303e-05
2864	0.0	-5.703491077627403e-05
2863	0.0	-5.1112928998117983e-05
2862	0.0	-4.5214048419722026e-05
2861	0.0	-3.933783494042102e-05
2860	0.0	-3.348364372368504e-05
2859	0.0	-2.7650642656307993e-05
2858	0.0	-2.183781600780801e-05
2857	0.0	-1.604395019636298e-05
2856	0.0	-1.0267657749276975e-05
2855	0.0	-4.507358287453962e-06
2854	0.0	1.2387155120909595e-06
2853	0.0	6.9725134132230145e-06
2852	0.0	1.2696186948054017e-05
2851	0.0	1.8412077506610002e-05
2850	0.0	2.4122733660077037e-05
2849	0.0	2.983091626456905e-05
2848	0.0	3.553960079609404e-05
2847	0.0	4.125199897403101e-05
2846	0.0	4.6971560808354e-05
2845	0.0	5.270199492395599e-05
2844	0.0	5.8447306262303974e-05
2843	0.0	6.421183841663001e-05
2842	0.0	7.000030280706802e-05
2841	0.0	7.581779497496704e-05
2840	0.0	8.166981558229103e-05
2839	0.0	8.756229597252997e-05
2838	0.0	9.350161860204303e-05
2837	0.0	9.949464255074302e-05
2836	0.0	0.00010554872982153498
2835	0.0	0.00011167176876054403
2834	0.0	0.000117872201260659
2833	0.0	0.000124159048271456
2832	0.0	0.00013054193413769598
2831	0.0	0.00013703111066586902
2830	0.0	0.000143637479458936
2829	0.0	0.00015037261119169802
2828	0.0	0.000157248762054318
2827	0.0	0.000164278886026458
2826	0.0	0.000171476641557819
2825	0.0	0.000178856392542249
2824	0.0	0.000186433118313779
2823	0.0	0.00019421926931332599
2822	0.0	0.00020221772116271798
2821	0.0	0.000210419679605986
2820	0.0	0.00021880411293014
2819	0.0	0.00022733713434047002
2818	0.0	0.000235971286606145
2817	0.0	0.00024464468132474697
2816	0.0	0.000253279935809189
2815	0.0	0.000261782836576053
2814	0.0	0.00027004064012399
2813	0.0	0.000277919895850541
2812	0.0	0.000285263637755339
2811	0.0	0.000291887739814761
2810	0.0	0.0002975761476158059
2809	0.0	0.0003020745828305853
2808	0.0	0.0003050821335267137
2807	0.0	0.000306239859671935
2806	0.0	0.00030511508226257746
2805	0.0	0.0003011833878892306
2804	0.0	0.0002938660436158659
2803	0.0	0.0002825962739912849
2802	0.0	0.0002668191303521712
2801	0.0	0.000245976407616327
2800	0.0	0.00021948310039313367
2799	0.0	0.0001866876646291881
2798	0.0	0.0001468246667530878
2797	0.0	0.00010743673927841297
2796	0.0	6.957673098910449e-05
2795	0.0	3.369201559883148e-05
126	0.0	1.4378463577700753e-06
125	0.0	1.3699978651526834e-15
127	0.0	5.359433507549872e-06
128	0.0	1.1245139417859857e-05
129	0.0	1.8657145580089915e-05
130	0.0	2.7225564088932978e-05
131	0.0	3.6635242551301015e-05
132	0.0	4.661538330904993e-05
133	0.0	5.692997908035601e-05
134	0.0	6.737016835707597e-05
135	0.0	7.774958674709601e-05
136	0.0	8.790065299499404e-05
137	0.0	9.7671600426652e-05
138	0.0	0.00010692512873046402
139	0.0	0.00011553883884030309
140	0.0	0.00012340560546503698
141	0.0	0.00013043522579380697
142	0.0	0.000136557100031211
143	0.0	0.00014172367133131406
144	0.0	0.00014591390430267106
145	0.0	0.00014913707168550804
146	0.0	0.00015143599568632506
147	0.0	0.00015288034922769796
148	0.0	0.00015354621285072203
149	0.0	0.00015350954810975596
150	0.0	0.0001528446911482729
151	0.0	0.00015162318035648
152	0.0	0.0001499128685251421
153	0.0	0.00014777728466789492
154	0.0	0.00014527519130994601
155	0.0	0.00014246029506228598
156	0.0	0.000139381086630215
157	0.0	0.00013608076150813
158	0.0	0.000132597198872012
159	0.0	0.00012896297976332
160	0.0	0.00012520543415285503
161	0.0	0.00012134670248332502
162	0.0	0.00011740380646429191
163	0.0	0.00011338874673579697
164	0.0	0.00010930861340511004
165	0.0	0.00010516572321743402
166	0.0	0.00010095853977214197
167	0.0	9.6684993269583e-05
168	0.0	9.234391053374697e-05
169	0.0	8.793501164694104e-05
170	0.0	8.345885955670599e-05
171	0.0	7.891680640036494e-05
172	0.0	7.431094708002103e-05
173	0.0	6.964404683704401e-05
174	0.0	6.491949075542402e-05
175	0.0	6.0141235597343926e-05
176	0.0	5.531377221931104e-05
177	0.0	5.0442073588358e-05
178	0.0	4.5531526909304947e-05
179	0.0	4.0587953625973025e-05
180	0.0	3.561754710849105e-05
181	0.0	3.062684479281498e-05
182	0.0	2.5622712421566936e-05
183	0.0	2.061234594076197e-05
184	0.0	1.560324441554292e-05
185	0.0	1.0603201386572003e-05
186	0.0	5.620307819942079e-06
187	0.0	6.626809114840043e-07
188	0.0	-4.261842128941971e-06
189	0.0	-9.14569189763197e-06
190	0.0	-1.398155975584404e-05
191	0.0	-1.8762366584639998e-05
192	0.0	-2.3481222923211033e-05
193	0.0	-2.8131427406065976e-05
194	0.0	-3.270642823150903e-05
195	0.0	-3.719980088533008e-05
196	0.0	-4.160523922102299e-05
197	0.0	-4.591651671831008e-05
198	0.0	-5.0127480364356e-05
199	0.0	-5.4232024646708914e-05
200	0.0	-5.8224066519590024e-05
201	0.0	-6.209753634617906e-05
202	0.0	-6.584634576454595e-05
203	0.0	-6.946437481988301e-05
204	0.0	-7.294544899084303e-05
205	0.0	-7.628331345920403e-05
206	0.0	-7.947161727477601e-05
207	0.0	-8.250388369562302e-05
208	0.0	-8.537349863511304e-05
209	0.0	-8.807387021785506e-05
210	0.0	-9.059867642722803e-05
211	0.0	-9.294191049007106e-05
212	0.0	-9.509789001526899e-05
213	0.0	-9.706127251666197e-05
214	0.0	-9.882707653161601e-05
215	0.0	-0.0001003907051440071
216	0.0	-0.00010174797591976092
217	0.0	-0.00010289515541213898
218	0.0	-0.00010382899821012603
219	0.0	-0.00010454679177385802
220	0.0	-0.0001050464063073
221	0.0	-0.00010532634991196506
222	0.0	-0.00010538582921726803
223	0.0	-0.00010522481522372599
224	0.0	-0.00010484411421829692
225	0.0	-0.00010424544345508308
226	0.0	-0.00010343151114115107
227	0.0	-0.00010240609996789603
228	0.0	-0.00010117415336946003
229	0.0	-9.9741854631213e-05
230	0.0	-9.811637958161005e-05
231	0.0	-9.6305190831634e-05
232	0.0	-9.431580716115593e-05
233	0.0	-9.21557337276069e-05
234	0.0	-8.983239741348296e-05
235	0.0	-8.735308641213903e-05
236	0.0	-8.472489389854405e-05
237	0.0	-8.19546654710811e-05
238	0.0	-7.904894915066005e-05
239	0.0	-7.601394719194791e-05
240	0.0	-7.285546803658901e-05
241	0.0	-6.957887642849493e-05
242	0.0	-6.618903907647288e-05
243	0.0	-6.269026256656605e-05
244	0.0	-5.908621868331188e-05
245	0.0	-5.537985050751504e-05
246	0.0	-5.1573249590179974e-05
247	0.0	-4.7667489794385974e-05
248	0.0	-4.3662442934347054e-05
249	0.0	-3.955724809808002e-05
250	0.0	-3.53510882471601e-05
251	0.0	-3.1043174904449994e-05
252	0.0	-2.6632570743699872e-05
253	0.0	-2.211794523350008e-05
254	0.0	-1.7497171995369985e-05
255	0.0	-1.2769676844309914e-05
256	0.0	-8.74398479299007e-06
257	0.0	-5.323881043029985e-06
258	0.0	-2.421365744699998e-06
259	0.0	-1.010042743887496e-15
319	0.0	1.7976309467100226e-06
318	0.0	1.7100036664441376e-15
320	0.0	6.694917531060041e-06
321	0.0	1.403493760983982e-05
322	0.0	2.326424806445011e-05
323	0.0	3.39152706467739e-05
324	0.0	4.5589584124166964e-05
325	0.0	5.7944780979505986e-05
326	0.0	7.068240196141096e-05
327	0.0	8.353832229917007e-05
328	0.0	9.627690122875196e-05
329	0.0	0.00010868633502950694
330	0.0	0.000120574985533173
331	0.0	0.00013176975987751606
332	0.0	0.00014211671394366305
333	0.0	0.000151481634437648
334	0.0	0.00015975223207872005
335	0.0	0.00016684162895086495
336	0.0	0.00017269278072063994
337	0.0	0.0001772829672325309
338	0.0	0.000180628633622989
339	0.0	0.000182789503303278
340	0.0	0.00018385984312403194
341	0.0	0.00018394201425108705
342	0.0	0.00018313803878032304
343	0.0	0.000181547651740066
344	0.0	0.00017926679363823898
345	0.0	0.00017638647651718005
346	0.0	0.00017299197664080506
347	0.0	0.000169162277989896
348	0.0	0.00016496971331591008
349	0.0	0.00016047977257149196
350	0.0	0.00015575101074303903
351	0.0	0.00015083502705271498
352	0.0	0.00014577649087856796
353	0.0	0.00014061320096314005
354	0.0	0.00013537615858275705
355	0.0	0.00013008964841881995
356	0.0	0.00012477135109917401
357	0.0	0.00011943246817376304
358	0.0	0.00011407787807411307
359	0.0	0.00010870725084598004
360	0.0	0.00010331911208162202
361	0.0	9.791261087456699e-05
362	0.0	9.248754122129709e-05
363	0.0	8.704430837938105e-05
364	0.0	8.158389298242995e-05
365	0.0	7.6107824533152e-05
366	0.0	7.061812388607701e-05
367	0.0	6.511727188949904e-05
368	0.0	5.9608179391104025e-05
369	0.0	5.409416766112096e-05
370	0.0	4.8578930337429024e-05
371	0.0	4.306647635258999e-05
372	0.0	3.7561169956142016e-05
373	0.0	3.206767534402906e-05
374	0.0	2.6590938699968072e-05
375	0.0	2.1136181828482008e-05
376	0.0	1.5708912721267075e-05
377	0.0	1.0314902803729977e-05
378	0.0	4.960182946879901e-06
379	0.0	-3.4894557134101164e-07
380	0.0	-5.606139367580966e-06
381	0.0	-1.0805269745790065e-05
382	0.0	-1.5940408024214987e-05
383	0.0	-2.1005824605355942e-05
384	0.0	-2.5995961995770056e-05
385	0.0	-3.090539871998706e-05
386	0.0	-3.572885292389195e-05
387	0.0	-4.0461147148463e-05
388	0.0	-4.5097189932401965e-05
389	0.0	-4.963197096161803e-05
390	0.0	-5.4060525301373994e-05
391	0.0	-5.8377931143031034e-05
392	0.0	-6.257928694447003e-05
393	0.0	-6.665968954884299e-05
394	0.0	-7.061422858179497e-05
395	0.0	-7.443795721341596e-05
396	0.0	-7.812588260642302e-05
397	0.0	-8.1672946047378e-05
398	0.0	-8.507400031674997e-05
399	0.0	-8.832379720496097e-05
400	0.0	-9.141696103331899e-05
401	0.0	-9.434797812984301e-05
402	0.0	-9.711131615585398e-05
403	0.0	-9.970161192746302e-05
404	0.0	-0.0001021137080923039
405	0.0	-0.00010434266112295
406	0.0	-0.00010638375482400705
407	0.0	-0.00010823251859287501
408	0.0	-0.00010988474714050396
409	0.0	-0.00011133652581057202
410	0.0	-0.00011258425965202199
411	0.0	-0.00011362470616401506
412	0.0	-0.00011445501308165096
413	0.0	-0.000115072760434317
414	0.0	-0.00011547600715396805
415	0.0	-0.00011566334253141199
416	0.0	-0.00011563394231083502
417	0.0	-0.00011538762938046799
418	0.0	-0.00011492493891328704
419	0.0	-0.00011424718759708201
420	0.0	-0.00011335654648827402
421	0.0	-0.000112256116813732
422	0.0	-0.00011095000099679093
423	0.0	-0.00010944311495547708
424	0.0	-0.00010774062732978496
425	0.0	-0.00010584776256751798
426	0.0	-0.000103769728245993
427	0.0	-0.00010151164442085108
428	0.0	-9.907847414886801e-05
429	0.0	-9.647495487155903e-05
430	0.0	-9.370552956658104e-05
431	0.0	-9.0774276347118e-05
432	0.0	-8.768483455450296e-05
433	0.0	-8.444032479866688e-05
434	0.0	-8.104325933338099e-05
435	0.0	-7.749543798990304e-05
436	0.0	-7.379782323954306e-05
437	0.0	-6.995038511851091e-05
438	0.0	-6.595190281473407e-05
439	0.0	-6.179970349081201e-05
440	0.0	-5.748930902779801e-05
441	0.0	-5.301404037779192e-05
442	0.0	-4.836592115133303e-05
443	0.0	-4.353720349041003e-05
444	0.0	-3.852030696333995e-05
445	0.0	-3.3307404466150024e-05
446	0.0	-2.7889817085660108e-05
447	0.0	-2.2257007536310037e-05
448	0.0	-1.6398556538849878e-05
449	0.0	-1.1328896472870015e-05
450	0.0	-6.9575307933399805e-06
451	0.0	-3.1935246475299234e-06
452	0.0	-1.24011044488892e-15
512	0.0	1.8194824469499205e-06
511	0.0	1.7299529864178709e-15
513	0.0	6.7783750922500476e-06
514	0.0	1.4214502189909906e-05
515	0.0	2.3570003890560067e-05
516	0.0	3.437360598261205e-05
517	0.0	4.622378652350504e-05
518	0.0	5.8775534521841996e-05
519	0.0	7.172817926329503e-05
520	0.0	8.481568288595505e-05
521	0.0	9.780073552934901e-05
522	0.0	0.0001104700570315701
523	0.0	0.00012263066922174007
524	0.0	0.00013410823515299503
525	0.0	0.00014474765151606796
526	0.0	0.000154413597309826
527	0.0	0.00016299270635814107
528	0.0	0.00017039704688289001
529	0.0	0.00017656855144671402
530	0.0	0.00018148350558032692
531	0.0	0.000185157401188858
532	0.0	0.00018764906878484503
533	0.0	0.00018905195782108696
534	0.0	0.00018946768939980094
535	0.0	0.00018899761944983398
536	0.0	0.00018774089059718903
537	0.0	0.00018579292191466998
538	0.0	0.00018324427029284794
539	0.0	0.000180179816854437
540	0.0	0.000176678204748515
541	0.0	0.00017281147478168297
542	0.0	0.00016864486688016695
543	0.0	0.00016423672261425002
544	0.0	0.00015963845956813195
545	0.0	0.00015489459305832796
546	0.0	0.00015004279154955395
547	0.0	0.00014511394681303
548	0.0	0.00014013225306249398
549	0.0	0.000135115316793037
550	0.0	0.000130074280270372
551	0.0	0.00012501397606259792
552	0.0	0.00011993402606428098
553	0.0	0.00011483284329268908
554	0.0	0.00010970937562944502
555	0.0	0.00010456313015069297
556	0.0	9.939414374962195e-05
557	0.0	9.420295167971696e-05
558	0.0	8.8990564993149e-05
559	0.0	8.375841836412608e-05
560	0.0	7.850834255046404e-05
561	0.0	7.324253793280198e-05
562	0.0	6.796355776204303e-05
563	0.0	6.267427344444003e-05
564	0.0	5.737782107463401e-05
565	0.0	5.2077640763377995e-05
566	0.0	4.6777424130332976e-05
567	0.0	4.148109713534697e-05
568	0.0	3.619281363650506e-05
569	0.0	3.0916965010664016e-05
570	0.0	2.565815704220402e-05
571	0.0	2.0421204364159994e-05
572	0.0	1.5211141751080058e-05
573	0.0	1.0033037937401054e-05
574	0.0	4.8917892733250055e-06
575	0.0	-2.0786443499700574e-07
576	0.0	-5.26134378331009e-06
577	0.0	-1.0264207463128987e-05
578	0.0	-1.5212120625760048e-05
579	0.0	-2.0100862761800913e-05
580	0.0	-2.4926296508045965e-05
581	0.0	-2.9684353038611022e-05
582	0.0	-3.4371031340722064e-05
583	0.0	-3.8982365653160976e-05
584	0.0	-4.3514427282370974e-05
585	0.0	-4.7963305196304035e-05
586	0.0	-5.232508735634003e-05
587	0.0	-5.659585939959695e-05
588	0.0	-6.0771678200394e-05
589	0.0	-6.484856654123705e-05
590	0.0	-6.882249692786492e-05
591	0.0	-7.268937231506996e-05
592	0.0	-7.644501849038898e-05
593	0.0	-8.008516100521603e-05
594	0.0	-8.3605417681312e-05
595	0.0	-8.7001389683923e-05
596	0.0	-9.026880353132797e-05
597	0.0	-9.340353945072404e-05
598	0.0	-9.640163538293396e-05
599	0.0	-9.925929600703505e-05
600	0.0	-0.00010197290615698894
601	0.0	-0.00010453904391756301
602	0.0	-0.00010695449899009591
603	0.0	-0.00010921629378940999
604	0.0	-0.00011132170681023399
605	0.0	-0.00011326830037293695
606	0.0	-0.0001150539514733561
607	0.0	-0.00011667688591060596
608	0.0	-0.00011813571632833997
609	0.0	-0.00011942948381549201
610	0.0	-0.00012055770293130505
611	0.0	-0.00012152041026896698
612	0.0	-0.000122318216240731
613	0.0	-0.00012295235969444704
614	0.0	-0.00012342476496699797
615	0.0	-0.00012373808602975794
616	0.0	-0.00012389520489982102
617	0.0	-0.0001238979940765331
618	0.0	-0.000123746914108014
619	0.0	-0.00012344087605752302
620	0.0	-0.000122977095724516
621	0.0	-0.00012235093280786894
622	0.0	-0.00012155570826476701
623	0.0	-0.00012058249132931105
624	0.0	-0.000119419845424934
625	0.0	-0.00011805351910081595
626	0.0	-0.00011646606391581
627	0.0	-0.00011463635510559997
628	0.0	-0.000112538982326523
629	0.0	-0.00011014346508905705
630	0.0	-0.00010741322868146092
631	0.0	-0.0001043042474659961
632	0.0	-0.00010076321735734298
633	0.0	-9.672504639877e-05
634	0.0	-9.210999247491502e-05
635	0.0	-8.682967543482609e-05
636	0.0	-8.07976411989781e-05
637	0.0	-7.392923344049689e-05
638	0.0	-6.613904726055983e-05
639	0.0	-5.733699989630015e-05
640	0.0	-4.742171821630996e-05
641	0.0	-3.627562277169999e-05
642	0.0	-2.592386381970995e-05
643	0.0	-1.6436824562880096e-05
644	0.0	-7.796130017910085e-06
645	0.0	-3.4900467932308388e-15
1687	0.0	2.7300210703185e-15
1686	0.0	-1.437851098339991e-06
1685	0.0	-5.359451198200032e-06
1684	0.0	-1.1245176580949954e-05
1683	0.0	-1.8657207314979902e-05
1682	0.0	-2.722565429140282e-05
1681	0.0	-3.663536409053889e-05
1680	0.0	-4.661553817083197e-05
1679	0.0	-5.693016844464404e-05
1678	0.0	-6.737039281956201e-05
1677	0.0	-7.774984619480206e-05
1676	0.0	-8.790094678863601e-05
1675	0.0	-9.767192742506103e-05
1674	0.0	-0.00010692548733229898
1673	0.0	-0.0001155392270295551
1672	0.0	-0.00012340602085737296
1671	0.0	-0.00013043566568535594
1670	0.0	-0.00013655756146651102
1669	0.0	-0.00014172415115957008
1668	0.0	-0.00014591439927433
1667	0.0	-0.00014913757852476307
1666	0.0	-0.00015143651122218602
1665	0.0	-0.00015288087046416298
1664	0.0	-0.00015354673700249003
1663	0.0	-0.000153510072615313
1662	0.0	-0.0001528452136779799
1661	0.0	-0.00015162369881884007
1660	0.0	-0.00014991338106657
1659	0.0	-0.0001477777896756289
1658	0.0	-0.00014527568740208994
1657	0.0	-0.00014246078109639293
1656	0.0	-0.00013938156169169993
1655	0.0	-0.00013608122490795297
1654	0.0	-0.00013259765014200298
1653	0.0	-0.00012896341865169996
1652	0.0	-0.000125205860619312
1651	0.0	-0.00012134711669223503
1650	0.0	-0.00011740420878195298
1649	0.0	-0.00011338913772258093
1648	0.0	-0.00010930899379994307
1647	0.0	-0.00010516609396980206
1646	0.0	-0.00010095890197385103
1645	0.0	-9.668534817669006e-05
1644	0.0	-9.234425953620802e-05
1643	0.0	-8.793535624841806e-05
1642	0.0	-8.345920135497396e-05
1641	0.0	-7.891714706851195e-05
1640	0.0	-7.431128834854196e-05
1639	0.0	-6.964439047692e-05
1638	0.0	-6.491983856224404e-05
1637	0.0	-6.014158937658301e-05
1636	0.0	-5.5314133772436046e-05
1635	0.0	-5.0442444700309064e-05
1634	0.0	-4.5531909336636936e-05
1633	0.0	-4.058834908165902e-05
1632	0.0	-3.561795727516706e-05
1631	0.0	-3.062727126594599e-05
1630	0.0	-2.5623156750144015e-05
1629	0.0	-2.0612809594208986e-05
1628	0.0	-1.560372878173699e-05
1627	0.0	-1.0603707765025061e-05
1626	0.0	-5.620837415559006e-06
1625	0.0	-6.632348319770285e-07
1624	0.0	4.261262871074929e-06
1623	0.0	9.145086385079979e-06
1622	0.0	1.3980927162415011e-05
1621	0.0	1.876170617555299e-05
1620	0.0	2.3480534053673015e-05
1619	0.0	2.813070952040501e-05
1618	0.0	3.27056808621831e-05
1617	0.0	3.7199023653015006e-05
1616	0.0	4.160443183407196e-05
1615	0.0	4.5915678972913046e-05
1614	0.0	5.012661214460199e-05
1613	0.0	5.4231125925103965e-05
1612	0.0	5.822313735784205e-05
1611	0.0	6.209657689608904e-05
1610	0.0	6.584535626925794e-05
1609	0.0	6.946335561534801e-05
1608	0.0	7.294440050760996e-05
1607	0.0	7.628223622450599e-05
1606	0.0	7.947051191479007e-05
1605	0.0	8.250275093853502e-05
1604	0.0	8.5372339313766e-05
1603	0.0	8.807268527098906e-05
1602	0.0	9.059746689694395e-05
1601	0.0	9.294067751935704e-05
1600	0.0	9.509663484549998e-05
1599	0.0	9.705999648512503e-05
1598	0.0	9.882578106854695e-05
1597	0.0	0.00010038939177196404
1596	0.0	0.00010174664624828199
1595	0.0	0.00010289381113667601
1594	0.0	0.00010382764110887597
1593	0.0	0.000104545423704443
1592	0.0	0.00010504502920332293
1591	0.0	0.00010532496577905597
1590	0.0	0.000105384440129157
1589	0.0	0.00010522342331703398
1588	0.0	0.00010484272168474198
1587	0.0	0.00010424405254703809
1586	0.0	0.00010343012414770606
1585	0.0	0.00010240471921928499
1584	0.0	0.00010117278122604898
1583	0.0	9.974049347468805e-05
1582	0.0	9.811503180672497e-05
1581	0.0	9.630385884062498e-05
1580	0.0	9.4314493359492e-05
1579	0.0	9.21544405183399e-05
1578	0.0	8.983112720227602e-05
1577	0.0	8.735184158195197e-05
1576	0.0	8.4723676861477e-05
1575	0.0	8.195347859796004e-05
1574	0.0	7.904779481579408e-05
1573	0.0	7.60128277645279e-05
1572	0.0	7.285438588013895e-05
1571	0.0	6.957783391176085e-05
1570	0.0	6.61880385670969e-05
1569	0.0	6.268930644441107e-05
1568	0.0	5.908530934683391e-05
1567	0.0	5.537899038358409e-05
1566	0.0	5.157244114760602e-05
1565	0.0	4.76667355592431e-05
1564	0.0	4.366174550126897e-05
1563	0.0	3.955661018673995e-05
1562	0.0	3.5350512629630116e-05
1561	0.0	3.104266445018997e-05
1560	0.0	2.663212841654992e-05
1559	0.0	2.211757408334997e-05
1558	0.0	1.7496875224029844e-05
1557	0.0	1.2769457763060028e-05
1556	0.0	8.743833197709903e-06
1555	0.0	5.323787811430027e-06
1554	0.0	2.4213228940900017e-06
1553	0.0	9.49977943531799e-16
1494	0.0	2.7300210703185e-15
1493	0.0	-1.7976323490899709e-06
1492	0.0	-6.694922992529859e-06
1491	0.0	-1.4034949588619984e-05
1490	0.0	-2.3264268852349942e-05
1489	0.0	-3.39153023990841e-05
1488	0.0	-4.558962888506703e-05
1487	0.0	-5.794484070465204e-05
1486	0.0	-7.068247858886512e-05
1485	0.0	-8.353841751512802e-05
1484	0.0	-9.627701693561694e-05
1483	0.0	-0.00010868647293176892
1482	0.0	-0.00012057514733328494
1481	0.0	-0.000131769947240075
1480	0.0	-0.000142116928493139
1479	0.0	-0.00015148187775210404
1478	0.0	-0.000159752505674365
1477	0.0	-0.00016684193428734599
1476	0.0	-0.00017269311916135897
1475	0.0	-0.000177283340029992
1474	0.0	-0.000180629041934688
1473	0.0	-0.00018278994811702395
1472	0.0	-0.00018386032527913294
1471	0.0	-0.0001839425344287031
1470	0.0	-0.00018313859750585296
1469	0.0	-0.00018154824938911506
1468	0.0	-0.000179267430433134
1467	0.0	-0.00017638715254241096
1466	0.0	-0.00017299269186046005
1465	0.0	-0.000169163032176966
1464	0.0	-0.00016497050616959708
1463	0.0	-0.00016048060364518902
1462	0.0	-0.00015575187946606408
1461	0.0	-0.00015083593273270194
1460	0.0	-0.00014577743270395203
1459	0.0	-0.00014061417802999402
1458	0.0	-0.00013537716979615002
1457	0.0	-0.000130090692645899
1456	0.0	-0.00012477242707029307
1455	0.0	-0.00011943357450982703
1454	0.0	-0.00011407901329419507
1453	0.0	-0.00010870841336404905
1452	0.0	-0.00010332030022419995
1451	0.0	-9.791382289345101e-05
1450	0.0	-9.248877530749209e-05
1449	0.0	-8.704556267639203e-05
1448	0.0	-8.158516559888195e-05
1447	0.0	-7.610911355459594e-05
1446	0.0	-7.061942738607592e-05
1445	0.0	-6.511858793983405e-05
1444	0.0	-5.960950607115294e-05
1443	0.0	-5.4095503066411e-05
1442	0.0	-4.858027258721907e-05
1441	0.0	-4.306782359720794e-05
1440	0.0	-3.756252038796502e-05
1439	0.0	-3.2069027184553024e-05
1438	0.0	-2.6592290230486e-05
1437	0.0	-2.1137531380719006e-05
1436	0.0	-1.5710258682809057e-05
1435	0.0	-1.0316243622298022e-05
1434	0.0	-4.961517133938911e-06
1433	0.0	3.4761943769497355e-07
1432	0.0	5.6048226417279405e-06
1431	0.0	1.0803963731985042e-05
1430	0.0	1.5939113914499006e-05
1429	0.0	2.1004543576540907e-05
1428	0.0	2.5994695147054064e-05
1427	0.0	3.090414708999199e-05
1426	0.0	3.572761749179396e-05
1425	0.0	4.0459928834784e-05
1424	0.0	4.5095989599826984e-05
1423	0.0	4.9630789415814995e-05
1422	0.0	5.4059363290616955e-05
1421	0.0	5.837678935972999e-05
1420	0.0	6.257816602477898e-05
1419	0.0	6.665859007275101e-05
1418	0.0	7.061315107310191e-05
1417	0.0	7.4436902139501e-05
1416	0.0	7.812485037787407e-05
1415	0.0	8.167193701745198e-05
1414	0.0	8.507301478089002e-05
1413	0.0	8.832283539907994e-05
1412	0.0	9.141602313387002e-05
1411	0.0	9.434706425209892e-05
1410	0.0	9.711042635393596e-05
1409	0.0	9.970074619808204e-05
1408	0.0	0.000102112866377479
1407	0.0	0.00010434184331314
1406	0.0	0.00010638296076119708
1405	0.0	0.000108231748074997
1404	0.0	0.00010988399992034094
1403	0.0	0.00011133580160485601
1402	0.0	0.00011258355814068003
1401	0.0	0.00011362402699497298
1400	0.0	0.00011445435587446396
1399	0.0	0.00011507212478312104
1398	0.0	0.00011547539263245408
1397	0.0	0.0001156627486966639
1396	0.0	0.00011563336870770301
1395	0.0	0.00011538707554590005
1394	0.0	0.00011492440438439899
1393	0.0	0.00011424667191203993
1392	0.0	0.00011335604919531601
1391	0.0	0.0001122556374766199
1390	0.0	0.00011094953920140992
1389	0.0	0.00010944267032095007
1388	0.0	0.00010774019948619497
1387	0.0	0.00010584735119193204
1386	0.0	0.00010376933304246001
1385	0.0	0.00010151126511284702
1384	0.0	9.907811051197192e-05
1383	0.0	9.64746066708e-05
1382	0.0	9.370519663392998e-05
1381	0.0	9.077395853283703e-05
1380	0.0	8.768453173820597e-05
1379	0.0	8.444003688741388e-05
1378	0.0	8.1042986274864e-05
1377	0.0	7.749517975316896e-05
1376	0.0	7.379757983053711e-05
1375	0.0	6.995015657595689e-05
1374	0.0	6.595168921334305e-05
1373	0.0	6.179950496435199e-05
1372	0.0	5.748912569037497e-05
1371	0.0	5.30138724882381e-05
1370	0.0	4.8365768888294046e-05
1369	0.0	4.353706718919015e-05
1368	0.0	3.852018697206002e-05
1367	0.0	3.330730117504996e-05
1366	0.0	2.7889730933349996e-05
1365	0.0	2.225693902002993e-05
1364	0.0	1.6398506205820033e-05
1363	0.0	1.1328861772549924e-05
1362	0.0	6.957509513289993e-06
1361	0.0	3.1935148893499823e-06
1360	0.0	8.701806636368659e-16
