0	-0.292794312358335	0.706940657811576
1	-0.292497619453735	0.706442227347862
2	-0.292007249064118	0.705618083327882
3	-0.291319509929855	0.704461508577721
4	-0.290434723156769	0.70297232071425
5	-0.289357279613276	0.701156996500679
6	-0.288091646998714	0.699021980877466
7	-0.286630560921097	0.696553741188462
8	-0.284986489694782	0.693771900698309
9	-0.283152335811233	0.690662857624641
10	-0.281140718088095	0.687246271648397
11	-0.278944663248209	0.683508440152147
12	-0.276572931190661	0.679462276331888
13	-0.274026526156292	0.675107413594186
14	-0.271310352417027	0.670450066668473
15	-0.268429353028951	0.665496483594336
16	-0.265388479450555	0.660252908931802
17	-0.262184955599058	0.654712197051552
18	-0.258831477797017	0.648893926150052
19	-0.255325323471472	0.642790977811062
20	-0.251675298283657	0.636416246275274
21	-0.247886352253506	0.629775976699417
22	-0.243959584538862	0.622869664418176
23	-0.239903769061927	0.615710315575783
24	-0.235727571350266	0.608310882457372
25	-0.231424528686387	0.600657500344831
26	-0.227010828704005	0.592776547429085
27	-0.222491287206939	0.584674324461823
28	-0.217863249895186	0.57634368474556
29	-0.213139021406577	0.567804368719547
30	-0.208323373080307	0.559062646174096
31	-0.203424801322949	0.55013158882412
32	-0.198444402902076	0.541010791753673
33	-0.193386971699003	0.531706515414157
34	-0.188264619305595	0.522238530828682
35	-0.183082166467304	0.512613235457188
36	-0.1778407691669	0.502830101097534
37	-0.172552525709178	0.492908953654913
38	-0.167222279476812	0.482856082454994
39	-0.161854922235699	0.472677756784943
40	-0.156458965608081	0.462387042057137
41	-0.151042869648721	0.451996926289589
42	-0.145611618919822	0.44151368970872
43	-0.140170240227336	0.430943545665444
44	-0.13472729784823	0.420299488384267
45	-0.129287875446184	0.409587658286463
46	-0.123864064299441	0.398827982943689
47	-0.11845752746312	0.38801972411756
48	-0.113080290274438	0.377182737936602
49	-0.107734154394922	0.366316327507404
50	-0.102431082699459	0.355440350140791
51	-0.0971762595189217	0.344560953939552
52	-0.0919749089500174	0.333684270532437
53	-0.086838806012852	0.322830259733543
54	-0.0817698205678049	0.31199814702134
55	-0.0767763693594866	0.301201037109465
56	-0.0718667263161062	0.290452044488816
57	-0.0670490388945054	0.279764385416503
58	-0.0623250858154502	0.269137298432646
59	-0.0577028890638306	0.258584051764884
60	-0.053193269112261	0.248125000613829
61	-0.0487977570268013	0.237759510791155
62	-0.0445209114769642	0.227493989555411
63	-0.040372961816681	0.21734906164537
64	-0.0363579963303872	0.207331279781063
65	-0.032477252704913	0.197440180675045
66	-0.0287401844605339	0.187696661047685
67	-0.0251503819474455	0.178107529249355
68	-0.0217112952007341	0.16867965174919
69	-0.0184287569734132	0.159427178896407
70	-0.0153032576951697	0.150349895204812
71	-0.0123401925824582	0.14146213225554
72	-0.00954220437070588	0.132771103257417
73	-0.006913994480999	0.12429141482912
74	-0.00445761225111638	0.116030488937993
75	-0.00217286406572514	0.107988430472575
76	-6.16992550232509e-005	0.100172702825535
77	0.0018703660288	0.0926058768351204
78	0.00362585606735685	0.0852807149169428
79	0.00520170597837157	0.0782125139081589
80	0.00659702999340214	0.0714091900891905
81	0.00781253334354642	0.0648710355754945
82	0.00884615594906296	0.0586137695813319
83	0.00969879253808916	0.0526377596285122
84	0.0103700897925118	0.0469511456314959
85	0.0108600078175416	0.0415621911563244
86	0.0111692770996603	0.0364712049521877
87	0.0112979627339158	0.0316864940733415
88	0.011246649626812	0.0272165855154191
89	0.0110153430043429	0.0230531982678597
90	0.0106060523235935	0.0192220157474295
91	0.0100173304031892	0.0157058721590138
92	0.00925182868112312	0.012522433660511
93	0.00831039771402743	0.00967205140752947
94	0.00719317688002403	0.00715478428886177
95	0.00589883609347851	0.0049700805937334
96	0.00443451011560138	0.00312918055028054
97	0.00278684934311138	0.00161826999649156
98	0.000954931381891853	0.000445251155343204
99	0	0
100	-0.000990078566977894	-0.000360398344429245
101	-0.00311488975696924	-0.000826310380349421
102	-0.0053483369606425	-0.000923007387321655
103	-0.00768548469367917	-0.000656729311934065
104	-0.0101455406387204	-2.71476615581571e-005
105	-0.012715511716195	0.000962834560302999
106	-0.0153967285571044	0.00231266695950769
107	-0.0181890509655689	0.00402240645060643
108	-0.0210916292027143	0.0060924061634497
109	-0.0240900965587082	0.00851204908777492
110	-0.0271976143954443	0.0112924499619485
111	-0.0303946008940319	0.0144168687685424
112	-0.0336869079178577	0.0178911647616149
113	-0.0370680923791311	0.021709722036086
114	-0.0405322342743064	0.0258667126467094
115	-0.0440785987527928	0.0303624348067841
116	-0.0477013708008817	0.0351910170828494
117	-0.0513950444634936	0.0403464538525583
118	-0.0551587271951315	0.0458291179070801
119	-0.0589827605291515	0.0516264373870612
120	-0.0628664392350414	0.0577387044093726
121	-0.0668047919901053	0.0641596949855744
122	-0.0707891694960997	0.0708764254193419
123	-0.074822904561379	0.0778957983923207
124	-0.0788939377017808	0.08519795340311
125	-0.0829983698863399	0.0927762346515414
126	-0.0871359900409446	0.100630704876933
127	-0.0913029991427966	0.108754666855205
128	-0.0954923931595095	0.117134467740509
129	-0.0997009402783506	0.125763138327829
130	-0.103922321535256	0.13462672966482
131	-0.10815703608813	0.14372504733707
132	-0.112399202508295	0.153043961157486
133	-0.116646405012068	0.162576176255974
134	-0.120896368129703	0.172314339640847
135	-0.125141000296814	0.182236990451135
136	-0.129381504283845	0.19234358110378
137	-0.133616137471677	0.202626587272367
138	-0.137837549213194	0.213064191818715
139	-0.142044432358553	0.223648640660732
140	-0.146238317973813	0.23437929961009
141	-0.150412463988151	0.245234124136841
142	-0.154563160747742	0.256198059787335
143	-0.158692204431548	0.2672703872495
144	-0.162796010856525	0.278436000096329
145	-0.166871157227972	0.289679774431633
146	-0.1709143286512	0.300986492286345
147	-0.17492739498659	0.312355379138936
148	-0.178904568710807	0.323763995072942
149	-0.18284520810179	0.335204310377885
150	-0.186748631669881	0.346668311813078
151	-0.190609257205896	0.358133499109424
152	-0.194428851454973	0.369599091077897
153	-0.198201877211478	0.381042544117875
154	-0.201930032446328	0.392463204285175
155	-0.205607776063314	0.403838430833907
156	-0.209234360821972	0.415160287137486
157	-0.212806654276358	0.426413529033331
158	-0.216323817412484	0.437590208530298
159	-0.219784934057395	0.448682360219963
160	-0.223186802457571	0.459674818024623
161	-0.226526202597129	0.47055232467678
162	-0.229802160421437	0.48130698812013
163	-0.233013653494399	0.491930936341109
164	-0.236155217577371	0.502401595514351
165	-0.239228043568924	0.512718521731916
166	-0.242231016563552	0.522873782524699
167	-0.245158720525481	0.532844833479449
168	-0.248010118433059	0.542623858002539
169	-0.250786272136883	0.552210366880993
170	-0.253483946405401	0.561589109149853
171	-0.256102081673668	0.570752277551569
172	-0.258635420036075	0.579677212794835
173	-0.261087138097346	0.588370845231436
174	-0.263456185840772	0.59682531426959
175	-0.265735357454245	0.605010521326045
176	-0.267929886942599	0.612940840068363
177	-0.270036743110488	0.62060098439459
178	-0.272052933325013	0.627975553472055
179	-0.273979591660407	0.63506412693106
180	-0.275815802316658	0.641858788586271
181	-0.277558674231507	0.648344194289883
182	-0.279211315735547	0.654527302672095
183	-0.280768860609068	0.660385292201645
184	-0.282234398588058	0.665925178588442
185	-0.283607015311653	0.671139045051868
186	-0.284885788017169	0.676018978292283
187	-0.286069790071216	0.680557115988429
188	-0.287159990800006	0.684753007255501
189	-0.288153453379129	0.688591326900996
190	-0.289054936170724	0.692086694990185
191	-0.28985946053261	0.695216287177832
192	-0.290571625680918	0.697994740072901
193	-0.291186372301783	0.700399361502262
194	-0.291708132727301	0.70244485719968
195	-0.292135508836869	0.704123510763554
196	-0.292467025680133	0.705427637617867
197	-0.292703039277543	0.70635713967086
198	-0.292845689273614	0.706919376796475
199	-0.292893218813452	0.707106781186547
