1857	1.3088924830306e-06	-2.48515622796895e-05
1856	2.30896540140931e-07	-7.40534816723138e-10
1858	4.27549742081735e-06	-4.95464340763839e-05
1859	8.92250012510322e-06	-7.39816124447396e-05
1860	1.50773865972552e-05	-9.80841683184663e-05
1861	2.26684360639727e-05	-0.000121776040928884
1862	3.15496703217241e-05	-0.000145014645199487
1863	4.15776189663561e-05	-0.000167782736269722
1864	5.26901187780551e-05	-0.000190044666689918
1865	6.48991273073705e-05	-0.000211725657956232
1866	7.80559888756215e-05	-0.000232844921489453
1867	9.21194717953774e-05	-0.000253374250379071
1868	0.000107108820850178	-0.000273240137129617
1869	0.000122951028858903	-0.000292433430643978
1870	0.000139590383146215	-0.000310941827482246
1871	0.000156997632304575	-0.00032873384596492
1872	0.000175184873100961	-0.000345730862567035
1873	0.000194073778029079	-0.000361946127414543
1874	0.000213619083677215	-0.000377366828529318
1875	0.000233780089309697	-0.0003919778934171
1876	0.000254511488393305	-0.000405773497088625
1877	0.000275781543134722	-0.00041872849543688
1878	0.000297518090310364	-0.000430889025359528
1879	0.000319667051488357	-0.000442286687751586
1880	0.00034218241105699	-0.00045294918273099
1881	0.000365021822798978	-0.000462906732744218
1882	0.000388146850883187	-0.00047219093957993
1883	0.00041152313069478	-0.000480833435102721
1884	0.000435127173939428	-0.000488843515128029
1885	0.00045892254027606	-0.000496276923796148
1886	0.00048288586205225	-0.000503162386676374
1887	0.000506996672567946	-0.00050952675751745
1888	0.000531237096656048	-0.000515394766900849
1889	0.000555591545594682	-0.000520788854828891
1890	0.000580046425359524	-0.000525729071082245
1891	0.000604592760229521	-0.000530216265419397
1892	0.000629216750012036	-0.000534281538609517
1893	0.000653909063990805	-0.00053793878377724
1894	0.000678661651257099	-0.000541198020194439
1895	0.00070346725669448	-0.000544067034346918
1896	0.000728319250013757	-0.000546551520651749
1897	0.000753212318701652	-0.000548644012491532
1898	0.000778139752119747	-0.000550351454138294
1899	0.000803094962878732	-0.000551687408807247
1900	0.000828072357129435	-0.000552658024024226
1901	0.000853066611757561	-0.000553270209693009
1902	0.000878072729617112	-0.000553522679532522
1903	0.000903085532411792	-0.000553417390423601
1904	0.000928100422338887	-0.000552977591970572
1905	0.000953113425822916	-0.000552212173960708
1906	0.00097812079706485	-0.000551127659793082
1907	0.00100311780152996	-0.000549712191338351
1908	0.00102810239122291	-0.000547998811795775
1909	0.00105307199857041	-0.000545996806957304
1910	0.00107802322202683	-0.000543703790311936
1911	0.00110295316653256	-0.000541124611253956
1912	0.0011278615545447	-0.000538284428508458
1913	0.00115274650374367	-0.000535188371863814
1914	0.00117760371697569	-0.000531824007161607
1915	0.00120243520724124	-0.000528224652089551
1916	0.0012272397862054	-0.000524395594369329
1917	0.00125201288089522	-0.000520321782999914
1918	0.0012767579311925	-0.000516036610787124
1919	0.00130147341054551	-0.000511540552585267
1920	0.001326156153819	-0.000506826324964266
1921	0.00135080988425843	-0.000501921806561361
1922	0.00137543182041027	-0.00049681995013587
1923	0.00140002188930596	-0.000491527637783037
1924	0.00142458299809977	-0.0004860639026927
1925	0.00144911046883253	-0.000480413224357819
1926	0.00147360860929708	-0.000474599519793938
1927	0.00149807711464122	-0.000468625331989564
1928	0.00152251369990839	-0.000462485532104103
1929	0.00154692314826705	-0.000456202610724418
1930	0.00157130197392305	-0.000449766080293883
1931	0.00159565329602146	-0.00044319082627903
1932	0.00161997846570343	-0.000436484078460936
1933	0.00164427477044665	-0.000429638436485527
1934	0.00166854757984912	-0.000422674987768911
1935	0.00169279450905632	-0.000415587073399608
1936	0.0017170180536837	-0.000408384935614911
1937	0.00174122067889698	-0.000401078041274254
1938	0.00176539964106487	-0.000393658573722888
1939	0.00178956045109974	-0.000386145558159398
1940	0.0018137023764429	-0.000378537360991246
1941	0.00183782658021651	-0.000370838450674694
1942	0.00186193639293957	-0.000363059768491756
1943	0.00188603052982074	-0.000355197773882556
1944	0.00191011233497349	-0.000347263106194733
1945	0.00193418375775288	-0.000339261839259269
1946	0.00195824373354854	-0.000331190946338127
1947	0.00198229629694669	-0.000323062552873518
1948	0.00200634278238646	-0.000314880540377177
1949	0.00203038302261571	-0.000306644359146331
1950	0.00205442051138733	-0.000298364085219929
1951	0.00207845671685643	-0.000290043758347159
1952	0.00210249237058228	-0.000281685254099242
1953	0.00212653012759803	-0.000273295930436414
1954	0.00215057181559061	-0.000264880694091333
1955	0.00217461901397892	-0.000256443703487712
1956	0.00219867362549627	-0.000247990007871452
1957	0.00222273784024032	-0.000239525445740328
1958	0.00224681352477187	-0.00023105491972766
1959	0.00227090268179536	-0.000222583715493727
1960	0.00229500756189837	-0.000214117831519439
1961	0.00231913007779137	-0.000205662325221487
1962	0.00234327219058985	-0.000197222420812655
1963	0.00236743583932606	-0.000188803318904162
1964	0.00239162329471177	-0.000180411229058714
1965	0.00241583652186058	-0.000172051557947264
1966	0.00244007704321348	-0.000163728501033298
1967	0.00246434665016313	-0.000155447107745841
1968	0.00248864711392474	-0.000147212460970297
1969	0.00251298019299866	-0.000139029710643449
1970	0.00253734764316971	-0.000130904116573978
1971	0.0025617515413605	-0.000122842048536287
1972	0.00258619357251768	-0.000114848862224088
1973	0.00261067525697333	-0.000106929561777305
1974	0.0026351984567523	-9.90903785939652e-05
1975	0.00265976512600338	-9.13380572084075e-05
1976	0.00268437734339889	-8.36800027538058e-05
1977	0.0027090373516671	-7.61244670086979e-05
1978	0.00273374771774142	-6.86811595680576e-05
1979	0.00275851231277183	-6.13647287201742e-05
1980	0.00278333307716872	-5.41840073548042e-05
1981	0.00280821229116851	-4.71495411890525e-05
1982	0.0028331522895067	-4.02727952419891e-05
1983	0.00285815707299269	-3.35723620079079e-05
1984	0.00288322629564661	-2.70517580987268e-05
1985	0.00290836314097009	-2.07286723238229e-05
1986	0.00293355461165294	-1.46269143920724e-05
1987	0.00295459076635759	-9.72414322924707e-06
1988	0.0029721533300324	-5.78022403152682e-06
1989	0.00298681329277251	-2.60463427733743e-06
1990	0.0029990385445118	-7.40534772079166e-10
2123	1.3088924830306e-06	2.48515622796895e-05
2122	4.27549742081735e-06	4.95464340763839e-05
2121	8.92250012510322e-06	7.39816124447396e-05
2120	1.50773865972552e-05	9.80841683184663e-05
2119	2.26684360639727e-05	0.000121776040928884
2118	3.15496703217241e-05	0.000145014645199487
2117	4.15776189663561e-05	0.000167782736269722
2116	5.26901187780551e-05	0.000190044666689918
2115	6.48991273073705e-05	0.000211725657956232
2114	7.80559888756215e-05	0.000232844921489453
2113	9.21194717953774e-05	0.000253374250379071
2112	0.000107108820850178	0.000273240137129617
2111	0.000122951028858903	0.000292433430643978
2110	0.000139590383146215	0.000310941827482246
2109	0.000156997632304575	0.00032873384596492
2108	0.000175184873100961	0.000345730862567035
2107	0.000194073778029079	0.000361946127414543
2106	0.000213619083677215	0.000377366828529318
2105	0.000233780089309697	0.0003919778934171
2104	0.000254511488393305	0.000405773497088625
2103	0.000275781543134722	0.00041872849543688
2102	0.000297518090310364	0.000430889025359528
2101	0.000319667051488357	0.000442286687751586
2100	0.00034218241105699	0.00045294918273099
2099	0.000365021822798978	0.000462906732744218
2098	0.000388146850883187	0.00047219093957993
2097	0.00041152313069478	0.000480833435102721
2096	0.000435127173939428	0.000488843515128029
2095	0.00045892254027606	0.000496276923796148
2094	0.00048288586205225	0.000503162386676374
2093	0.000506996672567946	0.00050952675751745
2092	0.000531237096656048	0.000515394766900849
2091	0.000555591545594682	0.000520788854828891
2090	0.000580046425359524	0.000525729071082245
2089	0.000604592760229521	0.000530216265419397
2088	0.000629216750012036	0.000534281538609517
2087	0.000653909063990805	0.00053793878377724
2086	0.000678661651257099	0.000541198020194439
2085	0.00070346725669448	0.000544067034346918
2084	0.000728319250013757	0.000546551520651749
2083	0.000753212318701652	0.000548644012491532
2082	0.000778139752119747	0.000550351454138294
2081	0.000803094962878732	0.000551687408807247
2080	0.000828072357129435	0.000552658024024226
2079	0.000853066611757561	0.000553270209693009
2078	0.000878072729617112	0.000553522679532522
2077	0.000903085532411792	0.000553417390423601
2076	0.000928100422338887	0.000552977591970572
2075	0.000953113425822916	0.000552212173960708
2074	0.00097812079706485	0.000551127659793082
2073	0.00100311780152996	0.000549712191338351
2072	0.00102810239122291	0.000547998811795775
2071	0.00105307199857041	0.000545996806957304
2070	0.00107802322202683	0.000543703790311936
2069	0.00110295316653256	0.000541124611253956
2068	0.0011278615545447	0.000538284428508458
2067	0.00115274650374367	0.000535188371863814
2066	0.00117760371697569	0.000531824007161607
2065	0.00120243520724124	0.000528224652089551
2064	0.0012272397862054	0.000524395594369329
2063	0.00125201288089522	0.000520321782999914
2062	0.0012767579311925	0.000516036610787124
2061	0.00130147341054551	0.000511540552585267
2060	0.001326156153819	0.000506826324964266
2059	0.00135080988425843	0.000501921806561361
2058	0.00137543182041027	0.00049681995013587
2057	0.00140002188930596	0.000491527637783037
2056	0.00142458299809977	0.0004860639026927
2055	0.00144911046883253	0.000480413224357819
2054	0.00147360860929708	0.000474599519793938
2053	0.00149807711464122	0.000468625331989564
2052	0.00152251369990839	0.000462485532104103
2051	0.00154692314826705	0.000456202610724418
2050	0.00157130197392305	0.000449766080293883
2049	0.00159565329602146	0.00044319082627903
2048	0.00161997846570343	0.000436484078460936
2047	0.00164427477044665	0.000429638436485527
2046	0.00166854757984912	0.000422674987768911
2045	0.00169279450905632	0.000415587073399608
2044	0.0017170180536837	0.000408384935614911
2043	0.00174122067889698	0.000401078041274254
2042	0.00176539964106487	0.000393658573722888
2041	0.00178956045109974	0.000386145558159398
2040	0.0018137023764429	0.000378537360991246
2039	0.00183782658021651	0.000370838450674694
2038	0.00186193639293957	0.000363059768491756
2037	0.00188603052982074	0.000355197773882556
2036	0.00191011233497349	0.000347263106194733
2035	0.00193418375775288	0.000339261839259269
2034	0.00195824373354854	0.000331190946338127
2033	0.00198229629694669	0.000323062552873518
2032	0.00200634278238646	0.000314880540377177
2031	0.00203038302261571	0.000306644359146331
2030	0.00205442051138733	0.000298364085219929
2029	0.00207845671685643	0.000290043758347159
2028	0.00210249237058228	0.000281685254099242
2027	0.00212653012759803	0.000273295930436414
2026	0.00215057181559061	0.000264880694091333
2025	0.00217461901397892	0.000256443703487712
2024	0.00219867362549627	0.000247990007871452
2023	0.00222273784024032	0.000239525445740328
2022	0.00224681352477187	0.00023105491972766
2021	0.00227090268179536	0.000222583715493727
2020	0.00229500756189837	0.000214117831519439
2019	0.00231913007779137	0.000205662325221487
2018	0.00234327219058985	0.000197222420812655
2017	0.00236743583932606	0.000188803318904162
2016	0.00239162329471177	0.000180411229058714
2015	0.00241583652186058	0.000172051557947264
2014	0.00244007704321348	0.000163728501033298
2013	0.00246434665016313	0.000155447107745841
2012	0.00248864711392474	0.000147212460970297
2011	0.00251298019299866	0.000139029710643449
2010	0.00253734764316971	0.000130904116573978
2009	0.0025617515413605	0.000122842048536287
2008	0.00258619357251768	0.000114848862224088
2007	0.00261067525697333	0.000106929561777305
2006	0.0026351984567523	9.90903785939652e-05
2005	0.00265976512600338	9.13380572084075e-05
2004	0.00268437734339889	8.36800027538058e-05
2003	0.0027090373516671	7.61244670086979e-05
2002	0.00273374771774142	6.86811595680576e-05
2001	0.00275851231277183	6.13647287201742e-05
2000	0.00278333307716872	5.41840073548042e-05
1999	0.00280821229116851	4.71495411890525e-05
1998	0.0028331522895067	4.02727952419891e-05
1997	0.00285815707299269	3.35723620079079e-05
1996	0.00288322629564661	2.70517580987268e-05
1995	0.00290836314097009	2.07286723238229e-05
1994	0.00293355461165294	1.46269143920724e-05
1993	0.00295459076635759	9.72414322924707e-06
1992	0.0029721533300324	5.78022403152682e-06
1991	0.00298681329277251	2.60463427733743e-06
1301	0.0120002308965401	-0.00110000074053482
1300	0.012001308892483	-0.00107514843772031
1299	0.0120042754974208	-0.00105045356592362
1298	0.0120089225001251	-0.00102601838755526
1297	0.0120150773865972	-0.00100191583168154
1296	0.012022668436064	-0.000978223959071118
1295	0.0120315496703217	-0.000954985354800515
1294	0.0120415776189664	-0.000932217263730281
1293	0.012052690118778	-0.000909955333310086
1292	0.0120648991273074	-0.000888274342043772
1291	0.0120780559888756	-0.000867155078510551
1290	0.0120921194717954	-0.000846625749620934
1289	0.0121071088208502	-0.000826759862870387
1288	0.0121229510288589	-0.000807566569356026
1287	0.0121395903831462	-0.000789058172517759
1286	0.0121569976323046	-0.000771266154035085
1285	0.0121751848731009	-0.00075426913743297
1284	0.0121940737780291	-0.000738053872585463
1283	0.0122136190836772	-0.000722633171470687
1282	0.0122337800893097	-0.000708022106582905
1281	0.0122545114883933	-0.000694226502911379
1280	0.0122757815431347	-0.000681271504563125
1279	0.0122975180903104	-0.000669110974640477
1278	0.0123196670514883	-0.000657713312248419
1277	0.012342182411057	-0.000647050817269015
1276	0.012365021822799	-0.000637093267255787
1275	0.0123881468508832	-0.000627809060420074
1274	0.0124115231306948	-0.000619166564897283
1273	0.0124351271739394	-0.000611156484871976
1272	0.0124589225402761	-0.000603723076203856
1271	0.0124828858620522	-0.000596837613323629
1270	0.0125069966725679	-0.000590473242482554
1269	0.012531237096656	-0.000584605233099154
1268	0.0125555915455947	-0.000579211145171112
1267	0.0125800464253595	-0.000574270928917758
1266	0.0126045927602295	-0.000569783734580606
1265	0.012629216750012	-0.000565718461390486
1264	0.0126539090639908	-0.000562061216222763
1263	0.0126786616512571	-0.000558801979805563
1262	0.0127034672566945	-0.000555932965653084
1261	0.0127283192500137	-0.000553448479348253
1260	0.0127532123187016	-0.00055135598750847
1259	0.0127781397521197	-0.000549648545861708
1258	0.0128030949628787	-0.000548312591192754
1257	0.0128280723571294	-0.000547341975975775
1256	0.0128530666117575	-0.000546729790306991
1255	0.0128780727296171	-0.000546477320467478
1254	0.0129030855324118	-0.000546582609576399
1253	0.0129281004223389	-0.000547022408029427
1252	0.0129531134258229	-0.000547787826039291
1251	0.0129781207970648	-0.000548872340206917
1250	0.0130031178015299	-0.000550287808661648
1249	0.0130281023912229	-0.000552001188204224
1248	0.0130530719985704	-0.000554003193042694
1247	0.0130780232220268	-0.000556296209688062
1246	0.0131029531665325	-0.000558875388746042
1245	0.0131278615545447	-0.000561715571491539
1244	0.0131527465037437	-0.000564811628136183
1243	0.0131776037169757	-0.00056817599283839
1242	0.0132024352072412	-0.000571775347910445
1241	0.0132272397862054	-0.000575604405630668
1240	0.0132520128808952	-0.000579678217000082
1239	0.0132767579311925	-0.000583963389212872
1238	0.0133014734105455	-0.000588459447414729
1237	0.013326156153819	-0.00059317367503573
1236	0.0133508098842584	-0.000598078193438635
1235	0.0133754318204102	-0.000603180049864125
1234	0.0134000218893059	-0.000608472362216958
1233	0.0134245829980997	-0.000613936097307295
1232	0.0134491104688325	-0.000619586775642176
1231	0.0134736086092971	-0.000625400480206057
1230	0.0134980771146412	-0.00063137466801043
1229	0.0135225136999084	-0.000637514467895892
1228	0.013546923148267	-0.000643797389275576
1227	0.013571301973923	-0.000650233919706111
1226	0.0135956532960214	-0.000656809173720964
1225	0.0136199784657034	-0.000663515921539058
1224	0.0136442747704466	-0.000670361563514467
1223	0.0136685475798491	-0.000677325012231083
1222	0.0136927945090563	-0.000684412926600386
1221	0.0137170180536837	-0.000691615064385083
1220	0.013741220678897	-0.00069892195872574
1219	0.0137653996410648	-0.000706341426277106
1218	0.0137895604510997	-0.000713854441840596
1217	0.0138137023764429	-0.000721462639008747
1216	0.0138378265802165	-0.000729161549325299
1215	0.0138619363929396	-0.000736940231508237
1214	0.0138860305298207	-0.000744802226117438
1213	0.0139101123349735	-0.00075273689380526
1212	0.0139341837577529	-0.000760738160740724
1211	0.0139582437335485	-0.000768809053661866
1210	0.0139822962969467	-0.000776937447126475
1209	0.0140063427823864	-0.000785119459622816
1208	0.0140303830226157	-0.000793355640853662
1207	0.0140544205113873	-0.000801635914780064
1206	0.0140784567168564	-0.000809956241652834
1205	0.0141024923705823	-0.000818314745900752
1204	0.014126530127598	-0.000826704069563579
1203	0.0141505718155906	-0.00083511930590866
1202	0.0141746190139789	-0.000843556296512282
1201	0.0141986736254963	-0.000852009992128541
1200	0.0142227378402403	-0.000860474554259666
1199	0.0142468135247718	-0.000868945080272334
1198	0.0142709026817953	-0.000877416284506267
1197	0.0142950075618983	-0.000885882168480555
1196	0.0143191300777914	-0.000894337674778507
1195	0.0143432721905898	-0.000902777579187339
1194	0.014367435839326	-0.000911196681095832
1193	0.0143916232947118	-0.00091958877094128
1192	0.0144158365218606	-0.000927948442052732
1191	0.0144400770432135	-0.000936271498966698
1190	0.0144643466501631	-0.000944552892254154
1189	0.0144886471139247	-0.000952787539029698
1188	0.0145129801929987	-0.000960970289356547
1187	0.0145373476431697	-0.000969095883426018
1186	0.0145617515413605	-0.000977157951463709
1185	0.0145861935725177	-0.000985151137775908
1184	0.0146106752569733	-0.000993070438222691
1183	0.0146351984567523	-0.00100090962140603
1182	0.0146597651260034	-0.00100866194279159
1181	0.0146843773433989	-0.00101631999724619
1180	0.0147090373516671	-0.0010238755329913
1179	0.0147337477177414	-0.00103131884043194
1178	0.0147585123127718	-0.00103863527127982
1177	0.0147833330771687	-0.00104581599264519
1176	0.0148082122911685	-0.00105285045881095
1175	0.0148331522895067	-0.00105972720475801
1174	0.0148581570729927	-0.00106642763799209
1173	0.0148832262956466	-0.00107294824190127
1172	0.0149083631409701	-0.00107927132767618
1171	0.0149335546116529	-0.00108537308560793
1170	0.0149545907663576	-0.00109027585677075
1169	0.0149721533300324	-0.00109421977596847
1168	0.0149868132927725	-0.00109739536572266
1167	0.0149990385445118	-0.00110000074053477
2125	0.00480130889248303	-2.48515622796895e-05
2124	0.00480023089654014	-7.40534816723138e-10
2126	0.00480427549742082	-4.95464340763835e-05
2127	0.0048089225001251	-7.39816124447389e-05
2128	0.00481507738659726	-9.80841683184654e-05
2129	0.00482266843606397	-0.000121776040928883
2130	0.00483154967032172	-0.000145014645199486
2131	0.00484157761896636	-0.000167782736269721
2132	0.00485269011877805	-0.000190044666689916
2133	0.00486489912730737	-0.00021172565795623
2134	0.00487805598887562	-0.000232844921489451
2135	0.00489211947179538	-0.000253374250379069
2136	0.00490710882085018	-0.000273240137129615
2137	0.0049229510288589	-0.000292433430643976
2138	0.00493959038314621	-0.000310941827482244
2139	0.00495699763230457	-0.000328733845964918
2140	0.00497518487310096	-0.000345730862567033
2141	0.00499407377802908	-0.00036194612741454
2142	0.00501361908367721	-0.000377366828529316
2143	0.00503378008930969	-0.000391977893417098
2144	0.0050545114883933	-0.000405773497088623
2145	0.00507578154313472	-0.000418728495436878
2146	0.00509751809031036	-0.000430889025359526
2147	0.00511966705148835	-0.000442286687751584
2148	0.00514218241105699	-0.000452949182730988
2149	0.00516502182279897	-0.000462906732744216
2150	0.00518814685088318	-0.000472190939579928
2151	0.00521152313069478	-0.000480833435102719
2152	0.00523512717393942	-0.000488843515128027
2153	0.00525892254027605	-0.000496276923796147
2154	0.00528288586205224	-0.000503162386676373
2155	0.00530699667256794	-0.000509526757517448
2156	0.00533123709665604	-0.000515394766900848
2157	0.00535559154559468	-0.00052078885482889
2158	0.00538004642535952	-0.000525729071082244
2159	0.00540459276022951	-0.000530216265419396
2160	0.00542921675001203	-0.000534281538609516
2161	0.0054539090639908	-0.000537938783777239
2162	0.00547866165125709	-0.000541198020194438
2163	0.00550346725669447	-0.000544067034346917
2164	0.00552831925001375	-0.000546551520651748
2165	0.00555321231870164	-0.000548644012491531
2166	0.00557813975211974	-0.000550351454138293
2167	0.00560309496287872	-0.000551687408807247
2168	0.00562807235712943	-0.000552658024024226
2169	0.00565306661175755	-0.000553270209693009
2170	0.0056780727296171	-0.000553522679532522
2171	0.00570308553241178	-0.000553417390423601
2172	0.00572810042233888	-0.000552977591970572
2173	0.00575311342582291	-0.000552212173960709
2174	0.00577812079706484	-0.000551127659793082
2175	0.00580311780152995	-0.000549712191338352
2176	0.0058281023912229	-0.000547998811795775
2177	0.0058530719985704	-0.000545996806957304
2178	0.00587802322202682	-0.000543703790311937
2179	0.00590295316653255	-0.000541124611253957
2180	0.00592786155454469	-0.00053828442850846
2181	0.00595274650374366	-0.000535188371863815
2182	0.00597760371697568	-0.000531824007161608
2183	0.00600243520724123	-0.000528224652089553
2184	0.00602723978620539	-0.000524395594369331
2185	0.00605201288089521	-0.000520321782999915
2186	0.00607675793119248	-0.000516036610787126
2187	0.0061014734105455	-0.000511540552585269
2188	0.00612615615381899	-0.000506826324964268
2189	0.00615080988425841	-0.000501921806561363
2190	0.00617543182041026	-0.000496819950135873
2191	0.00620002188930595	-0.000491527637783039
2192	0.00622458299809976	-0.000486063902692702
2193	0.00624911046883252	-0.000480413224357821
2194	0.00627360860929707	-0.00047459951979394
2195	0.00629807711464121	-0.000468625331989567
2196	0.00632251369990838	-0.000462485532104105
2197	0.00634692314826703	-0.000456202610724421
2198	0.00637130197392304	-0.000449766080293886
2199	0.00639565329602145	-0.000443190826279033
2200	0.00641997846570342	-0.000436484078460938
2201	0.00644427477044663	-0.00042963843648553
2202	0.00646854757984911	-0.000422674987768913
2203	0.00649279450905631	-0.00041558707339961
2204	0.00651701805368369	-0.000408384935614914
2205	0.00654122067889697	-0.000401078041274257
2206	0.00656539964106486	-0.000393658573722891
2207	0.00658956045109973	-0.0003861455581594
2208	0.0066137023764429	-0.000378537360991249
2209	0.0066378265802165	-0.000370838450674697
2210	0.00666193639293956	-0.000363059768491759
2211	0.00668603052982073	-0.000355197773882559
2212	0.00671011233497349	-0.000347263106194736
2213	0.00673418375775287	-0.000339261839259273
2214	0.00675824373354853	-0.00033119094633813
2215	0.00678229629694669	-0.000323062552873521
2216	0.00680634278238645	-0.000314880540377181
2217	0.0068303830226157	-0.000306644359146335
2218	0.00685442051138732	-0.000298364085219932
2219	0.00687845671685642	-0.000290043758347162
2220	0.00690249237058227	-0.000281685254099245
2221	0.00692653012759802	-0.000273295930436417
2222	0.0069505718155906	-0.000264880694091336
2223	0.00697461901397891	-0.000256443703487715
2224	0.00699867362549627	-0.000247990007871455
2225	0.00702273784024031	-0.00023952544574033
2226	0.00704681352477186	-0.000231054919727662
2227	0.00707090268179535	-0.00022258371549373
2228	0.00709500756189836	-0.000214117831519442
2229	0.00711913007779136	-0.00020566232522149
2230	0.00714327219058984	-0.000197222420812657
2231	0.00716743583932605	-0.000188803318904164
2232	0.00719162329471176	-0.000180411229058716
2233	0.00721583652186058	-0.000172051557947266
2234	0.00724007704321347	-0.0001637285010333
2235	0.00726434665016312	-0.000155447107745843
2236	0.00728864711392474	-0.000147212460970299
2237	0.00731298019299866	-0.000139029710643451
2238	0.0073373476431697	-0.00013090411657398
2239	0.00736175154136049	-0.000122842048536289
2240	0.00738619357251767	-0.00011484886222409
2241	0.00741067525697333	-0.000106929561777307
2242	0.0074351984567523	-9.90903785939667e-05
2243	0.00745976512600337	-9.13380572084087e-05
2244	0.00748437734339888	-8.36800027538069e-05
2245	0.0075090373516671	-7.61244670086989e-05
2246	0.00753374771774142	-6.86811595680582e-05
2247	0.00755851231277183	-6.13647287201748e-05
2248	0.00758333307716872	-5.4184007354805e-05
2249	0.00760821229116851	-4.71495411890529e-05
2250	0.0076331522895067	-4.02727952419896e-05
2251	0.00765815707299269	-3.35723620079082e-05
2252	0.00768322629564661	-2.70517580987268e-05
2253	0.00770836314097008	-2.0728672323823e-05
2254	0.00773355461165294	-1.46269143920724e-05
2255	0.00775459076635759	-9.72414322924715e-06
2256	0.0077721533300324	-5.78022403152689e-06
2257	0.00778681329277251	-2.60463427733743e-06
2258	0.0077990385445118	-7.40534772079166e-10
2391	0.00480130889248303	2.48515622796895e-05
2390	0.00480427549742082	4.95464340763835e-05
2389	0.0048089225001251	7.39816124447389e-05
2388	0.00481507738659726	9.80841683184654e-05
2387	0.00482266843606397	0.000121776040928883
2386	0.00483154967032172	0.000145014645199486
2385	0.00484157761896636	0.000167782736269721
2384	0.00485269011877805	0.000190044666689916
2383	0.00486489912730737	0.00021172565795623
2382	0.00487805598887562	0.000232844921489451
2381	0.00489211947179538	0.000253374250379069
2380	0.00490710882085018	0.000273240137129615
2379	0.0049229510288589	0.000292433430643976
2378	0.00493959038314621	0.000310941827482244
2377	0.00495699763230457	0.000328733845964918
2376	0.00497518487310096	0.000345730862567033
2375	0.00499407377802908	0.00036194612741454
2374	0.00501361908367721	0.000377366828529316
2373	0.00503378008930969	0.000391977893417098
2372	0.0050545114883933	0.000405773497088623
2371	0.00507578154313472	0.000418728495436878
2370	0.00509751809031036	0.000430889025359526
2369	0.00511966705148835	0.000442286687751584
2368	0.00514218241105699	0.000452949182730988
2367	0.00516502182279897	0.000462906732744216
2366	0.00518814685088318	0.000472190939579928
2365	0.00521152313069478	0.000480833435102719
2364	0.00523512717393942	0.000488843515128027
2363	0.00525892254027605	0.000496276923796147
2362	0.00528288586205224	0.000503162386676373
2361	0.00530699667256794	0.000509526757517448
2360	0.00533123709665604	0.000515394766900848
2359	0.00535559154559468	0.00052078885482889
2358	0.00538004642535952	0.000525729071082244
2357	0.00540459276022951	0.000530216265419396
2356	0.00542921675001203	0.000534281538609516
2355	0.0054539090639908	0.000537938783777239
2354	0.00547866165125709	0.000541198020194438
2353	0.00550346725669447	0.000544067034346917
2352	0.00552831925001375	0.000546551520651748
2351	0.00555321231870164	0.000548644012491531
2350	0.00557813975211974	0.000550351454138293
2349	0.00560309496287872	0.000551687408807247
2348	0.00562807235712943	0.000552658024024226
2347	0.00565306661175755	0.000553270209693009
2346	0.0056780727296171	0.000553522679532522
2345	0.00570308553241178	0.000553417390423601
2344	0.00572810042233888	0.000552977591970572
2343	0.00575311342582291	0.000552212173960709
2342	0.00577812079706484	0.000551127659793082
2341	0.00580311780152995	0.000549712191338352
2340	0.0058281023912229	0.000547998811795775
2339	0.0058530719985704	0.000545996806957304
2338	0.00587802322202682	0.000543703790311937
2337	0.00590295316653255	0.000541124611253957
2336	0.00592786155454469	0.00053828442850846
2335	0.00595274650374366	0.000535188371863815
2334	0.00597760371697568	0.000531824007161608
2333	0.00600243520724123	0.000528224652089553
2332	0.00602723978620539	0.000524395594369331
2331	0.00605201288089521	0.000520321782999915
2330	0.00607675793119248	0.000516036610787126
2329	0.0061014734105455	0.000511540552585269
2328	0.00612615615381899	0.000506826324964268
2327	0.00615080988425841	0.000501921806561363
2326	0.00617543182041026	0.000496819950135873
2325	0.00620002188930595	0.000491527637783039
2324	0.00622458299809976	0.000486063902692702
2323	0.00624911046883252	0.000480413224357821
2322	0.00627360860929707	0.00047459951979394
2321	0.00629807711464121	0.000468625331989567
2320	0.00632251369990838	0.000462485532104105
2319	0.00634692314826703	0.000456202610724421
2318	0.00637130197392304	0.000449766080293886
2317	0.00639565329602145	0.000443190826279033
2316	0.00641997846570342	0.000436484078460938
2315	0.00644427477044663	0.00042963843648553
2314	0.00646854757984911	0.000422674987768913
2313	0.00649279450905631	0.00041558707339961
2312	0.00651701805368369	0.000408384935614914
2311	0.00654122067889697	0.000401078041274257
2310	0.00656539964106486	0.000393658573722891
2309	0.00658956045109973	0.0003861455581594
2308	0.0066137023764429	0.000378537360991249
2307	0.0066378265802165	0.000370838450674697
2306	0.00666193639293956	0.000363059768491759
2305	0.00668603052982073	0.000355197773882559
2304	0.00671011233497349	0.000347263106194736
2303	0.00673418375775287	0.000339261839259273
2302	0.00675824373354853	0.00033119094633813
2301	0.00678229629694669	0.000323062552873521
2300	0.00680634278238645	0.000314880540377181
2299	0.0068303830226157	0.000306644359146335
2298	0.00685442051138732	0.000298364085219932
2297	0.00687845671685642	0.000290043758347162
2296	0.00690249237058227	0.000281685254099245
2295	0.00692653012759802	0.000273295930436417
2294	0.0069505718155906	0.000264880694091336
2293	0.00697461901397891	0.000256443703487715
2292	0.00699867362549627	0.000247990007871455
2291	0.00702273784024031	0.00023952544574033
2290	0.00704681352477186	0.000231054919727662
2289	0.00707090268179535	0.00022258371549373
2288	0.00709500756189836	0.000214117831519442
2287	0.00711913007779136	0.00020566232522149
2286	0.00714327219058984	0.000197222420812657
2285	0.00716743583932605	0.000188803318904164
2284	0.00719162329471176	0.000180411229058716
2283	0.00721583652186058	0.000172051557947266
2282	0.00724007704321347	0.0001637285010333
2281	0.00726434665016312	0.000155447107745843
2280	0.00728864711392474	0.000147212460970299
2279	0.00731298019299866	0.000139029710643451
2278	0.0073373476431697	0.00013090411657398
2277	0.00736175154136049	0.000122842048536289
2276	0.00738619357251767	0.00011484886222409
2275	0.00741067525697333	0.000106929561777307
2274	0.0074351984567523	9.90903785939667e-05
2273	0.00745976512600337	9.13380572084087e-05
2272	0.00748437734339888	8.36800027538069e-05
2271	0.0075090373516671	7.61244670086989e-05
2270	0.00753374771774142	6.86811595680582e-05
2269	0.00755851231277183	6.13647287201748e-05
2268	0.00758333307716872	5.4184007354805e-05
2267	0.00760821229116851	4.71495411890529e-05
2266	0.0076331522895067	4.02727952419896e-05
2265	0.00765815707299269	3.35723620079082e-05
2264	0.00768322629564661	2.70517580987268e-05
2263	0.00770836314097008	2.0728672323823e-05
2262	0.00773355461165294	1.46269143920724e-05
2261	0.00775459076635759	9.72414322924715e-06
2260	0.0077721533300324	5.78022403152689e-06
2259	0.00778681329277251	2.60463427733743e-06
2393	0.00960130889248303	-2.48515622796895e-05
2392	0.00960023089654014	-7.40534816723138e-10
2394	0.00960427549742082	-4.95464340763839e-05
2395	0.0096089225001251	-7.3981612444739e-05
2396	0.00961507738659725	-9.80841683184657e-05
2397	0.00962266843606397	-0.000121776040928884
2398	0.00963154967032172	-0.000145014645199486
2399	0.00964157761896636	-0.000167782736269721
2400	0.00965269011877805	-0.000190044666689917
2401	0.00966489912730737	-0.000211725657956231
2402	0.00967805598887562	-0.000232844921489452
2403	0.00969211947179538	-0.000253374250379069
2404	0.00970710882085018	-0.000273240137129615
2405	0.0097229510288589	-0.000292433430643977
2406	0.00973959038314621	-0.000310941827482245
2407	0.00975699763230457	-0.000328733845964919
2408	0.00977518487310096	-0.000345730862567034
2409	0.00979407377802908	-0.000361946127414542
2410	0.00981361908367721	-0.000377366828529317
2411	0.00983378008930969	-0.000391977893417099
2412	0.0098545114883933	-0.000405773497088624
2413	0.00987578154313472	-0.000418728495436878
2414	0.00989751809031036	-0.000430889025359526
2415	0.00991966705148836	-0.000442286687751585
2416	0.00994218241105699	-0.000452949182730989
2417	0.00996502182279898	-0.000462906732744217
2418	0.00998814685088318	-0.000472190939579929
2419	0.0100115231306948	-0.00048083343510272
2420	0.0100351271739394	-0.000488843515128027
2421	0.0100589225402761	-0.000496276923796147
2422	0.0100828858620523	-0.000503162386676373
2423	0.0101069966725679	-0.000509526757517449
2424	0.010131237096656	-0.000515394766900849
2425	0.0101555915455947	-0.00052078885482889
2426	0.0101800464253595	-0.000525729071082244
2427	0.0102045927602295	-0.000530216265419396
2428	0.010229216750012	-0.000534281538609517
2429	0.0102539090639908	-0.000537938783777239
2430	0.0102786616512571	-0.000541198020194438
2431	0.0103034672566945	-0.000544067034346918
2432	0.0103283192500138	-0.000546551520651748
2433	0.0103532123187017	-0.000548644012491531
2434	0.0103781397521197	-0.000550351454138293
2435	0.0104030949628787	-0.000551687408807247
2436	0.0104280723571294	-0.000552658024024226
2437	0.0104530666117575	-0.000553270209693009
2438	0.0104780727296171	-0.000553522679532522
2439	0.0105030855324118	-0.000553417390423601
2440	0.0105281004223389	-0.000552977591970572
2441	0.0105531134258229	-0.000552212173960709
2442	0.0105781207970648	-0.000551127659793082
2443	0.01060311780153	-0.000549712191338351
2444	0.0106281023912229	-0.000547998811795775
2445	0.0106530719985704	-0.000545996806957304
2446	0.0106780232220268	-0.000543703790311937
2447	0.0107029531665326	-0.000541124611253956
2448	0.0107278615545447	-0.000538284428508459
2449	0.0107527465037437	-0.000535188371863815
2450	0.0107776037169757	-0.000531824007161608
2451	0.0108024352072412	-0.000528224652089552
2452	0.0108272397862054	-0.00052439559436933
2453	0.0108520128808952	-0.000520321782999914
2454	0.0108767579311925	-0.000516036610787125
2455	0.0109014734105455	-0.000511540552585268
2456	0.010926156153819	-0.000506826324964267
2457	0.0109508098842584	-0.000501921806561362
2458	0.0109754318204103	-0.000496819950135872
2459	0.011000021889306	-0.000491527637783038
2460	0.0110245829980998	-0.000486063902692701
2461	0.0110491104688325	-0.00048041322435782
2462	0.0110736086092971	-0.000474599519793939
2463	0.0110980771146412	-0.000468625331989566
2464	0.0111225136999084	-0.000462485532104104
2465	0.011146923148267	-0.00045620261072442
2466	0.011171301973923	-0.000449766080293885
2467	0.0111956532960215	-0.000443190826279032
2468	0.0112199784657034	-0.000436484078460938
2469	0.0112442747704466	-0.000429638436485528
2470	0.0112685475798491	-0.000422674987768912
2471	0.0112927945090563	-0.000415587073399609
2472	0.0113170180536837	-0.000408384935614912
2473	0.011341220678897	-0.000401078041274256
2474	0.0113653996410649	-0.000393658573722889
2475	0.0113895604510997	-0.000386145558159399
2476	0.0114137023764429	-0.000378537360991248
2477	0.0114378265802165	-0.000370838450674695
2478	0.0114619363929396	-0.000363059768491757
2479	0.0114860305298207	-0.000355197773882557
2480	0.0115101123349735	-0.000347263106194735
2481	0.0115341837577529	-0.000339261839259271
2482	0.0115582437335485	-0.000331190946338128
2483	0.0115822962969467	-0.00032306255287352
2484	0.0116063427823864	-0.000314880540377179
2485	0.0116303830226157	-0.000306644359146333
2486	0.0116544205113873	-0.000298364085219931
2487	0.0116784567168564	-0.000290043758347161
2488	0.0117024923705823	-0.000281685254099244
2489	0.011726530127598	-0.000273295930436416
2490	0.0117505718155906	-0.000264880694091335
2491	0.0117746190139789	-0.000256443703487713
2492	0.0117986736254963	-0.000247990007871454
2493	0.0118227378402403	-0.000239525445740329
2494	0.0118468135247719	-0.000231054919727661
2495	0.0118709026817954	-0.000222583715493728
2496	0.0118950075618984	-0.000214117831519441
2497	0.0119191300777914	-0.000205662325221488
2498	0.0119432721905898	-0.000197222420812657
2499	0.0119674358393261	-0.000188803318904163
2500	0.0119916232947118	-0.000180411229058715
2501	0.0120158365218606	-0.000172051557947265
2502	0.0120400770432135	-0.000163728501033299
2503	0.0120643466501631	-0.000155447107745842
2504	0.0120886471139247	-0.000147212460970298
2505	0.0121129801929987	-0.00013902971064345
2506	0.0121373476431697	-0.000130904116573979
2507	0.0121617515413605	-0.000122842048536288
2508	0.0121861935725177	-0.000114848862224089
2509	0.0122106752569733	-0.000106929561777306
2510	0.0122351984567523	-9.90903785939658e-05
2511	0.0122597651260034	-9.13380572084081e-05
2512	0.0122843773433989	-8.36800027538068e-05
2513	0.0123090373516671	-7.61244670086986e-05
2514	0.0123337477177414	-6.86811595680581e-05
2515	0.0123585123127718	-6.13647287201746e-05
2516	0.0123833330771687	-5.41840073548044e-05
2517	0.0124082122911685	-4.71495411890528e-05
2518	0.0124331522895067	-4.02727952419897e-05
2519	0.0124581570729927	-3.35723620079082e-05
2520	0.0124832262956466	-2.70517580987267e-05
2521	0.0125083631409701	-2.07286723238233e-05
2522	0.0125335546116529	-1.46269143920726e-05
2523	0.0125545907663576	-9.72414322924744e-06
2524	0.0125721533300324	-5.78022403152708e-06
2525	0.0125868132927725	-2.60463427733754e-06
2526	0.0125990385445118	-7.40534772079166e-10
2659	0.00960130889248303	2.48515622796895e-05
2658	0.00960427549742082	4.95464340763839e-05
2657	0.0096089225001251	7.3981612444739e-05
2656	0.00961507738659725	9.80841683184657e-05
2655	0.00962266843606397	0.000121776040928884
2654	0.00963154967032172	0.000145014645199486
2653	0.00964157761896636	0.000167782736269721
2652	0.00965269011877805	0.000190044666689917
2651	0.00966489912730737	0.000211725657956231
2650	0.00967805598887562	0.000232844921489452
2649	0.00969211947179538	0.000253374250379069
2648	0.00970710882085018	0.000273240137129615
2647	0.0097229510288589	0.000292433430643977
2646	0.00973959038314621	0.000310941827482245
2645	0.00975699763230457	0.000328733845964919
2644	0.00977518487310096	0.000345730862567034
2643	0.00979407377802908	0.000361946127414542
2642	0.00981361908367721	0.000377366828529317
2641	0.00983378008930969	0.000391977893417099
2640	0.0098545114883933	0.000405773497088624
2639	0.00987578154313472	0.000418728495436878
2638	0.00989751809031036	0.000430889025359526
2637	0.00991966705148836	0.000442286687751585
2636	0.00994218241105699	0.000452949182730989
2635	0.00996502182279898	0.000462906732744217
2634	0.00998814685088318	0.000472190939579929
2633	0.0100115231306948	0.00048083343510272
2632	0.0100351271739394	0.000488843515128027
2631	0.0100589225402761	0.000496276923796147
2630	0.0100828858620523	0.000503162386676373
2629	0.0101069966725679	0.000509526757517449
2628	0.010131237096656	0.000515394766900849
2627	0.0101555915455947	0.00052078885482889
2626	0.0101800464253595	0.000525729071082244
2625	0.0102045927602295	0.000530216265419396
2624	0.010229216750012	0.000534281538609517
2623	0.0102539090639908	0.000537938783777239
2622	0.0102786616512571	0.000541198020194438
2621	0.0103034672566945	0.000544067034346918
2620	0.0103283192500138	0.000546551520651748
2619	0.0103532123187017	0.000548644012491531
2618	0.0103781397521197	0.000550351454138293
2617	0.0104030949628787	0.000551687408807247
2616	0.0104280723571294	0.000552658024024226
2615	0.0104530666117575	0.000553270209693009
2614	0.0104780727296171	0.000553522679532522
2613	0.0105030855324118	0.000553417390423601
2612	0.0105281004223389	0.000552977591970572
2611	0.0105531134258229	0.000552212173960709
2610	0.0105781207970648	0.000551127659793082
2609	0.01060311780153	0.000549712191338351
2608	0.0106281023912229	0.000547998811795775
2607	0.0106530719985704	0.000545996806957304
2606	0.0106780232220268	0.000543703790311937
2605	0.0107029531665326	0.000541124611253956
2604	0.0107278615545447	0.000538284428508459
2603	0.0107527465037437	0.000535188371863815
2602	0.0107776037169757	0.000531824007161608
2601	0.0108024352072412	0.000528224652089552
2600	0.0108272397862054	0.00052439559436933
2599	0.0108520128808952	0.000520321782999914
2598	0.0108767579311925	0.000516036610787125
2597	0.0109014734105455	0.000511540552585268
2596	0.010926156153819	0.000506826324964267
2595	0.0109508098842584	0.000501921806561362
2594	0.0109754318204103	0.000496819950135872
2593	0.011000021889306	0.000491527637783038
2592	0.0110245829980998	0.000486063902692701
2591	0.0110491104688325	0.00048041322435782
2590	0.0110736086092971	0.000474599519793939
2589	0.0110980771146412	0.000468625331989566
2588	0.0111225136999084	0.000462485532104104
2587	0.011146923148267	0.00045620261072442
2586	0.011171301973923	0.000449766080293885
2585	0.0111956532960215	0.000443190826279032
2584	0.0112199784657034	0.000436484078460938
2583	0.0112442747704466	0.000429638436485528
2582	0.0112685475798491	0.000422674987768912
2581	0.0112927945090563	0.000415587073399609
2580	0.0113170180536837	0.000408384935614912
2579	0.011341220678897	0.000401078041274256
2578	0.0113653996410649	0.000393658573722889
2577	0.0113895604510997	0.000386145558159399
2576	0.0114137023764429	0.000378537360991248
2575	0.0114378265802165	0.000370838450674695
2574	0.0114619363929396	0.000363059768491757
2573	0.0114860305298207	0.000355197773882557
2572	0.0115101123349735	0.000347263106194735
2571	0.0115341837577529	0.000339261839259271
2570	0.0115582437335485	0.000331190946338128
2569	0.0115822962969467	0.00032306255287352
2568	0.0116063427823864	0.000314880540377179
2567	0.0116303830226157	0.000306644359146333
2566	0.0116544205113873	0.000298364085219931
2565	0.0116784567168564	0.000290043758347161
2564	0.0117024923705823	0.000281685254099244
2563	0.011726530127598	0.000273295930436416
2562	0.0117505718155906	0.000264880694091335
2561	0.0117746190139789	0.000256443703487713
2560	0.0117986736254963	0.000247990007871454
2559	0.0118227378402403	0.000239525445740329
2558	0.0118468135247719	0.000231054919727661
2557	0.0118709026817954	0.000222583715493728
2556	0.0118950075618984	0.000214117831519441
2555	0.0119191300777914	0.000205662325221488
2554	0.0119432721905898	0.000197222420812657
2553	0.0119674358393261	0.000188803318904163
2552	0.0119916232947118	0.000180411229058715
2551	0.0120158365218606	0.000172051557947265
2550	0.0120400770432135	0.000163728501033299
2549	0.0120643466501631	0.000155447107745842
2548	0.0120886471139247	0.000147212460970298
2547	0.0121129801929987	0.00013902971064345
2546	0.0121373476431697	0.000130904116573979
2545	0.0121617515413605	0.000122842048536288
2544	0.0121861935725177	0.000114848862224089
2543	0.0122106752569733	0.000106929561777306
2542	0.0122351984567523	9.90903785939658e-05
2541	0.0122597651260034	9.13380572084081e-05
2540	0.0122843773433989	8.36800027538068e-05
2539	0.0123090373516671	7.61244670086986e-05
2538	0.0123337477177414	6.86811595680581e-05
2537	0.0123585123127718	6.13647287201746e-05
2536	0.0123833330771687	5.41840073548044e-05
2535	0.0124082122911685	4.71495411890528e-05
2534	0.0124331522895067	4.02727952419897e-05
2533	0.0124581570729927	3.35723620079082e-05
2532	0.0124832262956466	2.70517580987267e-05
2531	0.0125083631409701	2.07286723238233e-05
2530	0.0125335546116529	1.46269143920726e-05
2529	0.0125545907663576	9.72414322924744e-06
2528	0.0125721533300324	5.78022403152708e-06
2527	0.0125868132927725	2.60463427733754e-06
2661	0.014401308892483	-2.48515622796892e-05
2660	0.0144002308965401	-7.40534816723138e-10
2662	0.0144042754974208	-4.95464340763829e-05
2663	0.0144089225001251	-7.3981612444738e-05
2664	0.0144150773865973	-9.80841683184639e-05
2665	0.014422668436064	-0.000121776040928882
2666	0.0144315496703217	-0.000145014645199484
2667	0.0144415776189663	-0.000167782736269718
2668	0.0144526901187781	-0.000190044666689914
2669	0.0144648991273074	-0.000211725657956228
2670	0.0144780559888756	-0.000232844921489449
2671	0.0144921194717954	-0.000253374250379066
2672	0.0145071088208502	-0.000273240137129612
2673	0.0145229510288589	-0.000292433430643973
2674	0.0145395903831462	-0.000310941827482241
2675	0.0145569976323046	-0.000328733845964915
2676	0.014575184873101	-0.00034573086256703
2677	0.0145940737780291	-0.000361946127414537
2678	0.0146136190836772	-0.000377366828529312
2679	0.0146337800893097	-0.000391977893417095
2680	0.0146545114883933	-0.00040577349708862
2681	0.0146757815431347	-0.000418728495436874
2682	0.0146975180903103	-0.000430889025359522
2683	0.0147196670514884	-0.000442286687751581
2684	0.014742182411057	-0.000452949182730985
2685	0.014765021822799	-0.000462906732744213
2686	0.0147881468508832	-0.000472190939579925
2687	0.0148115231306948	-0.000480833435102717
2688	0.0148351271739394	-0.000488843515128024
2689	0.014858922540276	-0.000496276923796144
2690	0.0148828858620522	-0.00050316238667637
2691	0.0149069966725679	-0.000509526757517446
2692	0.014931237096656	-0.000515394766900846
2693	0.0149555915455947	-0.000520788854828887
2694	0.0149800464253595	-0.000525729071082242
2695	0.0150045927602295	-0.000530216265419394
2696	0.015029216750012	-0.000534281538609514
2697	0.0150539090639908	-0.000537938783777237
2698	0.0150786616512571	-0.000541198020194437
2699	0.0151034672566945	-0.000544067034346916
2700	0.0151283192500137	-0.000546551520651747
2701	0.0151532123187016	-0.00054864401249153
2702	0.0151781397521197	-0.000550351454138292
2703	0.0152030949628787	-0.000551687408807246
2704	0.0152280723571294	-0.000552658024024225
2705	0.0152530666117575	-0.000553270209693009
2706	0.0152780727296171	-0.000553522679532522
2707	0.0153030855324118	-0.000553417390423601
2708	0.0153281004223389	-0.000552977591970573
2709	0.0153531134258229	-0.000552212173960709
2710	0.0153781207970648	-0.000551127659793083
2711	0.0154031178015299	-0.000549712191338353
2712	0.0154281023912229	-0.000547998811795776
2713	0.0154530719985704	-0.000545996806957306
2714	0.0154780232220268	-0.000543703790311938
2715	0.0155029531665325	-0.000541124611253958
2716	0.0155278615545447	-0.000538284428508461
2717	0.0155527465037437	-0.000535188371863817
2718	0.0155776037169757	-0.00053182400716161
2719	0.0156024352072412	-0.000528224652089555
2720	0.0156272397862054	-0.000524395594369333
2721	0.0156520128808952	-0.000520321782999918
2722	0.0156767579311925	-0.000516036610787129
2723	0.0157014734105455	-0.000511540552585271
2724	0.015726156153819	-0.000506826324964271
2725	0.0157508098842584	-0.000501921806561366
2726	0.0157754318204102	-0.000496819950135876
2727	0.0158000218893059	-0.000491527637783043
2728	0.0158245829980997	-0.000486063902692706
2729	0.0158491104688325	-0.000480413224357824
2730	0.0158736086092971	-0.000474599519793944
2731	0.0158980771146412	-0.000468625331989571
2732	0.0159225136999084	-0.000462485532104109
2733	0.015946923148267	-0.000456202610724425
2734	0.015971301973923	-0.00044976608029389
2735	0.0159956532960214	-0.000443190826279037
2736	0.0160199784657034	-0.000436484078460943
2737	0.0160442747704466	-0.000429638436485534
2738	0.0160685475798491	-0.000422674987768918
2739	0.0160927945090563	-0.000415587073399615
2740	0.0161170180536837	-0.000408384935614918
2741	0.016141220678897	-0.000401078041274262
2742	0.0161653996410648	-0.000393658573722895
2743	0.0161895604510997	-0.000386145558159405
2744	0.0162137023764429	-0.000378537360991254
2745	0.0162378265802165	-0.000370838450674702
2746	0.0162619363929395	-0.000363059768491763
2747	0.0162860305298207	-0.000355197773882563
2748	0.0163101123349735	-0.000347263106194741
2749	0.0163341837577529	-0.000339261839259278
2750	0.0163582437335485	-0.000331190946338134
2751	0.0163822962969467	-0.000323062552873526
2752	0.0164063427823864	-0.000314880540377185
2753	0.0164303830226157	-0.000306644359146339
2754	0.0164544205113873	-0.000298364085219937
2755	0.0164784567168564	-0.000290043758347167
2756	0.0165024923705822	-0.000281685254099249
2757	0.016526530127598	-0.000273295930436422
2758	0.0165505718155906	-0.000264880694091341
2759	0.0165746190139789	-0.000256443703487718
2760	0.0165986736254962	-0.000247990007871459
2761	0.0166227378402403	-0.000239525445740334
2762	0.0166468135247718	-0.000231054919727667
2763	0.0166709026817953	-0.000222583715493733
2764	0.0166950075618983	-0.000214117831519445
2765	0.0167191300777913	-0.000205662325221493
2766	0.0167432721905898	-0.000197222420812661
2767	0.016767435839326	-0.000188803318904167
2768	0.0167916232947118	-0.00018041122905872
2769	0.0168158365218606	-0.000172051557947268
2770	0.0168400770432135	-0.000163728501033303
2771	0.0168643466501631	-0.000155447107745846
2772	0.0168886471139247	-0.000147212460970302
2773	0.0169129801929986	-0.000139029710643453
2774	0.0169373476431697	-0.000130904116573982
2775	0.0169617515413605	-0.000122842048536291
2776	0.0169861935725177	-0.000114848862224092
2777	0.0170106752569733	-0.000106929561777309
2778	0.0170351984567523	-9.90903785939681e-05
2779	0.0170597651260034	-9.13380572084097e-05
2780	0.0170843773433989	-8.36800027538083e-05
2781	0.0171090373516671	-7.61244670087e-05
2782	0.0171337477177414	-6.86811595680595e-05
2783	0.0171585123127718	-6.13647287201754e-05
2784	0.0171833330771687	-5.41840073548051e-05
2785	0.0172082122911685	-4.71495411890531e-05
2786	0.0172331522895067	-4.02727952419898e-05
2787	0.0172581570729927	-3.3572362007908e-05
2788	0.0172832262956466	-2.70517580987263e-05
2789	0.0173083631409701	-2.07286723238229e-05
2790	0.0173335546116529	-1.46269143920722e-05
2791	0.0173545907663576	-9.72414322924703e-06
2792	0.0173721533300324	-5.7802240315267e-06
2793	0.0173868132927725	-2.60463427733732e-06
2794	0.0173990385445118	-7.40534772079166e-10
2927	0.014401308892483	2.48515622796892e-05
2926	0.0144042754974208	4.95464340763829e-05
2925	0.0144089225001251	7.3981612444738e-05
2924	0.0144150773865973	9.80841683184639e-05
2923	0.014422668436064	0.000121776040928882
2922	0.0144315496703217	0.000145014645199484
2921	0.0144415776189663	0.000167782736269718
2920	0.0144526901187781	0.000190044666689914
2919	0.0144648991273074	0.000211725657956228
2918	0.0144780559888756	0.000232844921489449
2917	0.0144921194717954	0.000253374250379066
2916	0.0145071088208502	0.000273240137129612
2915	0.0145229510288589	0.000292433430643973
2914	0.0145395903831462	0.000310941827482241
2913	0.0145569976323046	0.000328733845964915
2912	0.014575184873101	0.00034573086256703
2911	0.0145940737780291	0.000361946127414537
2910	0.0146136190836772	0.000377366828529312
2909	0.0146337800893097	0.000391977893417095
2908	0.0146545114883933	0.00040577349708862
2907	0.0146757815431347	0.000418728495436874
2906	0.0146975180903103	0.000430889025359522
2905	0.0147196670514884	0.000442286687751581
2904	0.014742182411057	0.000452949182730985
2903	0.014765021822799	0.000462906732744213
2902	0.0147881468508832	0.000472190939579925
2901	0.0148115231306948	0.000480833435102717
2900	0.0148351271739394	0.000488843515128024
2899	0.014858922540276	0.000496276923796144
2898	0.0148828858620522	0.00050316238667637
2897	0.0149069966725679	0.000509526757517446
2896	0.014931237096656	0.000515394766900846
2895	0.0149555915455947	0.000520788854828887
2894	0.0149800464253595	0.000525729071082242
2893	0.0150045927602295	0.000530216265419394
2892	0.015029216750012	0.000534281538609514
2891	0.0150539090639908	0.000537938783777237
2890	0.0150786616512571	0.000541198020194437
2889	0.0151034672566945	0.000544067034346916
2888	0.0151283192500137	0.000546551520651747
2887	0.0151532123187016	0.00054864401249153
2886	0.0151781397521197	0.000550351454138292
2885	0.0152030949628787	0.000551687408807246
2884	0.0152280723571294	0.000552658024024225
2883	0.0152530666117575	0.000553270209693009
2882	0.0152780727296171	0.000553522679532522
2881	0.0153030855324118	0.000553417390423601
2880	0.0153281004223389	0.000552977591970573
2879	0.0153531134258229	0.000552212173960709
2878	0.0153781207970648	0.000551127659793083
2877	0.0154031178015299	0.000549712191338353
2876	0.0154281023912229	0.000547998811795776
2875	0.0154530719985704	0.000545996806957306
2874	0.0154780232220268	0.000543703790311938
2873	0.0155029531665325	0.000541124611253958
2872	0.0155278615545447	0.000538284428508461
2871	0.0155527465037437	0.000535188371863817
2870	0.0155776037169757	0.00053182400716161
2869	0.0156024352072412	0.000528224652089555
2868	0.0156272397862054	0.000524395594369333
2867	0.0156520128808952	0.000520321782999918
2866	0.0156767579311925	0.000516036610787129
2865	0.0157014734105455	0.000511540552585271
2864	0.015726156153819	0.000506826324964271
2863	0.0157508098842584	0.000501921806561366
2862	0.0157754318204102	0.000496819950135876
2861	0.0158000218893059	0.000491527637783043
2860	0.0158245829980997	0.000486063902692706
2859	0.0158491104688325	0.000480413224357824
2858	0.0158736086092971	0.000474599519793944
2857	0.0158980771146412	0.000468625331989571
2856	0.0159225136999084	0.000462485532104109
2855	0.015946923148267	0.000456202610724425
2854	0.015971301973923	0.00044976608029389
2853	0.0159956532960214	0.000443190826279037
2852	0.0160199784657034	0.000436484078460943
2851	0.0160442747704466	0.000429638436485534
2850	0.0160685475798491	0.000422674987768918
2849	0.0160927945090563	0.000415587073399615
2848	0.0161170180536837	0.000408384935614918
2847	0.016141220678897	0.000401078041274262
2846	0.0161653996410648	0.000393658573722895
2845	0.0161895604510997	0.000386145558159405
2844	0.0162137023764429	0.000378537360991254
2843	0.0162378265802165	0.000370838450674702
2842	0.0162619363929395	0.000363059768491763
2841	0.0162860305298207	0.000355197773882563
2840	0.0163101123349735	0.000347263106194741
2839	0.0163341837577529	0.000339261839259278
2838	0.0163582437335485	0.000331190946338134
2837	0.0163822962969467	0.000323062552873526
2836	0.0164063427823864	0.000314880540377185
2835	0.0164303830226157	0.000306644359146339
2834	0.0164544205113873	0.000298364085219937
2833	0.0164784567168564	0.000290043758347167
2832	0.0165024923705822	0.000281685254099249
2831	0.016526530127598	0.000273295930436422
2830	0.0165505718155906	0.000264880694091341
2829	0.0165746190139789	0.000256443703487718
2828	0.0165986736254962	0.000247990007871459
2827	0.0166227378402403	0.000239525445740334
2826	0.0166468135247718	0.000231054919727667
2825	0.0166709026817953	0.000222583715493733
2824	0.0166950075618983	0.000214117831519445
2823	0.0167191300777913	0.000205662325221493
2822	0.0167432721905898	0.000197222420812661
2821	0.016767435839326	0.000188803318904167
2820	0.0167916232947118	0.00018041122905872
2819	0.0168158365218606	0.000172051557947268
2818	0.0168400770432135	0.000163728501033303
2817	0.0168643466501631	0.000155447107745846
2816	0.0168886471139247	0.000147212460970302
2815	0.0169129801929986	0.000139029710643453
2814	0.0169373476431697	0.000130904116573982
2813	0.0169617515413605	0.000122842048536291
2812	0.0169861935725177	0.000114848862224092
2811	0.0170106752569733	0.000106929561777309
2810	0.0170351984567523	9.90903785939681e-05
2809	0.0170597651260034	9.13380572084097e-05
2808	0.0170843773433989	8.36800027538083e-05
2807	0.0171090373516671	7.61244670087e-05
2806	0.0171337477177414	6.86811595680595e-05
2805	0.0171585123127718	6.13647287201754e-05
2804	0.0171833330771687	5.41840073548051e-05
2803	0.0172082122911685	4.71495411890531e-05
2802	0.0172331522895067	4.02727952419898e-05
2801	0.0172581570729927	3.3572362007908e-05
2800	0.0172832262956466	2.70517580987263e-05
2799	0.0173083631409701	2.07286723238229e-05
2798	0.0173335546116529	1.46269143920722e-05
2797	0.0173545907663576	9.72414322924703e-06
2796	0.0173721533300324	5.7802240315267e-06
2795	0.0173868132927725	2.60463427733732e-06
126	0.00240130889248303	0.00107514843772031
125	0.00240023089654014	0.00109999925946518
127	0.00240427549742082	0.00105045356592362
128	0.0024089225001251	0.00102601838755526
129	0.00241507738659725	0.00100191583168153
130	0.00242266843606397	0.000978223959071117
131	0.00243154967032172	0.000954985354800514
132	0.00244157761896636	0.00093221726373028
133	0.00245269011877805	0.000909955333310084
134	0.00246489912730737	0.00088827434204377
135	0.00247805598887562	0.000867155078510549
136	0.00249211947179538	0.000846625749620932
137	0.00250710882085018	0.000826759862870385
138	0.0025229510288589	0.000807566569356024
139	0.00253959038314621	0.000789058172517757
140	0.00255699763230457	0.000771266154035082
141	0.00257518487310096	0.000754269137432967
142	0.00259407377802908	0.00073805387258546
143	0.00261361908367721	0.000722633171470685
144	0.00263378008930969	0.000708022106582903
145	0.0026545114883933	0.000694226502911377
146	0.00267578154313472	0.000681271504563122
147	0.00269751809031036	0.000669110974640475
148	0.00271966705148835	0.000657713312248416
149	0.00274218241105699	0.000647050817269012
150	0.00276502182279897	0.000637093267255784
151	0.00278814685088318	0.000627809060420072
152	0.00281152313069478	0.000619166564897281
153	0.00283512717393942	0.000611156484871973
154	0.00285892254027605	0.000603723076203853
155	0.00288288586205224	0.000596837613323627
156	0.00290699667256794	0.000590473242482552
157	0.00293123709665604	0.000584605233099152
158	0.00295559154559467	0.000579211145171111
159	0.00298004642535952	0.000574270928917757
160	0.00300459276022951	0.000569783734580604
161	0.00302921675001203	0.000565718461390484
162	0.0030539090639908	0.000562061216222761
163	0.00307866165125709	0.000558801979805562
164	0.00310346725669447	0.000555932965653083
165	0.00312831925001375	0.000553448479348252
166	0.00315321231870164	0.000551355987508469
167	0.00317813975211974	0.000549648545861707
168	0.00320309496287872	0.000548312591192753
169	0.00322807235712943	0.000547341975975774
170	0.00325306661175755	0.000546729790306991
171	0.0032780727296171	0.000546477320467478
172	0.00330308553241178	0.000546582609576399
173	0.00332810042233888	0.000547022408029428
174	0.00335311342582291	0.000547787826039291
175	0.00337812079706484	0.000548872340206918
176	0.00340311780152995	0.000550287808661648
177	0.0034281023912229	0.000552001188204225
178	0.0034530719985704	0.000554003193042696
179	0.00347802322202682	0.000556296209688063
180	0.00350295316653256	0.000558875388746043
181	0.00352786155454469	0.00056171557149154
182	0.00355274650374366	0.000564811628136185
183	0.00357760371697568	0.000568175992838392
184	0.00360243520724123	0.000571775347910447
185	0.00362723978620539	0.00057560440563067
186	0.00365201288089521	0.000579678217000084
187	0.00367675793119249	0.000583963389212874
188	0.0037014734105455	0.000588459447414731
189	0.00372615615381899	0.000593173675035732
190	0.00375080988425842	0.000598078193438637
191	0.00377543182041026	0.000603180049864127
192	0.00380002188930595	0.000608472362216961
193	0.00382458299809976	0.000613936097307298
194	0.00384911046883252	0.000619586775642179
195	0.00387360860929707	0.00062540048020606
196	0.00389807711464121	0.000631374668010433
197	0.00392251369990838	0.000637514467895895
198	0.00394692314826703	0.000643797389275579
199	0.00397130197392304	0.000650233919706114
200	0.00399565329602145	0.000656809173720967
201	0.00401997846570342	0.000663515921539061
202	0.00404427477044663	0.00067036156351447
203	0.00406854757984911	0.000677325012231086
204	0.00409279450905631	0.000684412926600389
205	0.00411701805368369	0.000691615064385086
206	0.00414122067889697	0.000698921958725743
207	0.00416539964106486	0.00070634142627711
208	0.00418956045109973	0.000713854441840599
209	0.00421370237644289	0.000721462639008751
210	0.00423782658021651	0.000729161549325303
211	0.00426193639293956	0.000736940231508241
212	0.00428603052982073	0.000744802226117441
213	0.00431011233497349	0.000752736893805264
214	0.00433418375775287	0.000760738160740727
215	0.00435824373354853	0.00076880905366187
216	0.00438229629694669	0.000776937447126479
217	0.00440634278238645	0.000785119459622819
218	0.0044303830226157	0.000793355640853665
219	0.00445442051138732	0.000801635914780068
220	0.00447845671685642	0.000809956241652838
221	0.00450249237058226	0.000818314745900755
222	0.00452653012759802	0.000826704069563582
223	0.0045505718155906	0.000835119305908664
224	0.00457461901397891	0.000843556296512285
225	0.00459867362549627	0.000852009992128545
226	0.00462273784024031	0.00086047455425967
227	0.00464681352477186	0.000868945080272338
228	0.00467090268179535	0.00087741628450627
229	0.00469500756189836	0.000885882168480558
230	0.00471913007779136	0.00089433767477851
231	0.00474327219058984	0.000902777579187342
232	0.00476743583932605	0.000911196681095835
233	0.00479162329471176	0.000919588770941284
234	0.00481583652186058	0.000927948442052734
235	0.00484007704321347	0.0009362714989667
236	0.00486434665016312	0.000944552892254157
237	0.00488864711392474	0.000952787539029701
238	0.00491298019299866	0.000960970289356549
239	0.0049373476431697	0.00096909588342602
240	0.00496175154136049	0.000977157951463711
241	0.00498619357251767	0.00098515113777591
242	0.00501067525697333	0.000993070438222693
243	0.0050351984567523	0.00100090962140603
244	0.00505976512600337	0.00100866194279159
245	0.00508437734339888	0.00101631999724619
246	0.0051090373516671	0.0010238755329913
247	0.00513374771774141	0.00103131884043194
248	0.00515851231277182	0.00103863527127982
249	0.00518333307716872	0.0010458159926452
250	0.00520821229116851	0.00105285045881095
251	0.0052331522895067	0.00105972720475801
252	0.00525815707299269	0.00106642763799209
253	0.00528322629564661	0.00107294824190127
254	0.00530836314097008	0.00107927132767618
255	0.00533355461165294	0.00108537308560793
256	0.00535459076635759	0.00109027585677075
257	0.0053721533300324	0.00109421977596847
258	0.00538681329277251	0.00109739536572266
259	0.0053990385445118	0.00109999925946523
319	0.00720130889248303	0.00107514843772031
318	0.00720023089654014	0.00109999925946518
320	0.00720427549742082	0.00105045356592362
321	0.0072089225001251	0.00102601838755526
322	0.00721507738659726	0.00100191583168153
323	0.00722266843606397	0.000978223959071116
324	0.00723154967032172	0.000954985354800513
325	0.00724157761896636	0.000932217263730278
326	0.00725269011877806	0.000909955333310082
327	0.00726489912730737	0.000888274342043768
328	0.00727805598887562	0.000867155078510547
329	0.00729211947179538	0.00084662574962093
330	0.00730710882085018	0.000826759862870383
331	0.0073229510288589	0.000807566569356022
332	0.00733959038314621	0.000789058172517755
333	0.00735699763230457	0.00077126615403508
334	0.00737518487310096	0.000754269137432965
335	0.00739407377802908	0.000738053872585457
336	0.00741361908367721	0.000722633171470682
337	0.0074337800893097	0.0007080221065829
338	0.0074545114883933	0.000694226502911375
339	0.00747578154313472	0.00068127150456312
340	0.00749751809031036	0.000669110974640473
341	0.00751966705148836	0.000657713312248414
342	0.00754218241105699	0.00064705081726901
343	0.00756502182279898	0.000637093267255783
344	0.00758814685088319	0.00062780906042007
345	0.00761152313069478	0.000619166564897279
346	0.00763512717393943	0.000611156484871971
347	0.00765892254027606	0.000603723076203852
348	0.00768288586205225	0.000596837613323626
349	0.00770699667256795	0.00059047324248255
350	0.00773123709665605	0.000584605233099151
351	0.00775559154559468	0.000579211145171109
352	0.00778004642535952	0.000574270928917755
353	0.00780459276022952	0.000569783734580603
354	0.00782921675001204	0.000565718461390483
355	0.0078539090639908	0.000562061216222761
356	0.0078786616512571	0.000558801979805561
357	0.00790346725669448	0.000555932965653082
358	0.00792831925001376	0.000553448479348251
359	0.00795321231870165	0.000551355987508469
360	0.00797813975211975	0.000549648545861706
361	0.00800309496287873	0.000548312591192753
362	0.00802807235712943	0.000547341975975774
363	0.00805306661175756	0.000546729790306991
364	0.00807807272961711	0.000546477320467478
365	0.00810308553241179	0.000546582609576399
366	0.00812810042233889	0.000547022408029428
367	0.00815311342582292	0.000547787826039292
368	0.00817812079706485	0.000548872340206918
369	0.00820311780152996	0.000550287808661649
370	0.00822810239122291	0.000552001188204225
371	0.00825307199857041	0.000554003193042696
372	0.00827802322202683	0.000556296209688064
373	0.00830295316653256	0.000558875388746044
374	0.0083278615545447	0.000561715571491542
375	0.00835274650374367	0.000564811628136186
376	0.00837760371697569	0.000568175992838393
377	0.00840243520724124	0.000571775347910449
378	0.0084272397862054	0.000575604405630671
379	0.00845201288089522	0.000579678217000086
380	0.00847675793119249	0.000583963389212876
381	0.00850147341054551	0.000588459447414733
382	0.008526156153819	0.000593173675035734
383	0.00855080988425842	0.000598078193438639
384	0.00857543182041027	0.000603180049864129
385	0.00860002188930596	0.000608472362216963
386	0.00862458299809977	0.0006139360973073
387	0.00864911046883253	0.000619586775642181
388	0.00867360860929708	0.000625400480206062
389	0.00869807711464122	0.000631374668010435
390	0.00872251369990839	0.000637514467895897
391	0.00874692314826704	0.000643797389275582
392	0.00877130197392305	0.000650233919706117
393	0.00879565329602146	0.00065680917372097
394	0.00881997846570343	0.000663515921539064
395	0.00884427477044664	0.000670361563514473
396	0.00886854757984912	0.00067732501223109
397	0.00889279450905632	0.000684412926600392
398	0.0089170180536837	0.000691615064385089
399	0.00894122067889698	0.000698921958725746
400	0.00896539964106487	0.000706341426277112
401	0.00898956045109974	0.000713854441840602
402	0.0090137023764429	0.000721462639008754
403	0.00903782658021651	0.000729161549325306
404	0.00906193639293957	0.000736940231508244
405	0.00908603052982074	0.000744802226117445
406	0.0091101123349735	0.000752736893805267
407	0.00913418375775288	0.000760738160740731
408	0.00915824373354854	0.000768809053661873
409	0.00918229629694669	0.000776937447126481
410	0.00920634278238646	0.000785119459622822
411	0.00923038302261571	0.000793355640853668
412	0.00925442051138733	0.000801635914780071
413	0.00927845671685642	0.00080995624165284
414	0.00930249237058227	0.000818314745900758
415	0.00932653012759803	0.000826704069563586
416	0.00935057181559061	0.000835119305908666
417	0.00937461901397892	0.000843556296512288
418	0.00939867362549627	0.000852009992128547
419	0.00942273784024031	0.000860474554259672
420	0.00944681352477186	0.00086894508027234
421	0.00947090268179535	0.000877416284506272
422	0.00949500756189837	0.00088588216848056
423	0.00951913007779137	0.000894337674778513
424	0.00954327219058984	0.000902777579187345
425	0.00956743583932606	0.000911196681095838
426	0.00959162329471177	0.000919588770941286
427	0.00961583652186058	0.000927948442052736
428	0.00964007704321348	0.000936271498966702
429	0.00966434665016313	0.000944552892254158
430	0.00968864711392474	0.000952787539029702
431	0.00971298019299866	0.000960970289356551
432	0.00973734764316971	0.000969095883426022
433	0.00976175154136049	0.000977157951463713
434	0.00978619357251768	0.000985151137775911
435	0.00981067525697333	0.000993070438222694
436	0.0098351984567523	0.00100090962140603
437	0.00985976512600337	0.00100866194279159
438	0.00988437734339888	0.00101631999724619
439	0.0099090373516671	0.0010238755329913
440	0.00993374771774141	0.00103131884043194
441	0.00995851231277183	0.00103863527127982
442	0.00998333307716872	0.0010458159926452
443	0.0100082122911685	0.00105285045881095
444	0.0100331522895067	0.00105972720475801
445	0.0100581570729927	0.00106642763799209
446	0.0100832262956466	0.00107294824190127
447	0.0101083631409701	0.00107927132767618
448	0.0101335546116529	0.00108537308560793
449	0.0101545907663576	0.00109027585677075
450	0.0101721533300324	0.00109421977596847
451	0.0101868132927725	0.00109739536572266
452	0.0101990385445118	0.00109999925946523
512	0.012001308892483	0.00107514843772031
511	0.0120002308965401	0.00109999925946518
513	0.0120042754974208	0.00105045356592362
514	0.0120089225001251	0.00102601838755526
515	0.0120150773865972	0.00100191583168154
516	0.012022668436064	0.000978223959071118
517	0.0120315496703217	0.000954985354800515
518	0.0120415776189664	0.000932217263730281
519	0.012052690118778	0.000909955333310086
520	0.0120648991273074	0.000888274342043772
521	0.0120780559888756	0.000867155078510551
522	0.0120921194717954	0.000846625749620934
523	0.0121071088208502	0.000826759862870387
524	0.0121229510288589	0.000807566569356026
525	0.0121395903831462	0.000789058172517759
526	0.0121569976323046	0.000771266154035085
527	0.0121751848731009	0.00075426913743297
528	0.0121940737780291	0.000738053872585463
529	0.0122136190836772	0.000722633171470687
530	0.0122337800893097	0.000708022106582905
531	0.0122545114883933	0.000694226502911379
532	0.0122757815431347	0.000681271504563125
533	0.0122975180903104	0.000669110974640477
534	0.0123196670514883	0.000657713312248419
535	0.012342182411057	0.000647050817269015
536	0.012365021822799	0.000637093267255787
537	0.0123881468508832	0.000627809060420074
538	0.0124115231306948	0.000619166564897283
539	0.0124351271739394	0.000611156484871976
540	0.0124589225402761	0.000603723076203856
541	0.0124828858620522	0.000596837613323629
542	0.0125069966725679	0.000590473242482554
543	0.012531237096656	0.000584605233099154
544	0.0125555915455947	0.000579211145171112
545	0.0125800464253595	0.000574270928917758
546	0.0126045927602295	0.000569783734580606
547	0.012629216750012	0.000565718461390486
548	0.0126539090639908	0.000562061216222763
549	0.0126786616512571	0.000558801979805563
550	0.0127034672566945	0.000555932965653084
551	0.0127283192500137	0.000553448479348253
552	0.0127532123187016	0.00055135598750847
553	0.0127781397521197	0.000549648545861708
554	0.0128030949628787	0.000548312591192754
555	0.0128280723571294	0.000547341975975775
556	0.0128530666117575	0.000546729790306991
557	0.0128780727296171	0.000546477320467478
558	0.0129030855324118	0.000546582609576399
559	0.0129281004223389	0.000547022408029427
560	0.0129531134258229	0.000547787826039291
561	0.0129781207970648	0.000548872340206917
562	0.0130031178015299	0.000550287808661648
563	0.0130281023912229	0.000552001188204224
564	0.0130530719985704	0.000554003193042694
565	0.0130780232220268	0.000556296209688062
566	0.0131029531665325	0.000558875388746042
567	0.0131278615545447	0.000561715571491539
568	0.0131527465037437	0.000564811628136183
569	0.0131776037169757	0.00056817599283839
570	0.0132024352072412	0.000571775347910445
571	0.0132272397862054	0.000575604405630668
572	0.0132520128808952	0.000579678217000082
573	0.0132767579311925	0.000583963389212872
574	0.0133014734105455	0.000588459447414729
575	0.013326156153819	0.00059317367503573
576	0.0133508098842584	0.000598078193438635
577	0.0133754318204102	0.000603180049864125
578	0.0134000218893059	0.000608472362216958
579	0.0134245829980997	0.000613936097307295
580	0.0134491104688325	0.000619586775642176
581	0.0134736086092971	0.000625400480206057
582	0.0134980771146412	0.00063137466801043
583	0.0135225136999084	0.000637514467895892
584	0.013546923148267	0.000643797389275576
585	0.013571301973923	0.000650233919706111
586	0.0135956532960214	0.000656809173720964
587	0.0136199784657034	0.000663515921539058
588	0.0136442747704466	0.000670361563514467
589	0.0136685475798491	0.000677325012231083
590	0.0136927945090563	0.000684412926600386
591	0.0137170180536837	0.000691615064385083
592	0.013741220678897	0.00069892195872574
593	0.0137653996410648	0.000706341426277106
594	0.0137895604510997	0.000713854441840596
595	0.0138137023764429	0.000721462639008747
596	0.0138378265802165	0.000729161549325299
597	0.0138619363929396	0.000736940231508237
598	0.0138860305298207	0.000744802226117438
599	0.0139101123349735	0.00075273689380526
600	0.0139341837577529	0.000760738160740724
601	0.0139582437335485	0.000768809053661866
602	0.0139822962969467	0.000776937447126475
603	0.0140063427823864	0.000785119459622816
604	0.0140303830226157	0.000793355640853662
605	0.0140544205113873	0.000801635914780064
606	0.0140784567168564	0.000809956241652834
607	0.0141024923705823	0.000818314745900752
608	0.014126530127598	0.000826704069563579
609	0.0141505718155906	0.00083511930590866
610	0.0141746190139789	0.000843556296512282
611	0.0141986736254963	0.000852009992128541
612	0.0142227378402403	0.000860474554259666
613	0.0142468135247718	0.000868945080272334
614	0.0142709026817953	0.000877416284506267
615	0.0142950075618983	0.000885882168480555
616	0.0143191300777914	0.000894337674778507
617	0.0143432721905898	0.000902777579187339
618	0.014367435839326	0.000911196681095832
619	0.0143916232947118	0.00091958877094128
620	0.0144158365218606	0.000927948442052732
621	0.0144400770432135	0.000936271498966698
622	0.0144643466501631	0.000944552892254154
623	0.0144886471139247	0.000952787539029698
624	0.0145129801929987	0.000960970289356547
625	0.0145373476431697	0.000969095883426018
626	0.0145617515413605	0.000977157951463709
627	0.0145861935725177	0.000985151137775908
628	0.0146106752569733	0.000993070438222691
629	0.0146351984567523	0.00100090962140603
630	0.0146597651260034	0.00100866194279159
631	0.0146843773433989	0.00101631999724619
632	0.0147090373516671	0.0010238755329913
633	0.0147337477177414	0.00103131884043194
634	0.0147585123127718	0.00103863527127982
635	0.0147833330771687	0.00104581599264519
636	0.0148082122911685	0.00105285045881095
637	0.0148331522895067	0.00105972720475801
638	0.0148581570729927	0.00106642763799209
639	0.0148832262956466	0.00107294824190127
640	0.0149083631409701	0.00107927132767618
641	0.0149335546116529	0.00108537308560793
642	0.0149545907663576	0.00109027585677075
643	0.0149721533300324	0.00109421977596847
644	0.0149868132927725	0.00109739536572266
645	0.0149990385445118	0.00109999925946523
1687	0.00240023089654014	-0.00110000074053482
1686	0.00240130889248303	-0.00107514843772031
1685	0.00240427549742082	-0.00105045356592362
1684	0.0024089225001251	-0.00102601838755526
1683	0.00241507738659725	-0.00100191583168153
1682	0.00242266843606397	-0.000978223959071117
1681	0.00243154967032172	-0.000954985354800514
1680	0.00244157761896636	-0.00093221726373028
1679	0.00245269011877805	-0.000909955333310084
1678	0.00246489912730737	-0.00088827434204377
1677	0.00247805598887562	-0.000867155078510549
1676	0.00249211947179538	-0.000846625749620932
1675	0.00250710882085018	-0.000826759862870385
1674	0.0025229510288589	-0.000807566569356024
1673	0.00253959038314621	-0.000789058172517757
1672	0.00255699763230457	-0.000771266154035082
1671	0.00257518487310096	-0.000754269137432967
1670	0.00259407377802908	-0.00073805387258546
1669	0.00261361908367721	-0.000722633171470685
1668	0.00263378008930969	-0.000708022106582903
1667	0.0026545114883933	-0.000694226502911377
1666	0.00267578154313472	-0.000681271504563122
1665	0.00269751809031036	-0.000669110974640475
1664	0.00271966705148835	-0.000657713312248416
1663	0.00274218241105699	-0.000647050817269012
1662	0.00276502182279897	-0.000637093267255784
1661	0.00278814685088318	-0.000627809060420072
1660	0.00281152313069478	-0.000619166564897281
1659	0.00283512717393942	-0.000611156484871973
1658	0.00285892254027605	-0.000603723076203853
1657	0.00288288586205224	-0.000596837613323627
1656	0.00290699667256794	-0.000590473242482552
1655	0.00293123709665604	-0.000584605233099152
1654	0.00295559154559467	-0.000579211145171111
1653	0.00298004642535952	-0.000574270928917757
1652	0.00300459276022951	-0.000569783734580604
1651	0.00302921675001203	-0.000565718461390484
1650	0.0030539090639908	-0.000562061216222761
1649	0.00307866165125709	-0.000558801979805562
1648	0.00310346725669447	-0.000555932965653083
1647	0.00312831925001375	-0.000553448479348252
1646	0.00315321231870164	-0.000551355987508469
1645	0.00317813975211974	-0.000549648545861707
1644	0.00320309496287872	-0.000548312591192753
1643	0.00322807235712943	-0.000547341975975774
1642	0.00325306661175755	-0.000546729790306991
1641	0.0032780727296171	-0.000546477320467478
1640	0.00330308553241178	-0.000546582609576399
1639	0.00332810042233888	-0.000547022408029428
1638	0.00335311342582291	-0.000547787826039291
1637	0.00337812079706484	-0.000548872340206918
1636	0.00340311780152995	-0.000550287808661648
1635	0.0034281023912229	-0.000552001188204225
1634	0.0034530719985704	-0.000554003193042696
1633	0.00347802322202682	-0.000556296209688063
1632	0.00350295316653256	-0.000558875388746043
1631	0.00352786155454469	-0.00056171557149154
1630	0.00355274650374366	-0.000564811628136185
1629	0.00357760371697568	-0.000568175992838392
1628	0.00360243520724123	-0.000571775347910447
1627	0.00362723978620539	-0.00057560440563067
1626	0.00365201288089521	-0.000579678217000084
1625	0.00367675793119249	-0.000583963389212874
1624	0.0037014734105455	-0.000588459447414731
1623	0.00372615615381899	-0.000593173675035732
1622	0.00375080988425842	-0.000598078193438637
1621	0.00377543182041026	-0.000603180049864127
1620	0.00380002188930595	-0.000608472362216961
1619	0.00382458299809976	-0.000613936097307298
1618	0.00384911046883252	-0.000619586775642179
1617	0.00387360860929707	-0.00062540048020606
1616	0.00389807711464121	-0.000631374668010433
1615	0.00392251369990838	-0.000637514467895895
1614	0.00394692314826703	-0.000643797389275579
1613	0.00397130197392304	-0.000650233919706114
1612	0.00399565329602145	-0.000656809173720967
1611	0.00401997846570342	-0.000663515921539061
1610	0.00404427477044663	-0.00067036156351447
1609	0.00406854757984911	-0.000677325012231086
1608	0.00409279450905631	-0.000684412926600389
1607	0.00411701805368369	-0.000691615064385086
1606	0.00414122067889697	-0.000698921958725743
1605	0.00416539964106486	-0.00070634142627711
1604	0.00418956045109973	-0.000713854441840599
1603	0.00421370237644289	-0.000721462639008751
1602	0.00423782658021651	-0.000729161549325303
1601	0.00426193639293956	-0.000736940231508241
1600	0.00428603052982073	-0.000744802226117441
1599	0.00431011233497349	-0.000752736893805264
1598	0.00433418375775287	-0.000760738160740727
1597	0.00435824373354853	-0.00076880905366187
1596	0.00438229629694669	-0.000776937447126479
1595	0.00440634278238645	-0.000785119459622819
1594	0.0044303830226157	-0.000793355640853665
1593	0.00445442051138732	-0.000801635914780068
1592	0.00447845671685642	-0.000809956241652838
1591	0.00450249237058226	-0.000818314745900755
1590	0.00452653012759802	-0.000826704069563582
1589	0.0045505718155906	-0.000835119305908664
1588	0.00457461901397891	-0.000843556296512285
1587	0.00459867362549627	-0.000852009992128545
1586	0.00462273784024031	-0.00086047455425967
1585	0.00464681352477186	-0.000868945080272338
1584	0.00467090268179535	-0.00087741628450627
1583	0.00469500756189836	-0.000885882168480558
1582	0.00471913007779136	-0.00089433767477851
1581	0.00474327219058984	-0.000902777579187342
1580	0.00476743583932605	-0.000911196681095835
1579	0.00479162329471176	-0.000919588770941284
1578	0.00481583652186058	-0.000927948442052734
1577	0.00484007704321347	-0.0009362714989667
1576	0.00486434665016312	-0.000944552892254157
1575	0.00488864711392474	-0.000952787539029701
1574	0.00491298019299866	-0.000960970289356549
1573	0.0049373476431697	-0.00096909588342602
1572	0.00496175154136049	-0.000977157951463711
1571	0.00498619357251767	-0.00098515113777591
1570	0.00501067525697333	-0.000993070438222693
1569	0.0050351984567523	-0.00100090962140603
1568	0.00505976512600337	-0.00100866194279159
1567	0.00508437734339888	-0.00101631999724619
1566	0.0051090373516671	-0.0010238755329913
1565	0.00513374771774141	-0.00103131884043194
1564	0.00515851231277182	-0.00103863527127982
1563	0.00518333307716872	-0.0010458159926452
1562	0.00520821229116851	-0.00105285045881095
1561	0.0052331522895067	-0.00105972720475801
1560	0.00525815707299269	-0.00106642763799209
1559	0.00528322629564661	-0.00107294824190127
1558	0.00530836314097008	-0.00107927132767618
1557	0.00533355461165294	-0.00108537308560793
1556	0.00535459076635759	-0.00109027585677075
1555	0.0053721533300324	-0.00109421977596847
1554	0.00538681329277251	-0.00109739536572266
1553	0.0053990385445118	-0.00110000074053477
1494	0.00720023089654014	-0.00110000074053482
1493	0.00720130889248303	-0.00107514843772031
1492	0.00720427549742082	-0.00105045356592362
1491	0.0072089225001251	-0.00102601838755526
1490	0.00721507738659726	-0.00100191583168153
1489	0.00722266843606397	-0.000978223959071116
1488	0.00723154967032172	-0.000954985354800513
1487	0.00724157761896636	-0.000932217263730278
1486	0.00725269011877806	-0.000909955333310082
1485	0.00726489912730737	-0.000888274342043768
1484	0.00727805598887562	-0.000867155078510547
1483	0.00729211947179538	-0.00084662574962093
1482	0.00730710882085018	-0.000826759862870383
1481	0.0073229510288589	-0.000807566569356022
1480	0.00733959038314621	-0.000789058172517755
1479	0.00735699763230457	-0.00077126615403508
1478	0.00737518487310096	-0.000754269137432965
1477	0.00739407377802908	-0.000738053872585457
1476	0.00741361908367721	-0.000722633171470682
1475	0.0074337800893097	-0.0007080221065829
1474	0.0074545114883933	-0.000694226502911375
1473	0.00747578154313472	-0.00068127150456312
1472	0.00749751809031036	-0.000669110974640473
1471	0.00751966705148836	-0.000657713312248414
1470	0.00754218241105699	-0.00064705081726901
1469	0.00756502182279898	-0.000637093267255783
1468	0.00758814685088319	-0.00062780906042007
1467	0.00761152313069478	-0.000619166564897279
1466	0.00763512717393943	-0.000611156484871971
1465	0.00765892254027606	-0.000603723076203852
1464	0.00768288586205225	-0.000596837613323626
1463	0.00770699667256795	-0.00059047324248255
1462	0.00773123709665605	-0.000584605233099151
1461	0.00775559154559468	-0.000579211145171109
1460	0.00778004642535952	-0.000574270928917755
1459	0.00780459276022952	-0.000569783734580603
1458	0.00782921675001204	-0.000565718461390483
1457	0.0078539090639908	-0.000562061216222761
1456	0.0078786616512571	-0.000558801979805561
1455	0.00790346725669448	-0.000555932965653082
1454	0.00792831925001376	-0.000553448479348251
1453	0.00795321231870165	-0.000551355987508469
1452	0.00797813975211975	-0.000549648545861706
1451	0.00800309496287873	-0.000548312591192753
1450	0.00802807235712943	-0.000547341975975774
1449	0.00805306661175756	-0.000546729790306991
1448	0.00807807272961711	-0.000546477320467478
1447	0.00810308553241179	-0.000546582609576399
1446	0.00812810042233889	-0.000547022408029428
1445	0.00815311342582292	-0.000547787826039292
1444	0.00817812079706485	-0.000548872340206918
1443	0.00820311780152996	-0.000550287808661649
1442	0.00822810239122291	-0.000552001188204225
1441	0.00825307199857041	-0.000554003193042696
1440	0.00827802322202683	-0.000556296209688064
1439	0.00830295316653256	-0.000558875388746044
1438	0.0083278615545447	-0.000561715571491542
1437	0.00835274650374367	-0.000564811628136186
1436	0.00837760371697569	-0.000568175992838393
1435	0.00840243520724124	-0.000571775347910449
1434	0.0084272397862054	-0.000575604405630671
1433	0.00845201288089522	-0.000579678217000086
1432	0.00847675793119249	-0.000583963389212876
1431	0.00850147341054551	-0.000588459447414733
1430	0.008526156153819	-0.000593173675035734
1429	0.00855080988425842	-0.000598078193438639
1428	0.00857543182041027	-0.000603180049864129
1427	0.00860002188930596	-0.000608472362216963
1426	0.00862458299809977	-0.0006139360973073
1425	0.00864911046883253	-0.000619586775642181
1424	0.00867360860929708	-0.000625400480206062
1423	0.00869807711464122	-0.000631374668010435
1422	0.00872251369990839	-0.000637514467895897
1421	0.00874692314826704	-0.000643797389275582
1420	0.00877130197392305	-0.000650233919706117
1419	0.00879565329602146	-0.00065680917372097
1418	0.00881997846570343	-0.000663515921539064
1417	0.00884427477044664	-0.000670361563514473
1416	0.00886854757984912	-0.00067732501223109
1415	0.00889279450905632	-0.000684412926600392
1414	0.0089170180536837	-0.000691615064385089
1413	0.00894122067889698	-0.000698921958725746
1412	0.00896539964106487	-0.000706341426277112
1411	0.00898956045109974	-0.000713854441840602
1410	0.0090137023764429	-0.000721462639008754
1409	0.00903782658021651	-0.000729161549325306
1408	0.00906193639293957	-0.000736940231508244
1407	0.00908603052982074	-0.000744802226117445
1406	0.0091101123349735	-0.000752736893805267
1405	0.00913418375775288	-0.000760738160740731
1404	0.00915824373354854	-0.000768809053661873
1403	0.00918229629694669	-0.000776937447126481
1402	0.00920634278238646	-0.000785119459622822
1401	0.00923038302261571	-0.000793355640853668
1400	0.00925442051138733	-0.000801635914780071
1399	0.00927845671685642	-0.00080995624165284
1398	0.00930249237058227	-0.000818314745900758
1397	0.00932653012759803	-0.000826704069563586
1396	0.00935057181559061	-0.000835119305908666
1395	0.00937461901397892	-0.000843556296512288
1394	0.00939867362549627	-0.000852009992128547
1393	0.00942273784024031	-0.000860474554259672
1392	0.00944681352477186	-0.00086894508027234
1391	0.00947090268179535	-0.000877416284506272
1390	0.00949500756189837	-0.00088588216848056
1389	0.00951913007779137	-0.000894337674778513
1388	0.00954327219058984	-0.000902777579187345
1387	0.00956743583932606	-0.000911196681095838
1386	0.00959162329471177	-0.000919588770941286
1385	0.00961583652186058	-0.000927948442052736
1384	0.00964007704321348	-0.000936271498966702
1383	0.00966434665016313	-0.000944552892254158
1382	0.00968864711392474	-0.000952787539029702
1381	0.00971298019299866	-0.000960970289356551
1380	0.00973734764316971	-0.000969095883426022
1379	0.00976175154136049	-0.000977157951463713
1378	0.00978619357251768	-0.000985151137775911
1377	0.00981067525697333	-0.000993070438222694
1376	0.0098351984567523	-0.00100090962140603
1375	0.00985976512600337	-0.00100866194279159
1374	0.00988437734339888	-0.00101631999724619
1373	0.0099090373516671	-0.0010238755329913
1372	0.00993374771774141	-0.00103131884043194
1371	0.00995851231277183	-0.00103863527127982
1370	0.00998333307716872	-0.0010458159926452
1369	0.0100082122911685	-0.00105285045881095
1368	0.0100331522895067	-0.00105972720475801
1367	0.0100581570729927	-0.00106642763799209
1366	0.0100832262956466	-0.00107294824190127
1365	0.0101083631409701	-0.00107927132767618
1364	0.0101335546116529	-0.00108537308560793
1363	0.0101545907663576	-0.00109027585677075
1362	0.0101721533300324	-0.00109421977596847
1361	0.0101868132927725	-0.00109739536572266
1360	0.0101990385445118	-0.00110000074053477
