1857	1.30889248303061e-06	-2.56271829552719e-05
1856	2.3089654014093e-07	-7.4053556779e-10
1858	4.27549742081739e-06	-5.23817071012132e-05
1859	8.92250012510331e-06	-7.98079363815876e-05
1860	1.50773865972553e-05	-0.000107537025856658
1861	2.26684360639729e-05	-0.000135241487436031
1862	3.15496703217244e-05	-0.000162666551814241
1863	4.15776189663564e-05	-0.000189612785784626
1864	5.26901187780555e-05	-0.00021588614556867
1865	6.48991273073709e-05	-0.000241272588916391
1866	7.8055988875622e-05	-0.000265668366648759
1867	9.21194717953779e-05	-0.000288936628864228
1868	0.000107108820850178	-0.000310908410397146
1869	0.000122951028858904	-0.000331492277537672
1870	0.000139590383146216	-0.000350607724494288
1871	0.000156997632304576	-0.000368170564861406
1872	0.000175184873100962	-0.000384067210207546
1873	0.00019407377802908	-0.000398296501074154
1874	0.000213619083677216	-0.000410854827247908
1875	0.000233780089309697	-0.000421763148167985
1876	0.000254511488393305	-0.000431081494103257
1877	0.000275781543134722	-0.000438882561792677
1878	0.000297518090310364	-0.000445334145577661
1879	0.000319667051488357	-0.000450591547438359
1880	0.00034218241105699	-0.000454801445028076
1881	0.000365021822798978	-0.000458106809340086
1882	0.000388146850883187	-0.000460644707160938
1883	0.00041152313069478	-0.000462544253476968
1884	0.000435127173939428	-0.000463903834982809
1885	0.00045892254027606	-0.000464859663263296
1886	0.00048288586205225	-0.00046551221674546
1887	0.000506996672567945	-0.000465951410577038
1888	0.000531237096656047	-0.000466256395752103
1889	0.000555591545594681	-0.000466495458987431
1890	0.000580046425359523	-0.000466725988830175
1891	0.00060459276022952	-0.000466977724719987
1892	0.000629216750012035	-0.000467302248653336
1893	0.000653909063990804	-0.000467725556234133
1894	0.000678661651257098	-0.000468261433972458
1895	0.000703467256694479	-0.000468913150228718
1896	0.000728319250013756	-0.00046967367955738
1897	0.000753212318701651	-0.000470515774938708
1898	0.000778139752119746	-0.000471423995969927
1899	0.000803094962878731	-0.00047238904332263
1900	0.000828072357129434	-0.000473393956690271
1901	0.00085306661175756	-0.000474422457570226
1902	0.000878072729617111	-0.000475450138302658
1903	0.000903085532411791	-0.00047645602855016
1904	0.000928100422338886	-0.000477440759141208
1905	0.000953113425822915	-0.000478391004262352
1906	0.000978120797064849	-0.000479291549273082
1907	0.00100311780152996	-0.000480109331503275
1908	0.00102810239122291	-0.000480856769313531
1909	0.00105307199857041	-0.000481523138055402
1910	0.00107802322202683	-0.000482086667707725
1911	0.00110295316653256	-0.000482533448541728
1912	0.0011278615545447	-0.000482870518010634
1913	0.00115274650374367	-0.000483085501486859
1914	0.00117760371697569	-0.000483149051828104
1915	0.00120243520724124	-0.000483078148525471
1916	0.0012272397862054	-0.000482862289359521
1917	0.00125201288089522	-0.000482471141058679
1918	0.0012767579311925	-0.000481923422987306
1919	0.00130147341054551	-0.000481205658829864
1920	0.001326156153819	-0.00048029728450232
1921	0.00135080988425843	-0.000479213533243598
1922	0.00137543182041027	-0.000477935296425877
1923	0.00140002188930596	-0.000476457922241077
1924	0.00142458299809977	-0.000474789413540168
1925	0.00144911046883253	-0.000472903671207822
1926	0.00147360860929708	-0.000470814448158367
1927	0.00149807711464122	-0.000468514513162294
1928	0.00152251369990839	-0.000465989305163132
1929	0.00154692314826705	-0.000463252205065258
1930	0.00157130197392305	-0.000460283903342443
1931	0.00159565329602146	-0.000457090718355697
1932	0.00161997846570343	-0.000453671549381162
1933	0.00164427477044665	-0.000450010865458957
1934	0.00166854757984912	-0.0004461218039699
1935	0.00169279450905632	-0.000441989909608304
1936	0.0017170180536837	-0.000437617753614925
1937	0.00174122067889698	-0.000433007238353429
1938	0.00176539964106487	-0.000428143059522435
1939	0.00178956045109974	-0.000423036819414066
1940	0.0018137023764429	-0.000417679680768434
1941	0.00183782658021651	-0.000412069368243785
1942	0.00186193639293957	-0.000406210585109915
1943	0.00188603052982074	-0.000400094071482517
1944	0.00191011233497349	-0.000393725286315098
1945	0.00193418375775288	-0.000387105688701785
1946	0.00195824373354854	-0.000380228233511636
1947	0.00198229629694669	-0.000373101661944309
1948	0.00200634278238646	-0.00036572714887911
1949	0.00203038302261571	-0.000358102164601567
1950	0.00205442051138733	-0.000350235587252344
1951	0.00207845671685643	-0.000342131102091358
1952	0.00210249237058228	-0.000333791140816903
1953	0.00212653012759803	-0.000325224601199055
1954	0.00215057181559061	-0.00031643899198298
1955	0.00217461901397892	-0.000307442219418169
1956	0.00219867362549627	-0.000298244314490759
1957	0.00222273784024032	-0.000288857423096429
1958	0.00224681352477187	-0.000279294175287065
1959	0.00227090268179536	-0.00026956909976139
1960	0.00229500756189837	-0.00025969903763573
1961	0.00231913007779137	-0.000249701152006605
1962	0.00234327219058985	-0.000239593131698112
1963	0.00236743583932606	-0.000229392738130558
1964	0.00239162329471177	-0.00021911879134785
1965	0.00241583652186058	-0.000208789324305791
1966	0.00244007704321348	-0.000198421152970091
1967	0.00246434665016313	-0.000188031933283186
1968	0.00248864711392474	-0.000177639346750787
1969	0.00251298019299866	-0.000167261155552092
1970	0.00253734764316971	-0.000156915284105048
1971	0.0025617515413605	-0.000146620877379485
1972	0.00258619357251768	-0.000136396257919148
1973	0.00261067525697333	-0.000126259696987758
1974	0.0026351984567523	-0.000116231136703553
1975	0.00265976512600338	-0.000106331664035447
1976	0.00268437734339889	-9.65839063034663e-05
1977	0.0027090373516671	-8.70125479399293e-05
1978	0.00273374771774142	-7.76453900434811e-05
1979	0.00275851231277183	-6.85173413689163e-05
1980	0.00278333307716872	-5.96586876174203e-05
1981	0.00280821229116851	-5.11008991443613e-05
1982	0.0028331522895067	-4.28759531024611e-05
1983	0.00285815707299269	-3.50231151402305e-05
1984	0.00288322629564661	-2.75676342004798e-05
1985	0.00290836314097009	-2.05515010728267e-05
1986	0.00293355461165294	-1.40284513850293e-05
1987	0.00295459076635759	-9.0112115739398e-06
1988	0.0029721533300324	-5.16473532555351e-06
1989	0.00298681329277251	-2.23613698421873e-06
1990	0.0029990385445118	-7.4053452635e-10
2123	1.30889248303059e-06	2.5627183673634e-05
2122	4.27549742081731e-06	5.23817116640677e-05
2121	8.92250012510314e-06	7.98079483229561e-05
2120	1.50773865972551e-05	0.000107537047510475
2119	2.26684360639725e-05	0.000135241519331796
2118	3.15496703217238e-05	0.000162666591368521
2117	4.15776189663558e-05	0.00018961283285609
2116	5.26901187780547e-05	0.000215886195058549
2115	6.48991273073701e-05	0.000241272636574024
2114	7.8055988875621e-05	0.000265668408250504
2113	9.21194717953769e-05	0.000288936660757502
2112	0.000107108820850177	0.000310908429957524
2111	0.000122951028858902	0.000331492283521956
2110	0.000139590383146214	0.000350607717284601
2109	0.000156997632304574	0.00036817054654478
2108	0.00017518487310096	0.00038406718446535
2107	0.000194073778029079	0.00039829647285949
2106	0.000213619083677215	0.000410854802253028
2105	0.000233780089309697	0.000421763132136185
2104	0.000254511488393305	0.000431081492058903
2103	0.000275781543134722	0.000438882577372007
2102	0.000297518090310364	0.000445334180587242
2101	0.000319667051488357	0.000450591601890353
2100	0.00034218241105699	0.000454801517435773
2099	0.000365021822798978	0.000458106896973327
2098	0.000388146850883187	0.000460644806392089
2097	0.00041152313069478	0.000462544360137563
2096	0.000435127173939428	0.000463903944730435
2095	0.00045892254027606	0.000464859771712198
2094	0.000482885862052251	0.000465512319754955
2093	0.000506996672567947	0.000465951504451499
2092	0.000531237096656049	0.000466256477345122
2091	0.000555591545594683	0.000466495525761652
2090	0.000580046425359525	0.000466726038983914
2089	0.000604592760229522	0.000466977757178431
2088	0.000629216750012037	0.000467302262980821
2087	0.000653909063990806	0.000467725552698814
2086	0.0006786616512571	0.00046826141345026
2085	0.000703467256694481	0.00046891311414096
2084	0.000728319250013758	0.000469673629780092
2083	0.000753212318701653	0.000470515713661096
2082	0.000778139752119748	0.000471423925545115
2081	0.000803094962878733	0.000472388966170671
2080	0.000828072357129436	0.00047339387520968
2079	0.000853066611757562	0.000474422374203485
2078	0.000878072729617113	0.000475450054923375
2077	0.000903085532411793	0.000476455947234027
2076	0.000928100422338888	0.000477440681579348
2075	0.000953113425822917	0.000478390931683716
2074	0.000978120797064851	0.000479291483197673
2073	0.00100311780152996	0.00048010927200311
2072	0.00102810239122291	0.0004808567105276
2071	0.00105307199857041	0.000481523094890785
2070	0.00107802322202683	0.000482086632610985
2069	0.00110295316653256	0.000482533421832659
2068	0.0011278615545447	0.000482870498313539
2067	0.00115274650374367	0.000483085488736831
2066	0.00117760371697569	0.000483149045341701
2065	0.00120243520724124	0.000483078147477689
2064	0.0012272397862054	0.000482862292852095
2063	0.00125201288089522	0.000482471148155521
2062	0.0012767579311925	0.000481923432705099
2061	0.00130147341054551	0.000481205670191604
2060	0.001326156153819	0.000480297296571882
2059	0.00135080988425843	0.000479213545094981
2058	0.00137543182041027	0.000477935307202306
2057	0.00140002188930596	0.000476457931167285
2056	0.00142458299809977	0.000474789419891552
2055	0.00144911046883253	0.000472903674376102
2054	0.00147360860929708	0.000470814447610661
2053	0.00149807711464122	0.000468514508469434
2052	0.00152251369990839	0.000465989296009931
2051	0.00154692314826705	0.000463252191228318
2050	0.00157130197392305	0.000460283884714918
2049	0.00159565329602146	0.000457090694931627
2048	0.00161997846570343	0.000453671521251585
2047	0.00164427477044665	0.000450010832823232
2046	0.00166854757984912	0.000446121767112697
2045	0.00169279450905632	0.000441989868905482
2044	0.0017170180536837	0.000437617709521142
2043	0.00174122067889698	0.000433007191390892
2042	0.00176539964106487	0.000428143010284578
2041	0.00178956045109974	0.000423036768536678
2040	0.0018137023764429	0.000417679628928676
2039	0.00183782658021651	0.000412069316140265
2038	0.00186193639293957	0.000406210533434556
2037	0.00188603052982074	0.000400094020922366
2036	0.00191011233497349	0.000393725237530313
2035	0.00193418375775288	0.000387105642293068
2034	0.00195824373354854	0.000380228190016987
2033	0.00198229629694669	0.000373101621829565
2032	0.00200634278238646	0.000365727112517765
2031	0.00203038302261571	0.000358102132267489
2030	0.00205442051138733	0.000350235559109972
2029	0.00207845671685643	0.0003421310781908
2028	0.00210249237058228	0.000333791121090728
2027	0.00212653012759803	0.000325224585463201
2026	0.00215057181559061	0.000316438979940318
2025	0.00217461901397892	0.000307442210668048
2024	0.00219867362549627	0.000298244308538763
2023	0.00222273784024032	0.000288857419371994
2022	0.00224681352477187	0.000279294173162747
2021	0.00227090268179536	0.000269569098576998
2020	0.00229500756189837	0.000259699036719978
2019	0.00231913007779137	0.000249701150730894
2018	0.00234327219058985	0.000239593129476398
2017	0.00236743583932606	0.000229392734426694
2016	0.00239162329471177	0.00021911878573102
2015	0.00241583652186058	0.000208789316418587
2014	0.00244007704321348	0.000198421142549494
2013	0.00246434665016313	0.000188031920181448
2012	0.00248864711392474	0.000177639330905254
2011	0.00251298019299866	0.000167261137004694
2010	0.00253734764316971	0.000156915263003895
2009	0.0025617515413605	0.000146620853944065
2008	0.00258619357251768	0.000136396232480352
2007	0.00261067525697333	0.000126259669951961
2006	0.0026351984567523	0.000116231108560785
2005	0.00265976512600338	0.000106331635316829
2004	0.00268437734339889	9.65838776222658e-05
2003	0.0027090373516671	8.70125199471358e-05
2002	0.00273374771774142	7.7645363422532e-05
2001	0.00275851231277183	6.85173168106327e-05
2000	0.00278333307716872	5.96586657465485e-05
1999	0.00280821229116851	5.11008804614174e-05
1998	0.0028331522895067	4.28759379605903e-05
1997	0.00285815707299269	3.50231036980181e-05
1996	0.00288322629564661	2.75676264054413e-05
1995	0.00290836314097009	2.05514966336995e-05
1994	0.00293355461165294	1.40284497366764e-05
1993	0.00295459076635759	9.01121158508027e-06
1992	0.0029721533300324	5.16473606280054e-06
1991	0.00298681329277251	2.23613769524156e-06
1301	0.0120002308965401	-0.00110000074053209
1300	0.012001308892483	-0.0010769679232029
1299	0.0120042754974208	-0.00105723195240365
1298	0.0120089225001251	-0.00104023291379872
1297	0.0120150773865972	-0.00102548587575739
1296	0.012022668436064	-0.0010125976241181
1295	0.0120315496703217	-0.00100120922140199
1294	0.0120415776189664	-0.00099099290095367
1293	0.012052690118778	-0.000981683639113523
1292	0.0120648991273074	-0.000973090175858756
1291	0.0120780559888756	-0.000964955989849462
1290	0.0120921194717954	-0.000957096007340011
1289	0.0121071088208502	-0.000949390757368549
1288	0.0121229510288589	-0.000941675053795946
1287	0.0121395903831462	-0.000933806096485554
1286	0.0121569976323046	-0.00092568004586889
1285	0.0121751848731009	-0.000917262159072716
1284	0.0121940737780291	-0.000908451253994654
1283	0.0122136190836772	-0.000899202075012214
1282	0.0122337800893097	-0.000889505979898183
1281	0.0122545114883933	-0.000879384285844341
1280	0.0122757815431347	-0.000868920967062313
1279	0.0122975180903104	-0.000858163336251455
1278	0.0123196670514883	-0.000847181413662018
1277	0.012342182411057	-0.000836048855165555
1276	0.012365021822799	-0.000824834581016765
1275	0.0123881468508832	-0.000813602408592819
1274	0.0124115231306948	-0.000802411263019102
1273	0.0124351271739394	-0.000791336729689101
1272	0.0124589225402761	-0.000780401707814178
1271	0.0124828858620522	-0.000769649512682237
1270	0.0125069966725679	-0.000759118530636327
1269	0.012531237096656	-0.000748842372811703
1268	0.0125555915455947	-0.000738850016943653
1267	0.0125800464253595	-0.000729165928728923
1266	0.0126045927602295	-0.000719826927034305
1265	0.012629216750012	-0.00071083280305422
1264	0.0126539090639908	-0.000702193858038509
1263	0.0126786616512571	-0.000693917679401746
1262	0.0127034672566945	-0.000686007623100368
1261	0.0127283192500137	-0.000678462827516754
1260	0.0127532123187016	-0.00067129038131922
1259	0.0127781397521197	-0.000664481753443905
1258	0.0128030949628787	-0.000658022328714786
1257	0.0128280723571294	-0.000651905466818793
1256	0.0128530666117575	-0.000646124294861521
1255	0.0128780727296171	-0.000640680634473973
1254	0.0129030855324118	-0.000635573539905011
1253	0.0129281004223389	-0.000630781196284084
1252	0.0129531134258229	-0.000626296544624344
1251	0.0129781207970648	-0.000622115261934157
1250	0.0130031178015299	-0.000618251759605627
1249	0.0130281023912229	-0.000614675865843738
1248	0.0130530719985704	-0.000611381430936648
1247	0.0130780232220268	-0.000608374281484297
1246	0.0131029531665325	-0.000605653259661554
1245	0.0131278615545447	-0.000603197132666358
1244	0.0131527465037437	-0.00060100492451016
1243	0.0131776037169757	-0.000599093460661761
1242	0.0132024352072412	-0.000597434029143739
1241	0.0132272397862054	-0.000596026156786206
1240	0.0132520128808952	-0.000594889929276293
1239	0.0132767579311925	-0.000593997022450981
1238	0.0133014734105455	-0.000593351857731365
1237	0.013326156153819	-0.000592966458217109
1236	0.0133508098842584	-0.000592817524634444
1235	0.0133754318204102	-0.000592916545429613
1234	0.0134000218893059	-0.000593260973269655
1233	0.0134245829980997	-0.000593835995388106
1232	0.0134491104688325	-0.000594661269570076
1231	0.0134736086092971	-0.000595716947540087
1230	0.0134980771146412	-0.000597004487237877
1229	0.0135225136999084	-0.000598532983177073
1228	0.013546923148267	-0.000600283873380273
1227	0.013571301973923	-0.000602271556348366
1226	0.0135956532960214	-0.000604485058565409
1225	0.0136199784657034	-0.000606921064523933
1224	0.0136442747704466	-0.000609590917612899
1223	0.0136685475798491	-0.000612477507541185
1222	0.0136927945090563	-0.000615591520619976
1221	0.0137170180536837	-0.0006189268115603
1220	0.013741220678897	-0.000622478087615523
1219	0.0137653996410648	-0.000626257439786567
1218	0.0137895604510997	-0.000630250224946584
1217	0.0138137023764429	-0.000634462475417148
1216	0.0138378265802165	-0.000638893996117407
1215	0.0138619363929396	-0.000643537965435933
1214	0.0138860305298207	-0.000648401885891486
1213	0.0139101123349735	-0.000653478913358967
1212	0.0139341837577529	-0.000658766589078368
1211	0.0139582437335485	-0.000664271361607693
1210	0.0139822962969467	-0.000669984315713651
1209	0.0140063427823864	-0.000675904547380028
1208	0.0140303830226157	-0.000682035327730006
1207	0.0140544205113873	-0.000688369018317947
1206	0.0140784567168564	-0.000694903702321903
1205	0.0141024923705823	-0.000701639278288926
1204	0.014126530127598	-0.000708569775556684
1203	0.0141505718155906	-0.000715691246221168
1202	0.0141746190139789	-0.00072300001723983
1201	0.0141986736254963	-0.000730491002719187
1200	0.0142227378402403	-0.000738157753693992
1199	0.0142468135247718	-0.000745994128639545
1198	0.0142709026817953	-0.000753992917521647
1197	0.0142950075618983	-0.000762145467859446
1196	0.0143191300777914	-0.000770443840198614
1195	0.0143432721905898	-0.000778880937816443
1194	0.014367435839326	-0.000787451099545873
1193	0.0143916232947118	-0.000796149204761363
1192	0.0144158365218606	-0.000804972630999545
1191	0.0144400770432135	-0.000813921823106952
1190	0.0144643466501631	-0.000822998410712621
1189	0.0144886471139247	-0.000832206241714923
1188	0.0145129801929987	-0.000841551602774566
1187	0.0145373476431697	-0.000851043485556413
1186	0.0145617515413605	-0.000860692968754381
1185	0.0145861935725177	-0.000870515821455654
1184	0.0146106752569733	-0.000880532449897533
1183	0.0146351984567523	-0.000890767103192797
1182	0.0146597651260034	-0.000901249611542114
1181	0.0146843773433989	-0.000912016595470054
1180	0.0147090373516671	-0.00092311310733726
1179	0.0147337477177414	-0.000934594529409167
1178	0.0147585123127718	-0.000946525955603744
1177	0.0147833330771687	-0.000958986933224462
1176	0.0148082122911685	-0.000972053370565685
1175	0.0148331522895067	-0.000985798458971359
1174	0.0148581570729927	-0.0010002890108203
1173	0.0148832262956466	-0.00101561159230531
1172	0.0149083631409701	-0.00103184988769472
1171	0.0149335546116529	-0.00104909766670931
1170	0.0149545907663576	-0.00106435213303987
1169	0.0149721533300324	-0.00107778303697045
1168	0.0149868132927725	-0.0010895992747426
1167	0.0149990385445118	-0.00110000074053382
2125	0.00480130889248303	-2.30768813670163e-05
2124	0.00480023089654014	-7.4053312813e-10
2126	0.00480427549742082	-4.29365247249085e-05
2127	0.0048089225001251	-6.01238524025618e-05
2128	0.00481507738659726	-7.51117985204301e-05
2129	0.00482266843606397	-8.82834706098016e-05
2130	0.00483154967032172	-9.99892341376089e-05
2131	0.00484157761896636	-0.000110549538729613
2132	0.00485269011877805	-0.000120223077529094
2133	0.00486489912730737	-0.000129195545014456
2134	0.00487805598887562	-0.000137718529437134
2135	0.00489211947179538	-0.000145972692147269
2136	0.00490710882085018	-0.000154073512141527
2137	0.0049229510288589	-0.000162182547682879
2138	0.00493959038314621	-0.00017043933612894
2139	0.00495699763230457	-0.000178944802607682
2140	0.00497518487310096	-0.000187731141919668
2141	0.00499407377802908	-0.000196897402465934
2142	0.00501361908367721	-0.000206487194974476
2143	0.00503378008930969	-0.000216508073297855
2144	0.0050545114883933	-0.000226938273046921
2145	0.00507578154313472	-0.000237694091217722
2146	0.00509751809031036	-0.000248729086461492
2147	0.00511966705148835	-0.000259974311929476
2148	0.00514218241105699	-0.000271357256918396
2149	0.00516502182279897	-0.000282810188048387
2150	0.00518814685088318	-0.000294270491047936
2151	0.00521152313069478	-0.000305680438798609
2152	0.00523512717393942	-0.000316965621264879
2153	0.00525892254027605	-0.000328104278745238
2154	0.00528288586205224	-0.000339054189367813
2155	0.00530699667256794	-0.000349778005540326
2156	0.00533123709665604	-0.000360243094094693
2157	0.00535559154559468	-0.000370421389822899
2158	0.00538004642535952	-0.000380289270482218
2159	0.00540459276022951	-0.000389810688556203
2160	0.00542921675001203	-0.000398986549641463
2161	0.0054539090639908	-0.000407807173108077
2162	0.00547866165125709	-0.000416265513707219
2163	0.00550346725669447	-0.00042435867767441
2164	0.00552831925001375	-0.000432087907440488
2165	0.00555321231870164	-0.000439446405216085
2166	0.00557813975211974	-0.000446442871839439
2167	0.00560309496287872	-0.000453091961190525
2168	0.00562807235712943	-0.000459400225965124
2169	0.00565306661175755	-0.000465374331126253
2170	0.0056780727296171	-0.00047101213327046
2171	0.00570308553241178	-0.000476314148869513
2172	0.00572810042233888	-0.000481301663471559
2173	0.00575311342582291	-0.00048598111310466
2174	0.00577812079706484	-0.000490356110264371
2175	0.00580311780152995	-0.000494411450907314
2176	0.0058281023912229	-0.000498176437627609
2177	0.0058530719985704	-0.000501656280101106
2178	0.00587802322202682	-0.000504844142712769
2179	0.00590295316653255	-0.000507740109835282
2180	0.00592786155454469	-0.000510364279055734
2181	0.00595274650374366	-0.000512716430960207
2182	0.00597760371697568	-0.000514778485045622
2183	0.00600243520724123	-0.000516577839515257
2184	0.00602723978620539	-0.000518113594617765
2185	0.00605201288089521	-0.000519364233973054
2186	0.00607675793119248	-0.000520356637730054
2187	0.0061014734105455	-0.000521084979860306
2188	0.00612615615381899	-0.000521535873181364
2189	0.00615080988425841	-0.00052173128889377
2190	0.00617543182041026	-0.000521658441402714
2191	0.00620002188930595	-0.000521318607212126
2192	0.00622458299809976	-0.000520725350254828
2193	0.00624911046883252	-0.000519857781513885
2194	0.00627360860929707	-0.000518734531551818
2195	0.00629807711464121	-0.00051735293395332
2196	0.00632251369990838	-0.000515702691191527
2197	0.00634692314826703	-0.000513801163428933
2198	0.00637130197392304	-0.00051163274758967
2199	0.00639565329602145	-0.000509207206085541
2200	0.00641997846570342	-0.00050652663216729
2201	0.00644427477044663	-0.000503578445459042
2202	0.00646854757984911	-0.000500378499813686
2203	0.00649279450905631	-0.000496914828621139
2204	0.00651701805368369	-0.000493192268794728
2205	0.00654122067889697	-0.000489214771062361
2206	0.00656539964106486	-0.000484968864277115
2207	0.00658956045109973	-0.000480467769316107
2208	0.0066137023764429	-0.000475704017008337
2209	0.0066378265802165	-0.000470676396020318
2210	0.00666193639293956	-0.00046539035918819
2211	0.00668603052982073	-0.000459837075476519
2212	0.00671011233497349	-0.000454022103898561
2213	0.00673418375775287	-0.000447946665045359
2214	0.00675824373354853	-0.000441603124335228
2215	0.00678229629694669	-0.00043499926873862
2216	0.00680634278238645	-0.000428134938358748
2217	0.0068303830226157	-0.000421005870513946
2218	0.00685442051138732	-0.000413618793149021
2219	0.00687845671685642	-0.00040597480356686
2220	0.00690249237058227	-0.000398073285909128
2221	0.00692653012759802	-0.000389919608039187
2222	0.0069505718155906	-0.000381517243006037
2223	0.00697461901397891	-0.000372869531784995
2224	0.00699867362549627	-0.000363981386890618
2225	0.00702273784024031	-0.000354859259615486
2226	0.00704681352477186	-0.000345509487650116
2227	0.00707090268179535	-0.000335939690008091
2228	0.00709500756189836	-0.000326159169887949
2229	0.00711913007779136	-0.000316177126766499
2230	0.00714327219058984	-0.000306003321349226
2231	0.00716743583932605	-0.000295647720525338
2232	0.00719162329471176	-0.000285121462514215
2233	0.00721583652186058	-0.000274434979599934
2234	0.00724007704321347	-0.000263597526099063
2235	0.00726434665016312	-0.000252619181674637
2236	0.00728864711392474	-0.000241509970579951
2237	0.00731298019299866	-0.000230279836033596
2238	0.0073373476431697	-0.000218938623918745
2239	0.00736175154136049	-0.000207497022593752
2240	0.00738619357251767	-0.000195964375434987
2241	0.00741067525697333	-0.00018434927426347
2242	0.0074351984567523	-0.000172661059991231
2243	0.00745976512600337	-0.000160909016270151
2244	0.00748437734339888	-0.000149102403672443
2245	0.0075090373516671	-0.000137250501180593
2246	0.00753374771774142	-0.000125363026114588
2247	0.00755851231277183	-0.000113453406546274
2248	0.00758333307716872	-0.000101528541991496
2249	0.00760821229116851	-8.95971616967415e-05
2250	0.0076331522895067	-7.76689549578807e-05
2251	0.00765815707299269	-6.5760500631932e-05
2252	0.00768322629564661	-5.38726733989128e-05
2253	0.00770836314097008	-4.20192499517893e-05
2254	0.00773355461165294	-3.02214039286963e-05
2255	0.00775459076635759	-2.04375397803644e-05
2256	0.0077721533300324	-1.23235705143247e-05
2257	0.00778681329277251	-5.59026735962855e-06
2258	0.0077990385445118	-7.4053602169e-10
2391	0.00480130889248303	2.30768813670317e-05
2390	0.00480427549742082	4.29365247248898e-05
2389	0.0048089225001251	6.01238524025198e-05
2388	0.00481507738659726	7.51117985201991e-05
2387	0.00482266843606397	8.82834706096869e-05
2386	0.00483154967032172	9.99892341374426e-05
2385	0.00484157761896636	0.000110549538730138
2384	0.00485269011877805	0.000120223077558036
2383	0.00486489912730737	0.000129195545004044
2382	0.00487805598887562	0.000137718529436497
2381	0.00489211947179538	0.000145972692146748
2380	0.00490710882085018	0.000154073512140913
2379	0.0049229510288589	0.000162182547682165
2378	0.00493959038314621	0.000170439336128064
2377	0.00495699763230457	0.000178944802606697
2376	0.00497518487310096	0.000187731141916422
2375	0.00499407377802908	0.000196897402463563
2374	0.00501361908367721	0.000206487194973093
2373	0.00503378008930969	0.000216508073307058
2372	0.0050545114883933	0.000226938273045293
2371	0.00507578154313472	0.000237694091215899
2370	0.00509751809031036	0.000248729086459602
2369	0.00511966705148835	0.00025997431192743
2368	0.00514218241105699	0.000271357256916192
2367	0.00516502182279897	0.000282810188044995
2366	0.00518814685088318	0.000294270491045563
2365	0.00521152313069478	0.000305680438795907
2364	0.00523512717393942	0.000316965621260457
2363	0.00525892254027605	0.000328104278742232
2362	0.00528288586205224	0.00033905418936465
2361	0.00530699667256794	0.000349778005537004
2360	0.00533123709665604	0.000360243094091204
2359	0.00535559154559468	0.000370421389819114
2358	0.00538004642535952	0.000380289270478445
2357	0.00540459276022951	0.000389810688552109
2356	0.00542921675001203	0.000398986549637379
2355	0.0054539090639908	0.000407807173103869
2354	0.00547866165125709	0.000416265513702939
2353	0.00550346725669447	0.000424358677668948
2352	0.00552831925001375	0.000432087907435924
2351	0.00555321231870164	0.00043944640521141
2350	0.00557813975211974	0.000446442871834663
2349	0.00560309496287872	0.000453091961185656
2348	0.00562807235712943	0.00045940022596017
2347	0.00565306661175755	0.000465374331121226
2346	0.0056780727296171	0.000471012133265366
2345	0.00570308553241178	0.00047631414886436
2344	0.00572810042233888	0.000481301663466359
2343	0.00575311342582291	0.000485981113099402
2342	0.00577812079706484	0.000490356110259101
2341	0.00580311780152995	0.000494411450902055
2340	0.0058281023912229	0.000498176437622304
2339	0.0058530719985704	0.000501656280095789
2338	0.00587802322202682	0.000504844142702355
2337	0.00590295316653255	0.000507740109829753
2336	0.00592786155454469	0.000510364279050462
2335	0.00595274650374366	0.000512716430954882
2334	0.00597760371697568	0.00051477848504042
2333	0.00600243520724123	0.000516577839510098
2332	0.00602723978620539	0.00051811359461266
2331	0.00605201288089521	0.000519364233968003
2330	0.00607675793119248	0.000520356637725068
2329	0.0061014734105455	0.000521084979859552
2328	0.00612615615381899	0.000521535873176516
2327	0.00615080988425841	0.000521731288889007
2326	0.00617543182041026	0.000521658441398038
2325	0.00620002188930595	0.000521318607207535
2324	0.00622458299809976	0.000520725350250212
2323	0.00624911046883252	0.000519857781509475
2322	0.00627360860929707	0.000518734531547466
2321	0.00629807711464121	0.000517352933948864
2320	0.00632251369990838	0.00051570269118743
2319	0.00634692314826703	0.000513801163424963
2318	0.00637130197392304	0.000511632747585804
2317	0.00639565329602145	0.000509207206081794
2316	0.00641997846570342	0.000506526632163659
2315	0.00644427477044663	0.00050357844545553
2314	0.00646854757984911	0.000500378499810292
2313	0.00649279450905631	0.000496914828617875
2312	0.00651701805368369	0.000493192268791617
2311	0.00654122067889697	0.000489214771059312
2310	0.00656539964106486	0.000484968864274207
2309	0.00658956045109973	0.000480467769313293
2308	0.0066137023764429	0.000475704017005674
2307	0.0066378265802165	0.000470676396017781
2306	0.00666193639293956	0.000465390359185764
2305	0.00668603052982073	0.000459837075474209
2304	0.00671011233497349	0.000454022103896366
2303	0.00673418375775287	0.000447946665043197
2302	0.00675824373354853	0.000441603124333263
2301	0.00678229629694669	0.000434999268736848
2300	0.00680634278238645	0.000428134938356997
2299	0.0068303830226157	0.000421005870512181
2298	0.00685442051138732	0.000413618793147555
2297	0.00687845671685642	0.000405974803565411
2296	0.00690249237058227	0.000398073285907634
2295	0.00692653012759802	0.000389919608037921
2294	0.0069505718155906	0.000381517243004856
2293	0.00697461901397891	0.000372869531786063
2292	0.00699867362549627	0.00036398138688958
2291	0.00702273784024031	0.000354859259614544
2290	0.00704681352477186	0.00034550948764925
2289	0.00707090268179535	0.000335939690007291
2288	0.00709500756189836	0.000326159169887219
2287	0.00711913007779136	0.000316177126766117
2286	0.00714327219058984	0.00030600332134861
2285	0.00716743583932605	0.00029564772052479
2284	0.00719162329471176	0.000285121462529411
2283	0.00721583652186058	0.000274434979598726
2282	0.00724007704321347	0.000263597526111586
2281	0.00726434665016312	0.000252619181674253
2280	0.00728864711392474	0.000241509970579786
2279	0.00731298019299866	0.000230279836033297
2278	0.0073373476431697	0.000218938623918468
2277	0.00736175154136049	0.000207497022589353
2276	0.00738619357251767	0.000195964375434777
2275	0.00741067525697333	0.000184349274263198
2274	0.0074351984567523	0.000172661059991076
2273	0.00745976512600337	0.000160909016269992
2272	0.00748437734339888	0.000149102403672307
2271	0.0075090373516671	0.000137250501185724
2270	0.00753374771774142	0.000125363026114555
2269	0.00755851231277183	0.000113453406517024
2268	0.00758333307716872	0.000101528541991451
2267	0.00760821229116851	8.95971616967035e-05
2266	0.0076331522895067	7.76689549588043e-05
2265	0.00765815707299269	6.57605006305512e-05
2264	0.00768322629564661	5.38726733989033e-05
2263	0.00770836314097008	4.20192499531924e-05
2262	0.00773355461165294	3.02214039286916e-05
2261	0.00775459076635759	2.04375397803607e-05
2260	0.0077721533300324	1.23235705143222e-05
2259	0.00778681329277251	5.59026735962527e-06
2393	0.00960130889248303	-2.3060051581979e-05
2392	0.00960023089654014	-7.4053311201e-10
2394	0.00960427549742082	-4.28742693623492e-05
2395	0.0096089225001251	-5.99942707384184e-05
2396	0.00961507738659725	-7.48986147227214e-05
2397	0.00962266843606397	-8.79751498232718e-05
2398	0.00963154967032172	-9.95782713551591e-05
2399	0.00964157761896636	-0.000110031883132098
2400	0.00965269011877805	-0.000119597677459476
2401	0.00966489912730737	-0.000128463986729878
2402	0.00967805598887562	-0.000136884732237403
2403	0.00969211947179538	-0.000145042646380872
2404	0.00970710882085018	-0.000153055047296011
2405	0.0097229510288589	-0.000161085109441875
2406	0.00973959038314621	-0.000169273751905639
2407	0.00975699763230457	-0.00017772303181116
2408	0.00977518487310096	-0.000186465995045421
2409	0.00979407377802908	-0.000195602217035583
2410	0.00981361908367721	-0.000205175461121647
2411	0.00983378008930969	-0.000215193007911789
2412	0.0098545114883933	-0.00022563234265001
2413	0.00987578154313472	-0.000236408495199912
2414	0.00989751809031036	-0.000247473362456363
2415	0.00991966705148836	-0.000258756280008628
2416	0.00994218241105699	-0.000270183070076249
2417	0.00996502182279898	-0.000281684406496931
2418	0.00998814685088318	-0.000293196173695509
2419	0.0100115231306948	-0.000304659247214872
2420	0.0100351271739394	-0.000315997931227191
2421	0.0100589225402761	-0.000327189297064038
2422	0.0100828858620523	-0.000338190073108964
2423	0.0101069966725679	-0.000348961982540225
2424	0.010131237096656	-0.000359471583571647
2425	0.0101555915455947	-0.000369690122805234
2426	0.0101800464253595	-0.000379593409847836
2427	0.0102045927602295	-0.00038914494864353
2428	0.010229216750012	-0.000398345315521686
2429	0.0102539090639908	-0.000407184619535736
2430	0.0102786616512571	-0.000415655723554214
2431	0.0103034672566945	-0.000423755759639384
2432	0.0103283192500138	-0.000431486112592124
2433	0.0103532123187017	-0.000438840228841344
2434	0.0103781397521197	-0.000445827099287753
2435	0.0104030949628787	-0.00045246168651741
2436	0.0104280723571294	-0.000458750867168543
2437	0.0104530666117575	-0.000464701642741919
2438	0.0104780727296171	-0.000470312216510553
2439	0.0105030855324118	-0.00047558345958446
2440	0.0105281004223389	-0.000480537018009082
2441	0.0105531134258229	-0.000485179692426655
2442	0.0105781207970648	-0.000489515462600149
2443	0.01060311780153	-0.000493529493277531
2444	0.0106281023912229	-0.000497251456342813
2445	0.0106530719985704	-0.000500686930276811
2446	0.0106780232220268	-0.000503829447768148
2447	0.0107029531665326	-0.00050667946046005
2448	0.0107278615545447	-0.000509257431981105
2449	0.0107527465037437	-0.000511563507948272
2450	0.0107776037169757	-0.000513579972347166
2451	0.0108024352072412	-0.0005153345873733
2452	0.0108272397862054	-0.000516826817558052
2453	0.0108520128808952	-0.000518035511230895
2454	0.0108767579311925	-0.000518987905213893
2455	0.0109014734105455	-0.000519678512007749
2456	0.010926156153819	-0.000520094265186696
2457	0.0109508098842584	-0.000520257440059601
2458	0.0109754318204103	-0.000520155539971163
2459	0.011000021889306	-0.000519790116444712
2460	0.0110245829980998	-0.000519174995528631
2461	0.0110491104688325	-0.000518289538580352
2462	0.0110736086092971	-0.000517152615780832
2463	0.0110980771146412	-0.000515761790476283
2464	0.0111225136999084	-0.00051410698598344
2465	0.011146923148267	-0.000512205775186736
2466	0.011171301973923	-0.0005100427604245
2467	0.0111956532960215	-0.000507627902953705
2468	0.0112199784657034	-0.000504963489040707
2469	0.0112442747704466	-0.000502037126157496
2470	0.0112685475798491	-0.000498864851523473
2471	0.0112927945090563	-0.000495434878060325
2472	0.0113170180536837	-0.000491752218962534
2473	0.011341220678897	-0.000487820998668646
2474	0.0113653996410649	-0.000483627917710878
2475	0.0113895604510997	-0.000479186366742393
2476	0.0114137023764429	-0.000474489035946252
2477	0.0114378265802165	-0.000469534849869061
2478	0.0114619363929396	-0.000464329371093537
2479	0.0114860305298207	-0.000458863850939755
2480	0.0115101123349735	-0.000453143901927146
2481	0.0115341837577529	-0.000447170767650022
2482	0.0115582437335485	-0.000440936804129211
2483	0.0115822962969467	-0.000434449754229928
2484	0.0116063427823864	-0.00042770937700672
2485	0.0116303830226157	-0.00042071128902947
2486	0.0116544205113873	-0.000413462054940298
2487	0.0116784567168564	-0.000405962563078126
2488	0.0117024923705823	-0.000398211939614237
2489	0.011726530127598	-0.000390215241908444
2490	0.0117505718155906	-0.000381975576274778
2491	0.0117746190139789	-0.000373495856861749
2492	0.0117986736254963	-0.000364780505314604
2493	0.0118227378402403	-0.000355835414014941
2494	0.0118468135247719	-0.000346666289712241
2495	0.0118709026817954	-0.000337280044560724
2496	0.0118950075618984	-0.000327685195427478
2497	0.0119191300777914	-0.000317890078211276
2498	0.0119432721905898	-0.000307903522493156
2499	0.0119674358393261	-0.00029773449697635
2500	0.0119916232947118	-0.000287393071396909
2501	0.0120158365218606	-0.000276888534400927
2502	0.0120400770432135	-0.000266228915188909
2503	0.0120643466501631	-0.000255422978049174
2504	0.0120886471139247	-0.00024447933059307
2505	0.0121129801929987	-0.000233406383656085
2506	0.0121373476431697	-0.000222212316729273
2507	0.0121617515413605	-0.00021090599443586
2508	0.0121861935725177	-0.000199494749337952
2509	0.0122106752569733	-0.000187984937309928
2510	0.0122351984567523	-0.000176383389055724
2511	0.0122597651260034	-0.00016469653974297
2512	0.0122843773433989	-0.000152930378644818
2513	0.0123090373516671	-0.000141090377178885
2514	0.0123337477177414	-0.000129181753836653
2515	0.0123585123127718	-0.000117212569731844
2516	0.0123833330771687	-0.00010518385325451
2517	0.0124082122911685	-9.30985965243497e-05
2518	0.0124331522895067	-8.09608682964287e-05
2519	0.0124581570729927	-6.87815739893449e-05
2520	0.0124832262956466	-5.65555998480246e-05
2521	0.0125083631409701	-4.42899784797456e-05
2522	0.0125335546116529	-3.19978950861021e-05
2523	0.0125545907663576	-2.17312907593888e-05
2524	0.0125721533300324	-1.31576723412143e-05
2525	0.0125868132927725	-5.99232879366785e-06
2526	0.0125990385445118	-7.4053608985e-10
2659	0.00960130889248303	2.30600515819775e-05
2658	0.00960427549742082	4.2874269362351e-05
2657	0.0096089225001251	5.99942707384221e-05
2656	0.00961507738659725	7.48986147225853e-05
2655	0.00962266843606397	8.79751498232767e-05
2654	0.00963154967032172	9.95782689519488e-05
2653	0.00964157761896636	0.000110031883133272
2652	0.00965269011877805	0.000119597677412886
2651	0.00966489912730737	0.000128463986742473
2650	0.00967805598887562	0.000136884732238346
2649	0.00969211947179538	0.000145042646380765
2648	0.00970710882085018	0.000153055047295948
2647	0.0097229510288589	0.00016108510944175
2646	0.00973959038314621	0.000169273751905511
2645	0.00975699763230457	0.0001777230318111
2644	0.00977518487310096	0.000186465995033338
2643	0.00979407377802908	0.000195602217033662
2642	0.00981361908367721	0.000205175461121167
2641	0.00983378008930969	0.000215193007935704
2640	0.0098545114883933	0.000225632342649641
2639	0.00987578154313472	0.00023640849519944
2638	0.00989751809031036	0.000247473362455838
2637	0.00991966705148836	0.00025875628000803
2636	0.00994218241105699	0.000270183070075584
2635	0.00996502182279898	0.000281684406465231
2634	0.00998814685088318	0.000293196173694824
2633	0.0100115231306948	0.000304659247213931
2632	0.0100351271739394	0.000315997931253139
2631	0.0100589225402761	0.000327189297062937
2630	0.0100828858620523	0.000338190073107773
2629	0.0101069966725679	0.000348961982538939
2628	0.010131237096656	0.000359471583570277
2627	0.0101555915455947	0.00036969012280395
2626	0.0101800464253595	0.000379593409846201
2625	0.0102045927602295	0.000389144948640865
2624	0.010229216750012	0.00039834531552001
2623	0.0102539090639908	0.000407184619533892
2622	0.0102786616512571	0.000415655723552271
2621	0.0103034672566945	0.00042375575963853
2620	0.0103283192500138	0.000431486112590016
2619	0.0103532123187017	0.000438840228839153
2618	0.0103781397521197	0.000445827099285484
2617	0.0104030949628787	0.000452461686515065
2616	0.0104280723571294	0.000458750867166128
2615	0.0104530666117575	0.000464701642739435
2614	0.0104780727296171	0.000470312216508006
2613	0.0105030855324118	0.000475583459581851
2612	0.0105281004223389	0.000480537018006421
2611	0.0105531134258229	0.000485179692423987
2610	0.0105781207970648	0.000489515462597391
2609	0.01060311780153	0.000493529493274443
2608	0.0106281023912229	0.000497251456339979
2607	0.0106530719985704	0.000500686930273957
2606	0.0106780232220268	0.0005038294477702
2605	0.0107029531665326	0.000506679460451478
2604	0.0107278615545447	0.00050925743197818
2603	0.0107527465037437	0.000511563507970301
2602	0.0107776037169757	0.000513579972344221
2601	0.0108024352072412	0.000515334587370351
2600	0.0108272397862054	0.000516826817555106
2599	0.0108520128808952	0.000518035511227953
2598	0.0108767579311925	0.000518987905210955
2597	0.0109014734105455	0.000519678512019655
2596	0.010926156153819	0.000520094265183779
2595	0.0109508098842584	0.000520257440056719
2594	0.0109754318204103	0.000520155539968304
2593	0.011000021889306	0.000519790116441885
2592	0.0110245829980998	0.000519174995525901
2591	0.0110491104688325	0.000518289538577562
2590	0.0110736086092971	0.000517152615778057
2589	0.0110980771146412	0.000515761790473885
2588	0.0111225136999084	0.000514106985980708
2587	0.011146923148267	0.000512205775184136
2586	0.011171301973923	0.000510042760421954
2585	0.0111956532960215	0.000507627902951213
2584	0.0112199784657034	0.000504963489038269
2583	0.0112442747704466	0.000502037126155111
2582	0.0112685475798491	0.000498864851521135
2581	0.0112927945090563	0.000495434878058042
2580	0.0113170180536837	0.000491752218959807
2579	0.011341220678897	0.000487820998666499
2578	0.0113653996410649	0.000483627917708792
2577	0.0113895604510997	0.0004791863667405
2576	0.0114137023764429	0.000474489035944304
2575	0.0114378265802165	0.000469534849867184
2574	0.0114619363929396	0.000464329371091729
2573	0.0114860305298207	0.000458863850938028
2572	0.0115101123349735	0.000453143901925502
2571	0.0115341837577529	0.00044717076766447
2570	0.0115582437335485	0.00044093680412766
2569	0.0115822962969467	0.000434449754228115
2568	0.0116063427823864	0.000427709377005307
2567	0.0116303830226157	0.000420711289027972
2566	0.0116544205113873	0.00041346205493892
2565	0.0116784567168564	0.00040596256307692
2564	0.0117024923705823	0.000398211939612016
2563	0.011726530127598	0.000390215241907349
2562	0.0117505718155906	0.000381975576273769
2561	0.0117746190139789	0.000373495856860792
2560	0.0117986736254963	0.000364780505313729
2559	0.0118227378402403	0.000355835414014117
2558	0.0118468135247719	0.000346666289711473
2557	0.0118709026817954	0.000337280044560022
2556	0.0118950075618984	0.000327685195426831
2555	0.0119191300777914	0.000317890078215297
2554	0.0119432721905898	0.000307903522492624
2553	0.0119674358393261	0.000297734496975894
2552	0.0119916232947118	0.000287393071382566
2551	0.0120158365218606	0.000276888534397994
2550	0.0120400770432135	0.000266228915177838
2549	0.0120643466501631	0.000255422978048892
2548	0.0120886471139247	0.000244479330592585
2547	0.0121129801929987	0.000233406383655891
2546	0.0121373476431697	0.000222212316729139
2545	0.0121617515413605	0.000210905994430257
2544	0.0121861935725177	0.00019949474933788
2543	0.0122106752569733	0.000187984937309767
2542	0.0122351984567523	0.000176383389055706
2541	0.0122597651260034	0.000164696539743171
2540	0.0122843773433989	0.000152930378644845
2539	0.0123090373516671	0.000141090377177297
2538	0.0123337477177414	0.000129181753836718
2537	0.0123585123127718	0.000117212569732369
2536	0.0123833330771687	0.000105183853254629
2535	0.0124082122911685	9.30985965244995e-05
2534	0.0124331522895067	8.09608682982771e-05
2533	0.0124581570729927	6.87815740002195e-05
2532	0.0124832262956466	5.65555998481503e-05
2531	0.0125083631409701	4.42899784869923e-05
2530	0.0125335546116529	3.19978950861887e-05
2529	0.0125545907663576	2.17312907594438e-05
2528	0.0125721533300324	1.31576723412536e-05
2527	0.0125868132927725	5.9923287936842e-06
2661	0.014401308892483	-2.26301102929041e-05
2660	0.0144002308965401	-7.4053270803e-10
2662	0.0144042754974208	-4.12519918298105e-05
2663	0.0144089225001251	-5.65470316963641e-05
2664	0.0144150773865973	-6.91034969963005e-05
2665	0.014422668436064	-7.94020664874355e-05
2666	0.0144315496703217	-8.78762809420321e-05
2667	0.0144415776189663	-9.49180421941847e-05
2668	0.0144526901187781	-0.000100848350335862
2669	0.0144648991273074	-0.000105908280519698
2670	0.0144780559888756	-0.000110399186011986
2671	0.0144921194717954	-0.00011454703663475
2672	0.0145071088208502	-0.000118509239573788
2673	0.0145229510288589	-0.000122486560967953
2674	0.0145395903831462	-0.000126655114477561
2675	0.0145569976323046	-0.0001311500683256
2676	0.014575184873101	-0.000136035477945105
2677	0.0145940737780291	-0.000141439508374286
2678	0.0146136190836772	-0.00014743148938365
2679	0.0146337800893097	-0.000154040685720261
2680	0.0146545114883933	-0.000161262198962306
2681	0.0146757815431347	-0.000169023496699962
2682	0.0146975180903103	-0.000177284030118784
2683	0.0147196670514884	-0.000185977866456688
2684	0.014742182411057	-0.000195033471681996
2685	0.014765021822799	-0.00020438227645922
2686	0.0147881468508832	-0.000213959235842644
2687	0.0148115231306948	-0.000223702799766274
2688	0.0148351271739394	-0.000233533523001953
2689	0.014858922540276	-0.000243423544075077
2690	0.0148828858620522	-0.000253323591981053
2691	0.0149069966725679	-0.00026318841981819
2692	0.014931237096656	-0.000272976714078146
2693	0.0149555915455947	-0.00028265099704565
2694	0.0149800464253595	-0.000292177535752624
2695	0.0150045927602295	-0.000301509496523333
2696	0.015029216750012	-0.000310636339109176
2697	0.0150539090639908	-0.000319536291329897
2698	0.0150786616512571	-0.000328189586618946
2699	0.0151034672566945	-0.00033658000076873
2700	0.0151283192500137	-0.000344694867171532
2701	0.0151532123187016	-0.000352513183910836
2702	0.0151781397521197	-0.000360030221197238
2703	0.0152030949628787	-0.000367248471761407
2704	0.0152280723571294	-0.00037416362041344
2705	0.0152530666117575	-0.000380772753268277
2706	0.0152780727296171	-0.000387065419511064
2707	0.0153030855324118	-0.000393035069341229
2708	0.0153281004223389	-0.000398697127713558
2709	0.0153531134258229	-0.000404053331191609
2710	0.0153781207970648	-0.000409103701306407
2711	0.0154031178015299	-0.000413830503571078
2712	0.0154281023912229	-0.000418261518698585
2713	0.0154530719985704	-0.000422401368767251
2714	0.0154780232220268	-0.000426243561795904
2715	0.0155029531665325	-0.000429789355752843
2716	0.0155278615545447	-0.000433060839869478
2717	0.0155527465037437	-0.000436060547532597
2718	0.0155776037169757	-0.000438773883168779
2719	0.0156024352072412	-0.000441232427974867
2720	0.0156272397862054	-0.000443440138419138
2721	0.0156520128808952	-0.000445380986283689
2722	0.0156767579311925	-0.00044708770047381
2723	0.0157014734105455	-0.000448560347495485
2724	0.015726156153819	-0.000449791447748935
2725	0.0157508098842584	-0.000450808911468773
2726	0.0157754318204102	-0.000451605936764191
2727	0.0158000218893059	-0.000452189839748079
2728	0.0158245829980997	-0.000452580298426415
2729	0.0158491104688325	-0.000452762624295726
2730	0.0158736086092971	-0.000452761750067205
2731	0.0158980771146412	-0.000452581432238511
2732	0.0159225136999084	-0.000452217929356274
2733	0.015946923148267	-0.000451695312348205
2734	0.015971301973923	-0.000451004860898681
2735	0.0159956532960214	-0.000450163410168499
2736	0.0160199784657034	-0.000449180341429636
2737	0.0160442747704466	-0.000448050595634604
2738	0.0160685475798491	-0.000446797808724232
2739	0.0160927945090563	-0.000445418082575913
2740	0.0161170180536837	-0.000443924634844698
2741	0.016141220678897	-0.00044233014406184
2742	0.0161653996410648	-0.000440630243501426
2743	0.0161895604510997	-0.00043884766691092
2744	0.0162137023764429	-0.000436984785703565
2745	0.0162378265802165	-0.000435050411690186
2746	0.0162619363929395	-0.000433060197658663
2747	0.0162860305298207	-0.000431015698490222
2748	0.0163101123349735	-0.000428933054127653
2749	0.0163341837577529	-0.000426824269742571
2750	0.0163582437335485	-0.000424692701015496
2751	0.0163822962969467	-0.00042255733245708
2752	0.0164063427823864	-0.000420429407396797
2753	0.0164303830226157	-0.000418316264593993
2754	0.0164544205113873	-0.00041623642189128
2755	0.0164784567168564	-0.000414202939954417
2756	0.0165024923705822	-0.000412227318656284
2757	0.016526530127598	-0.000410327167739783
2758	0.0165505718155906	-0.000408518295488232
2759	0.0165746190139789	-0.000406816430991813
2760	0.0165986736254962	-0.000405238879637255
2761	0.0166227378402403	-0.000403804433857543
2762	0.0166468135247718	-0.000402531654814038
2763	0.0166709026817953	-0.000401440191959058
2764	0.0166950075618983	-0.000400551023119091
2765	0.0167191300777913	-0.000399881656211027
2766	0.0167432721905898	-0.000399440191058106
2767	0.016767435839326	-0.000399223034019364
2768	0.0167916232947118	-0.000399215363280122
2769	0.0168158365218606	-0.000399388698847766
2770	0.0168400770432135	-0.000399699779395857
2771	0.0168643466501631	-0.000400091766457556
2772	0.0168886471139247	-0.000400492360687659
2773	0.0169129801929986	-0.000400812499183803
2774	0.0169373476431697	-0.000400944698972456
2775	0.0169617515413605	-0.000400761879873786
2776	0.0169861935725177	-0.000400112432433377
2777	0.0170106752569733	-0.000398817235532424
2778	0.0170351984567523	-0.000396666466961336
2779	0.0170597651260034	-0.000393412593610776
2780	0.0170843773433989	-0.000388762109410975
2781	0.0171090373516671	-0.000382364326622873
2782	0.0171337477177414	-0.000373796276154177
2783	0.0171585123127718	-0.000362548192604838
2784	0.0171833330771687	-0.000348050173613113
2785	0.0172082122911685	-0.000329745985864392
2786	0.0172331522895067	-0.000307092141274741
2787	0.0172581570729927	-0.0002795490223886
2788	0.0172832262956466	-0.000246535134897982
2789	0.0173083631409701	-0.00020741661740843
2790	0.0173335546116529	-0.000161451839131137
2791	0.0173545907663576	-0.00011716109567403
2792	0.0173721533300324	-7.53571066586826e-05
2793	0.0173868132927725	-3.62967300245886e-05
2794	0.0173990385445118	-7.4055038228e-10
2927	0.014401308892483	2.26301079986117e-05
2926	0.0144042754974208	4.12519772670192e-05
2925	0.0144089225001251	5.65469924180334e-05
2924	0.0144150773865973	6.91034226410832e-05
2923	0.014422668436064	7.94019509012667e-05
2922	0.0144315496703217	8.78761274194253e-05
2921	0.0144415776189663	9.49178445240155e-05
2920	0.0144526901187781	0.000100848120340854
2919	0.0144648991273074	0.000105908027383956
2918	0.0144780559888756	0.000110398921621639
2917	0.0144921194717954	0.000114546773044049
2916	0.0145071088208502	0.000118508988436482
2915	0.0145229510288589	0.000122486332506311
2914	0.0145395903831462	0.00012665491658215
2913	0.0145569976323046	0.000131149905845924
2912	0.014575184873101	0.000136035352342304
2911	0.0145940737780291	0.00014143941762801
2910	0.0146136190836772	0.000147431428293417
2909	0.0146337800893097	0.000154040646666883
2908	0.0146545114883933	0.000161262172969641
2907	0.0146757815431347	0.00016902347473696
2906	0.0146975180903103	0.000177284003970773
2905	0.0147196670514884	0.000185977829077957
2904	0.014742182411057	0.000195033417674272
2903	0.014765021822799	0.000204382201975778
2902	0.0147881468508832	0.000213959138553418
2901	0.0148115231306948	0.000223702678694533
2900	0.0148351271739394	0.000233533378298144
2899	0.014858922540276	0.000243423376818951
2898	0.0148828858620522	0.00025332340396726
2897	0.0149069966725679	0.000263188213348163
2896	0.014931237096656	0.000272976491776288
2895	0.0149555915455947	0.000282650761751618
2894	0.0149800464253595	0.000292177290346313
2893	0.0150045927602295	0.000301509243828353
2892	0.015029216750012	0.000310636081931016
2891	0.0150539090639908	0.000319536032303293
2890	0.0150786616512571	0.000328189328235866
2889	0.0151034672566945	0.000336579745352353
2888	0.0151283192500137	0.000344694616873392
2887	0.0151532123187016	0.000352512940706535
2886	0.0151781397521197	0.000360029986833908
2885	0.0152030949628787	0.000367248247751228
2884	0.0152280723571294	0.000374163407982982
2883	0.0152530666117575	0.000380772554782916
2882	0.0152780727296171	0.00038706523290023
2881	0.0153030855324118	0.000393034896388943
2880	0.0153281004223389	0.000398696968589074
2879	0.0153531134258229	0.000404053185263471
2878	0.0153781207970648	0.000409103569418786
2877	0.0154031178015299	0.000413830383168938
2876	0.0154281023912229	0.000418261394515791
2875	0.0154530719985704	0.00042240127388575
2874	0.0154780232220268	0.000426243477648278
2873	0.0155029531665325	0.000429789282358847
2872	0.0155278615545447	0.000433060774263349
2871	0.0155527465037437	0.000436060489610318
2870	0.0155776037169757	0.000438773831873207
2869	0.0156024352072412	0.000441232382196556
2868	0.0156272397862054	0.000443440097081959
2867	0.0156520128808952	0.00044538094836613
2866	0.0156767579311925	0.000447087664952196
2865	0.0157014734105455	0.000448560313399108
2864	0.015726156153819	0.000449791414187997
2863	0.0157508098842584	0.000450808877563248
2862	0.0157754318204102	0.000451605901716154
2861	0.0158000218893059	0.000452189802842622
2860	0.0158245829980997	0.000452580258969021
2859	0.0158491104688325	0.000452762581701516
2858	0.0158736086092971	0.000452761703786136
2857	0.0158980771146412	0.000452581381793208
2856	0.0159225136999084	0.000452217874354832
2855	0.015946923148267	0.000451695252436971
2854	0.015971301973923	0.000451004795805981
2853	0.0159956532960214	0.00045016333969226
2852	0.0160199784657034	0.000449180265408997
2851	0.0160442747704466	0.000448050513992144
2850	0.0160685475798491	0.000446797721428995
2849	0.0160927945090563	0.000445417989664184
2848	0.0161170180536837	0.000443924536411012
2847	0.016141220678897	0.000442330040248293
2846	0.0161653996410648	0.000440630134531249
2845	0.0161895604510997	0.000438847553083361
2844	0.0162137023764429	0.000436984667253558
2843	0.0162378265802165	0.000435050289091332
2842	0.0162619363929395	0.000433060071298831
2841	0.0162860305298207	0.00043101556885753
2840	0.0163101123349735	0.000428932921777032
2839	0.0163341837577529	0.000426824135231808
2838	0.0163582437335485	0.000424692564940177
2837	0.0163822962969467	0.000422557195424269
2836	0.0164063427823864	0.00042042927019872
2835	0.0164303830226157	0.000418316127906883
2834	0.0164544205113873	0.000416236286480596
2833	0.0164784567168564	0.000414202806618623
2832	0.0165024923705822	0.000412227188236945
2831	0.016526530127598	0.000410327041102291
2830	0.0165505718155906	0.000408518173550277
2829	0.0165746190139789	0.000406816314679416
2828	0.0165986736254962	0.000405238769925777
2827	0.0166227378402403	0.000403804331766792
2826	0.0166468135247718	0.000402531561285486
2825	0.0166709026817953	0.000401440108035982
2824	0.0166950075618983	0.000400550949833224
2823	0.0167191300777913	0.000399881594534819
2822	0.0167432721905898	0.000399440141975379
2821	0.016767435839326	0.000399222998510153
2820	0.0167916232947118	0.00039921534198886
2819	0.0168158365218606	0.000399388692287738
2818	0.0168400770432135	0.000399699787639448
2817	0.0168643466501631	0.000400091789070593
2816	0.0168886471139247	0.000400492396779491
2815	0.0169129801929986	0.000400812547219506
2814	0.0169373476431697	0.000400944756697972
2813	0.0169617515413605	0.000400761944386832
2812	0.0169861935725177	0.000400112499979431
2811	0.0170106752569733	0.00039881730159207
2810	0.0170351984567523	0.000396666526209774
2809	0.0170597651260034	0.000393412640038995
2808	0.0170843773433989	0.000388762136280522
2807	0.0171090373516671	0.000382364326680635
2806	0.0171337477177414	0.000373796241830637
2805	0.0171585123127718	0.000362548116609406
2804	0.0171833330771687	0.000348050050970671
2803	0.0172082122911685	0.000329745815180338
2802	0.0172331522895067	0.000307091925594161
2801	0.0172581570729927	0.000279548769624235
2800	0.0172832262956466	0.00024653485849186
2799	0.0173083631409701	0.000207416336953011
2798	0.0173335546116529	0.00016145158114516
2797	0.0173545907663576	0.00011716088250766
2796	0.0173721533300324	7.53569550206312e-05
2795	0.0173868132927725	3.62966498761688e-05
126	0.00240130889248303	0.00107658628407808
125	0.00240023089654014	0.00109999925946655
127	0.00240427549742082	0.00105581299943117
128	0.0024089225001251	0.00103726352697312
129	0.00241507738659725	0.00102057297726162
130	0.00242266843606397	0.00100544952316005
131	0.00243154967032172	0.000991620597351815
132	0.00244157761896636	0.00097883264703933
133	0.00245269011877805	0.00096688531239044
134	0.00246489912730737	0.000955644510400846
135	0.00247805598887562	0.000944904665257645
136	0.00249211947179538	0.000934526402615926
137	0.00250710882085018	0.000924431463297037
138	0.0025229510288589	0.000914491698086488
139	0.00253959038314621	0.00090459701135806
140	0.00255699763230457	0.000894671759500119
141	0.00257518487310096	0.000884704363226774
142	0.00259407377802908	0.000874610972616671
143	0.00261361908367721	0.000864356842801999
144	0.00263378008930969	0.000853936010885574
145	0.0026545114883933	0.000843363574596885
146	0.00267578154313472	0.000832707500249447
147	0.00269751809031036	0.000821991323868173
148	0.00271966705148835	0.000811259525099138
149	0.00274218241105699	0.000800560365378768
150	0.00276502182279897	0.000789937958404057
151	0.00278814685088318	0.000779432240776552
152	0.00281152313069478	0.000769079433422423
153	0.00283512717393942	0.000758933769539868
154	0.00285892254027605	0.000748998267513799
155	0.00288288586205224	0.000739297908385913
156	0.00290699667256794	0.000729854329112767
157	0.00293123709665604	0.000720685994607282
158	0.00295559154559467	0.000711808344043123
159	0.00298004642535952	0.000703233908681077
160	0.00300459276022951	0.000694989168733459
161	0.00302921675001203	0.000687065163873809
162	0.0030539090639908	0.000679465022687053
163	0.00307866165125709	0.000672190726541359
164	0.00310346725669447	0.000665241579058193
165	0.00312831925001375	0.000658614202565686
166	0.00315321231870164	0.000652314527280611
167	0.00317813975211974	0.00064633353913129
168	0.00320309496287872	0.0006406565017265
169	0.00322807235712943	0.000635276987622715
170	0.00325306661175755	0.000630188649863697
171	0.0032780727296171	0.000625394126867843
172	0.00330308553241178	0.00062089355665642
173	0.00332810042233888	0.000616666454866472
174	0.00335311342582291	0.000612707316794715
175	0.00337812079706484	0.000609013575804262
176	0.00340311780152995	0.000605601580880959
177	0.0034281023912229	0.000602443261792583
178	0.0034530719985704	0.000599534719952001
179	0.00347802322202682	0.000596884163314036
180	0.00350295316653256	0.000594492935854534
181	0.00352786155454469	0.000592342416284355
182	0.00355274650374366	0.000590434340557752
183	0.00357760371697568	0.000588788338779154
184	0.00360243520724123	0.00058737859232599
185	0.00362723978620539	0.000586207607017242
186	0.00365201288089521	0.000585298524820026
187	0.00367675793119249	0.000584626070124358
188	0.0037014734105455	0.000584197605285789
189	0.00372615615381899	0.0005840279831381
190	0.00375080988425842	0.000584096633682793
191	0.00377543182041026	0.000584417683279487
192	0.00380002188930595	0.00058499113929375
193	0.00382458299809976	0.000585804669901232
194	0.00384911046883252	0.00058688034741067
195	0.00387360860929707	0.00058820067932073
196	0.00389807711464121	0.00058976942878941
197	0.00392251369990838	0.000591597951177585
198	0.00394692314826703	0.000593669908911223
199	0.00397130197392304	0.000596001895059405
200	0.00399565329602145	0.000598585107201377
201	0.00401997846570342	0.000601418385192882
202	0.00404427477044663	0.000604515217749924
203	0.00406854757984911	0.000607860637411203
204	0.00409279450905631	0.000611467477609546
205	0.00411701805368369	0.000615331750925882
206	0.00414122067889697	0.000619450341450967
207	0.00416539964106486	0.000623837542581487
208	0.00418956045109973	0.000628480943205486
209	0.00421370237644289	0.000633388768790896
210	0.00423782658021651	0.000638562872898075
211	0.00426193639293956	0.00064399832101817
212	0.00428603052982073	0.000649704336102172
213	0.00431011233497349	0.000655675621288602
214	0.00433418375775287	0.000661911084209111
215	0.00435824373354853	0.000668418348517863
216	0.00438229629694669	0.000675189471206718
217	0.00440634278238645	0.00068222430421068
218	0.0044303830226157	0.000689526642643539
219	0.00445442051138732	0.00069708912300621
220	0.00447845671685642	0.000704909835345538
221	0.00450249237058226	0.00071298839598879
222	0.00452653012759802	0.000721318240346314
223	0.0045505718155906	0.000729894490684938
224	0.00457461901397891	0.000738712182293988
225	0.00459867362549627	0.000747764548673462
226	0.00462273784024031	0.000757043043118519
227	0.00464681352477186	0.000766538980304442
228	0.00467090268179535	0.00077624213113681
229	0.00469500756189836	0.000786140313849345
230	0.00471913007779136	0.0007962212951969
231	0.00474327219058984	0.000806472388355708
232	0.00476743583932605	0.000816880873934679
233	0.00479162329471176	0.000827433037213677
234	0.00481583652186058	0.000838116044639251
235	0.00484007704321347	0.000848918412554561
236	0.00486434665016312	0.000859827998355613
237	0.00488864711392474	0.00087083287355862
238	0.00491298019299866	0.000881921340205889
239	0.0049373476431697	0.000893081936234072
240	0.00496175154136049	0.000904302483427122
241	0.00498619357251767	0.000915572261347415
242	0.00501067525697333	0.00092688139914622
243	0.0050351984567523	0.000938219358839464
244	0.00505976512600337	0.000949575724108278
245	0.00508437734339888	0.000960940146738675
246	0.0051090373516671	0.00097230228340112
247	0.00513374771774141	0.000983651350637554
248	0.00515851231277182	0.000994972828345473
249	0.00518333307716872	0.00100625874454712
250	0.00520821229116851	0.00101749937056379
251	0.0052331522895067	0.00102868402985356
252	0.00525815707299269	0.00103979506724839
253	0.00528322629564661	0.00105083029666777
254	0.00530836314097008	0.00106177415568081
255	0.00533355461165294	0.00107260340876362
256	0.00535459076635759	0.00108153187197776
257	0.0053721533300324	0.00108889589492544
258	0.00538681329277251	0.00109497399997796
259	0.0053990385445118	0.00109999925946422
319	0.00720130889248303	0.00107694606866702
318	0.00720023089654014	0.00109999925946689
320	0.00720427549742082	0.00105714848345468
321	0.0072089225001251	0.0010400533251651
322	0.00721507738659726	0.00102518007974598
323	0.00722266843606397	0.00101213922971789
324	0.00723154967032172	0.00100057493892468
325	0.00724157761896636	0.000990162044709784
326	0.00725269011877806	0.000980637735271493
327	0.00726489912730737	0.000971812664342938
328	0.00727805598887562	0.000963431979739299
329	0.00729211947179538	0.000955312084650437
330	0.00730710882085018	0.000947334848403556
331	0.0073229510288589	0.000939336329233538
332	0.00733959038314621	0.000931174886461418
333	0.00735699763230457	0.000922747788472728
334	0.00737518487310096	0.000914021369511685
335	0.00739407377802908	0.000904895501536322
336	0.00741361908367721	0.000895325952191322
337	0.0074337800893097	0.000885305073815431
338	0.0074545114883933	0.000874855136534364
339	0.00747578154313472	0.000864061007866398
340	0.00749751809031036	0.000852970817764505
341	0.00751966705148836	0.000841655326499501
342	0.00754218241105699	0.000830188856049333
343	0.00756502182279898	0.000818640918995849
344	0.00758814685088319	0.000807075854058309
345	0.00761152313069478	0.000795553041414459
346	0.00763512717393943	0.000784148461512776
347	0.00765892254027606	0.000772885354193748
348	0.00768288586205225	0.000761807326639536
349	0.00770699667256795	0.000750953015054042
350	0.00773123709665605	0.00074035624384219
351	0.00775559154559468	0.000730046172223824
352	0.00778004642535952	0.000720047419796323
353	0.00780459276022952	0.000710396935543743
354	0.00782921675001204	0.00070109461997324
355	0.0078539090639908	0.000692150864641581
356	0.0078786616512571	0.000683573330904735
357	0.00790346725669448	0.000675365433826845
358	0.00792831925001376	0.000667526357422364
359	0.00795321231870165	0.000660063238354449
360	0.00797813975211975	0.000652967657943328
361	0.00800309496287873	0.00064622520206732
362	0.00802807235712943	0.000639829517197071
363	0.00805306661175756	0.000633774098686372
364	0.00807807272961711	0.000628061213449908
365	0.00810308553241179	0.000622690434109551
366	0.00812810042233889	0.000617640531915505
367	0.00815311342582292	0.000612905097928791
368	0.00817812079706485	0.000608480519598022
369	0.00820311780152996	0.00060438197632277
370	0.00822810239122291	0.000600580118541654
371	0.00825307199857041	0.000597069669395286
372	0.00827802322202683	0.000593857379644206
373	0.00830295316653256	0.000590943064090073
374	0.0083278615545447	0.00058830651019151
375	0.00835274650374367	0.000585947809964668
376	0.00837760371697569	0.00058388490555966
377	0.00840243520724124	0.000582090250714179
378	0.0084272397862054	0.000580564588577551
379	0.00845201288089522	0.000579329271428745
380	0.00847675793119249	0.000578357249845295
381	0.00850147341054551	0.000577654177668943
382	0.008526156153819	0.000577233267011519
383	0.00855080988425842	0.000577072368833283
384	0.00857543182041027	0.000577184087868359
385	0.00860002188930596	0.000577566963496976
386	0.00862458299809977	0.000578207244383408
387	0.00864911046883253	0.000579125628493718
388	0.00867360860929708	0.00058030329027366
389	0.00869807711464122	0.000581742697048817
390	0.00872251369990839	0.000583453942594523
391	0.00874692314826704	0.000585419458132551
392	0.00877130197392305	0.000587654632761647
393	0.00879565329602146	0.000590149484172127
394	0.00881997846570343	0.000592901692957269
395	0.00884427477044664	0.000595923606301057
396	0.00886854757984912	0.000599199129624667
397	0.00889279450905632	0.000602739980553014
398	0.0089170180536837	0.000606541064068339
399	0.00894122067889698	0.000610598161520785
400	0.00896539964106487	0.000614924465243793
401	0.00898956045109974	0.000619506463710759
402	0.0090137023764429	0.0006243513228529
403	0.00903782658021651	0.000629459937397843
404	0.00906193639293957	0.00063482652341594
405	0.00908603052982074	0.000640459564994495
406	0.0091101123349735	0.00064635313898126
407	0.00913418375775288	0.000652505642147856
408	0.00915824373354854	0.000658924306521369
409	0.00918229629694669	0.000665600921315909
410	0.00920634278238646	0.0006725351999708
411	0.00923038302261571	0.000679730934689653
412	0.00925442051138733	0.00068718090169842
413	0.00927845671685642	0.000694883481218523
414	0.00930249237058227	0.00070283873874679
415	0.00932653012759803	0.000711040727032174
416	0.00935057181559061	0.000719485363597831
417	0.00937461901397892	0.00072816866713182
418	0.00939867362549627	0.00073708505321526
419	0.00942273784024031	0.00074622736666259
420	0.00944681352477186	0.000755588533784066
421	0.00947090268179535	0.00076516016769254
422	0.00949500756189837	0.000774932167483769
423	0.00951913007779137	0.000784894559823036
424	0.00954327219058984	0.00079503695185756
425	0.00956743583932606	0.00080534891852832
426	0.00959162329471177	0.000815819042695293
427	0.00961583652186058	0.000826436797631885
428	0.00964007704321348	0.000837193024817834
429	0.00966434665016313	0.000848077937382599
430	0.00968864711392474	0.000859082009463121
431	0.00971298019299866	0.000870196013009433
432	0.00973734764316971	0.000881411048871519
433	0.00976175154136049	0.000892717626665046
434	0.00978619357251768	0.00090410787844253
435	0.00981067525697333	0.000915575000232791
436	0.0098351984567523	0.000927111798166487
437	0.00985976512600337	0.000938711557673079
438	0.00988437734339888	0.000950368094431456
439	0.0099090373516671	0.000962075829500488
440	0.00993374771774141	0.000973829531404142
441	0.00995851231277183	0.000985621230902028
442	0.00998333307716872	0.000997450071493867
443	0.0100082122911685	0.00100931325532054
444	0.0100331522895067	0.00102120689779467
445	0.0100581570729927	0.00103312023352594
446	0.0100832262956466	0.00104505842481561
447	0.0101083631409701	0.00105701432013987
448	0.0101335546116529	0.00106897452906908
449	0.0101545907663576	0.00107894696029788
450	0.0101721533300324	0.00108726224517513
451	0.0101868132927725	0.00109420184107513
452	0.0101990385445118	0.00109999925946399
512	0.012001308892483	0.00107696792016726
511	0.0120002308965401	0.00109999925946691
513	0.0120042754974208	0.00105723194101587
514	0.0120089225001251	0.00104023288974517
515	0.0120150773865972	0.0010254858355721
516	0.012022668436064	0.00101259756505373
517	0.0120315496703217	0.00100120914132402
518	0.0120415776189664	0.000990992798252123
519	0.012052690118778	0.000981683512573381
520	0.0120648991273074	0.000973090024929727
521	0.0120780559888756	0.0009649558140399
522	0.0120921194717954	0.000957095806652504
523	0.0121071088208502	0.000949390532092127
524	0.0121229510288589	0.000941674804509021
525	0.0121395903831462	0.000933805824033827
526	0.0121569976323046	0.000925679751344911
527	0.0121751848731009	0.000917261843791111
528	0.0121940737780291	0.000908450919468353
529	0.0122136190836772	0.000899201722917401
530	0.0122337800893097	0.000889505612163232
531	0.0122545114883933	0.000879383904100237
532	0.0122757815431347	0.00086892057334797
533	0.0122975180903104	0.000858162932461564
534	0.0123196670514883	0.00084718100164822
535	0.012342182411057	0.000836048436718849
536	0.012365021822799	0.000824834157852976
537	0.0123881468508832	0.000813601982334744
538	0.0124115231306948	0.000802410835190131
539	0.0124351271739394	0.000791336301726413
540	0.0124589225402761	0.000780401280952371
541	0.0124828858620522	0.000769649088105312
542	0.0125069966725679	0.000759118109362721
543	0.012531237096656	0.000748841955713404
544	0.0125555915455947	0.000738849604739244
545	0.0125800464253595	0.000729165521976086
546	0.0126045927602295	0.00071982652613016
547	0.012629216750012	0.000710832408203516
548	0.0126539090639908	0.000702193469285257
549	0.0126786616512571	0.0006939172965986
550	0.0127034672566945	0.000686007245923456
551	0.0127283192500137	0.000678462455410851
552	0.0127532123187016	0.000671290013572751
553	0.0127781397521197	0.000664481389154397
554	0.0128030949628787	0.000658021966822199
555	0.0128280723571294	0.000651905106126468
556	0.0128530666117575	0.000646123934056613
557	0.0128780727296171	0.000640680272147195
558	0.0129030855324118	0.000635573174569548
559	0.0129281004223389	0.000630780826393553
560	0.0129531134258229	0.000626296168589755
561	0.0129781207970648	0.000622114878139719
562	0.0130031178015299	0.000618251366423691
563	0.0130281023912229	0.000614675461648664
564	0.0130530719985704	0.000611381014117328
565	0.0130780232220268	0.00060837385045144
566	0.0131029531665325	0.000605652812876375
567	0.0131278615545447	0.000603196668626886
568	0.0131527465037437	0.000601004441772688
569	0.0131776037169757	0.000599092957849054
570	0.0132024352072412	0.000597433504952649
571	0.0132272397862054	0.000596025609994828
572	0.0132520128808952	0.000594889358751162
573	0.0132767579311925	0.000593996427150273
574	0.0133014734105455	0.000593351236688054
575	0.013326156153819	0.000592965810600733
576	0.0133508098842584	0.000592816849655325
577	0.0133754318204102	0.000592915842400996
578	0.0134000218893059	0.000593260241591198
579	0.0134245829980997	0.000593835234545494
580	0.0134491104688325	0.00059466047913413
581	0.0134736086092971	0.000595716127167446
582	0.0134980771146412	0.000597003636669708
583	0.0135225136999084	0.000598532102242731
584	0.013546923148267	0.000600282961993205
585	0.013571301973923	0.000602270614509807
586	0.0135956532960214	0.000604484086364624
587	0.0136199784657034	0.000606920062139461
588	0.0136442747704466	0.000609589885314073
589	0.0136685475798491	0.000612476445689846
590	0.0136927945090563	0.000615590429672521
591	0.0137170180536837	0.000618925692070013
592	0.013741220678897	0.000622476940235351
593	0.0137653996410648	0.00062625626527189
594	0.0137895604510997	0.000630249024159284
595	0.0138137023764429	0.000634461249324824
596	0.0138378265802165	0.000638892745793971
597	0.0138619363929396	0.000643536692057513
598	0.0138860305298207	0.000648400590734504
599	0.0139101123349735	0.000653477597798225
600	0.0139341837577529	0.000658765254583735
601	0.0139582437335485	0.000664270009744303
602	0.0139822962969467	0.000669982948136379
603	0.0140063427823864	0.000675903165833406
604	0.0140303830226157	0.000682033934043428
605	0.0140544205113873	0.000688367614407127
606	0.0140784567168564	0.000694902290179478
607	0.0141024923705823	0.000701637859990146
608	0.014126530127598	0.000708568353235239
609	0.0141505718155906	0.000715689822093168
610	0.0141746190139789	0.000722998593580977
611	0.0141986736254963	0.000730489581859574
612	0.0142227378402403	0.000738156338018935
613	0.0142468135247718	0.000745992720577887
614	0.0142709026817953	0.000753991519539269
615	0.0142950075618983	0.000762144082450797
616	0.0143191300777914	0.000770442469878686
617	0.0143432721905898	0.000778879585110806
618	0.014367435839326	0.000787449766987818
619	0.0143916232947118	0.000796147894883757
620	0.0144158365218606	0.000804971346328216
621	0.0144400770432135	0.000813920566158829
622	0.0144643466501631	0.000822997183989387
623	0.0144886471139247	0.000832205047700387
624	0.0145129801929987	0.000841550443931613
625	0.0145373476431697	0.000851042364325202
626	0.0145617515413605	0.000860691887547899
627	0.0145861935725177	0.000870514782670308
628	0.0146106752569733	0.000880531455896168
629	0.0146351984567523	0.000890766156316973
630	0.0146597651260034	0.000901248714110129
631	0.0146843773433989	0.000912015749780194
632	0.0147090373516671	0.000923112315633957
633	0.0147337477177414	0.00093459379403317
634	0.0147585123127718	0.000946525278804905
635	0.0147833330771687	0.000958986317210364
636	0.0148082122911685	0.000972052817611972
637	0.0148331522895067	0.000985797971317513
638	0.0148581570729927	0.00100028859073153
639	0.0148832262956466	0.00101561124200497
640	0.0149083631409701	0.00103184960945987
641	0.0149335546116529	0.00104909746283623
642	0.0149545907663576	0.00106435199295104
643	0.0149721533300324	0.00107778295140559
644	0.0149868132927725	0.00108959923570475
645	0.0149990385445118	0.00109999925946174
1687	0.00240023089654014	-0.00110000074053209
1686	0.00240130889248303	-0.00107658628881865
1685	0.00240427549742082	-0.00105581301712182
1684	0.0024089225001251	-0.00103726356413621
1683	0.00241507738659725	-0.00102057303899651
1682	0.00242266843606397	-0.00100544961336252
1681	0.00243154967032172	-0.000991620718891053
1680	0.00244157761896636	-0.000978832801901112
1679	0.00245269011877805	-0.000966885501754728
1678	0.00246489912730737	-0.000955644734863332
1677	0.00247805598887562	-0.000944904924705351
1676	0.00249211947179538	-0.000934526696409568
1675	0.00250710882085018	-0.000924431790295446
1674	0.0025229510288589	-0.000914492056688323
1673	0.00253959038314621	-0.000904597399547312
1672	0.00255699763230457	-0.000894672174892455
1671	0.00257518487310096	-0.000884704803118323
1670	0.00259407377802908	-0.000874611434051971
1669	0.00261361908367721	-0.000864357322630255
1668	0.00263378008930969	-0.000853936505857233
1667	0.0026545114883933	-0.00084336408143614
1666	0.00267578154313472	-0.000832708015785308
1665	0.00269751809031036	-0.000821991845104638
1664	0.00271966705148835	-0.000811260049250906
1663	0.00274218241105699	-0.000800560889884325
1662	0.00276502182279897	-0.000789938480933764
1661	0.00278814685088318	-0.000779432759238912
1660	0.00281152313069478	-0.000769079945963851
1659	0.00283512717393942	-0.000758934274547602
1658	0.00285892254027605	-0.000748998763605943
1657	0.00288288586205224	-0.00073929839442002
1656	0.00290699667256794	-0.000729854804174252
1655	0.00293123709665604	-0.000720686458007105
1654	0.00295559154559467	-0.000711808795313114
1653	0.00298004642535952	-0.000703234347569457
1652	0.00300459276022951	-0.000694989595199916
1651	0.00302921675001203	-0.000687065578082719
1650	0.0030539090639908	-0.000679465425004714
1649	0.00307866165125709	-0.000672191117528143
1648	0.00310346725669447	-0.000665241959453026
1647	0.00312831925001375	-0.000658614573318054
1646	0.00315321231870164	-0.00065231488948232
1645	0.00317813975211974	-0.000646333894038397
1644	0.00320309496287872	-0.000640656850728961
1643	0.00322807235712943	-0.000635277332224192
1642	0.00325306661175755	-0.000630188991661965
1641	0.0032780727296171	-0.00062539446753599
1640	0.00330308553241178	-0.000620893897924941
1639	0.00332810042233888	-0.000616666798506348
1638	0.00335311342582291	-0.000612707664601535
1637	0.00337812079706484	-0.000609013929583501
1636	0.00340311780152995	-0.000605601942434084
1635	0.0034281023912229	-0.000602443632904534
1634	0.0034530719985704	-0.000599535102379333
1633	0.00347802322202682	-0.000596884558769722
1632	0.00350295316653256	-0.00059449334602121
1631	0.00352786155454469	-0.000592342842757486
1630	0.00355274650374366	-0.000590434784886329
1629	0.00357760371697568	-0.000588788802432601
1628	0.00360243520724123	-0.000587379076692184
1627	0.00362723978620539	-0.000586208113395695
1626	0.00365201288089521	-0.000585299054415643
1625	0.00367675793119249	-0.000584626624044851
1624	0.0037014734105455	-0.000584198184543656
1623	0.00372615615381899	-0.000584028588650652
1622	0.00375080988425842	-0.000584097266276222
1621	0.00377543182041026	-0.000584418343688574
1620	0.00380002188930595	-0.000584991828163288
1619	0.00382458299809976	-0.000585805387786893
1618	0.00384911046883252	-0.000586881094779996
1617	0.00387360860929707	-0.000588201456553045
1616	0.00389807711464121	-0.000589770236176361
1615	0.00392251369990838	-0.000591598788922982
1614	0.00394692314826703	-0.000593670777130977
1613	0.00397130197392304	-0.00059600279378101
1612	0.00399565329602145	-0.000598586036363125
1611	0.00401997846570342	-0.000601419344642972
1610	0.00404427477044663	-0.000604516207245212
1609	0.00406854757984911	-0.000607861656615738
1608	0.00409279450905631	-0.000611468526092779
1607	0.00411701805368369	-0.00061533282816058
1606	0.00414122067889697	-0.000619451446810953
1605	0.00416539964106486	-0.000623838675338575
1604	0.00418956045109973	-0.000628482102526833
1603	0.00421370237644289	-0.000633389953737762
1602	0.00423782658021651	-0.000638564082428359
1601	0.00426193639293956	-0.000643999553988884
1600	0.00428603052982073	-0.000649705591271941
1599	0.00431011233497349	-0.000655676897320139
1598	0.00433418375775287	-0.00066191237967218
1597	0.00435824373354853	-0.000668419661889906
1596	0.00438229629694669	-0.000675190800878197
1595	0.00440634278238645	-0.000682225648486143
1594	0.0044303830226157	-0.000689527999744789
1593	0.00445442051138732	-0.000697090491075625
1592	0.00447845671685642	-0.000704911212449515
1591	0.00450249237058226	-0.000712989780121699
1590	0.00452653012759802	-0.000721319629434425
1589	0.0045505718155906	-0.00072989588259163
1588	0.00457461901397891	-0.000738713574827543
1587	0.00459867362549627	-0.000747765939581507
1586	0.00462273784024031	-0.000757044430111964
1585	0.00464681352477186	-0.000766540361053053
1584	0.00467090268179535	-0.000776243503280221
1583	0.00469500756189836	-0.00078614167500587
1582	0.00471913007779136	-0.000796222642971785
1581	0.00474327219058984	-0.000806473720346717
1580	0.00476743583932605	-0.000816882187736343
1579	0.00479162329471176	-0.000827434330422944
1578	0.00481583652186058	-0.000838117314850458
1577	0.00484007704321347	-0.000848919657384748
1576	0.00486434665016312	-0.00085982921539268
1575	0.00488864711392474	-0.000870834060431741
1574	0.00491298019299866	-0.000881922494540755
1573	0.0049373476431697	-0.000893083055661492
1572	0.00496175154136049	-0.000904303565583572
1571	0.00498619357251767	-0.000915573303864149
1570	0.00501067525697333	-0.000926882399655596
1569	0.0050351984567523	-0.000938220314961619
1568	0.00505976512600337	-0.000949576633444756
1567	0.00508437734339888	-0.000960941006862606
1566	0.0051090373516671	-0.000972303091843694
1565	0.00513374771774141	-0.000983652104872697
1564	0.00515851231277182	-0.000994973525778551
1563	0.00518333307716872	-0.00100625938245846
1562	0.00520821229116851	-0.00101749994618132
1561	0.0052331522895067	-0.00102868454030782
1560	0.00525815707299269	-0.00103979550957554
1559	0.00528322629564661	-0.00105083066781792
1558	0.00530836314097008	-0.00106177445245215
1557	0.00533355461165294	-0.00107260362784487
1556	0.00535459076635759	-0.00108153202357304
1555	0.0053721533300324	-0.00108889598815704
1554	0.00538681329277251	-0.00109497404282857
1553	0.0053990385445118	-0.00110000074053382
1494	0.00720023089654014	-0.00110000074053209
1493	0.00720130889248303	-0.0010769460700694
1492	0.00720427549742082	-0.00105714848891615
1491	0.0072089225001251	-0.00104005333714388
1490	0.00721507738659726	-0.00102518010053388
1489	0.00722266843606397	-0.0010121392614702
1488	0.00723154967032172	-0.00100057498368558
1487	0.00724157761896636	-0.00099016210443493
1486	0.00725269011877806	-0.000980637811898947
1485	0.00726489912730737	-0.000971812759558896
1484	0.00727805598887562	-0.000963432095446164
1483	0.00729211947179538	-0.000955312222552699
1482	0.00730710882085018	-0.000947335010203668
1481	0.0073229510288589	-0.000939336516596097
1480	0.00733959038314621	-0.000931175101010894
1479	0.00735699763230457	-0.000922748031787184
1478	0.00737518487310096	-0.00091402164310733
1477	0.00739407377802908	-0.000904895806872803
1476	0.00741361908367721	-0.000895326290632041
1475	0.0074337800893097	-0.000885305446612892
1474	0.0074545114883933	-0.000874855544846063
1473	0.00747578154313472	-0.000864061452680144
1472	0.00749751809031036	-0.000852971299919606
1471	0.00751966705148836	-0.000841655846677117
1470	0.00754218241105699	-0.000830189414774863
1469	0.00756502182279898	-0.000818641516644898
1468	0.00758814685088319	-0.000807076490853204
1467	0.00761152313069478	-0.00079555371743969
1466	0.00763512717393943	-0.000784149176732431
1465	0.00765892254027606	-0.000772886108380818
1464	0.00768288586205225	-0.000761808119493223
1463	0.00770699667256795	-0.000750953846127739
1462	0.00773123709665605	-0.000740357112565215
1461	0.00775559154559468	-0.000730047077903811
1460	0.00778004642535952	-0.000720048361621707
1459	0.00780459276022952	-0.000710397912610597
1458	0.00782921675001204	-0.000701095631186633
1457	0.0078539090639908	-0.00069215190886866
1456	0.0078786616512571	-0.000683574406875854
1455	0.00790346725669448	-0.000675366540162909
1454	0.00792831925001376	-0.000667527492642446
1453	0.00795321231870165	-0.000660064400872518
1452	0.00797813975211975	-0.000652968846085906
1451	0.00800309496287873	-0.000646226414086204
1450	0.00802807235712943	-0.000639830751283266
1449	0.00805306661175756	-0.000633775352983383
1448	0.00807807272961711	-0.00062806248606636
1447	0.00810308553241179	-0.000622691723130995
1446	0.00812810042233889	-0.000617641835415504
1445	0.00815311342582292	-0.000612906413979126
1444	0.00817812079706485	-0.000608481846278071
1443	0.00820311780152996	-0.00060438331172806
1442	0.00822810239122291	-0.000600581460791444
1441	0.00825307199857041	-0.000597071016639904
1440	0.00827802322202683	-0.000593858730076029
1439	0.00830295316653256	-0.000590944415930597
1438	0.0083278615545447	-0.000588307861722028
1437	0.00835274650374367	-0.000585949159516905
1436	0.00837760371697569	-0.000583886251521202
1435	0.00840243520724124	-0.000582091591532747
1434	0.0084272397862054	-0.00058056592276461
1433	0.00845201288089522	-0.000579330597562391
1432	0.00847675793119249	-0.000578358566571148
1431	0.00850147341054551	-0.000577655483682748
1430	0.008526156153819	-0.000577234561121235
1429	0.00855080988425842	-0.000577073649862098
1428	0.00857543182041027	-0.000577185354717075
1427	0.00860002188930596	-0.000577568215126971
1426	0.00862458299809977	-0.000578208479815506
1425	0.00864911046883253	-0.000579126846807397
1424	0.00867360860929708	-0.000580304490606235
1423	0.00869807711464122	-0.00058174387859462
1422	0.00872251369990839	-0.00058345510460528
1421	0.00874692314826704	-0.000585420599915852
1420	0.00877130197392305	-0.000587655753681338
1419	0.00879565329602146	-0.000590150583648219
1418	0.00881997846570343	-0.000592902770465962
1417	0.00884427477044664	-0.000595924661374972
1416	0.00886854757984912	-0.000599200161853216
1415	0.00889279450905632	-0.00060274098958294
1414	0.0089170180536837	-0.000606542049604199
1413	0.00894122067889698	-0.000610599123326666
1412	0.00896539964106487	-0.000614925403143242
1411	0.00898956045109974	-0.000619507377588503
1410	0.0090137023764429	-0.000624352212654818
1409	0.00903782658021651	-0.000629460803127224
1408	0.00906193639293957	-0.000634827365130765
1407	0.00908603052982074	-0.000640460382804305
1406	0.0091101123349735	-0.00064635393304407
1405	0.00913418375775288	-0.000652506412665734
1404	0.00915824373354854	-0.000658925053741532
1403	0.00918229629694669	-0.000665601645521625
1402	0.00920634278238646	-0.000672535901482142
1401	0.00923038302261571	-0.000679731613858695
1400	0.00925442051138733	-0.000687181558905607
1399	0.00927845671685642	-0.000694884116869719
1398	0.00930249237058227	-0.000702839353268304
1397	0.00932653012759803	-0.000711041320866922
1396	0.00935057181559061	-0.000719485937200963
1395	0.00937461901397892	-0.000728169220966388
1394	0.00939867362549627	-0.000737085587744148
1393	0.00942273784024031	-0.000746227882347632
1392	0.00944681352477186	-0.000755589031077024
1391	0.00947090268179535	-0.000765160647029652
1390	0.00949500756189837	-0.00077493262927915
1389	0.00951913007779137	-0.000784895004457563
1388	0.00954327219058984	-0.00079503737970115
1387	0.00956743583932606	-0.000805349329903906
1386	0.00959162329471177	-0.000815819437898826
1385	0.00961583652186058	-0.000826437176939889
1384	0.00964007704321348	-0.00083719338845473
1383	0.00966434665016313	-0.000848078285583358
1382	0.00968864711392474	-0.000859082342395772
1381	0.00971298019299866	-0.000870196330823714
1380	0.00973734764316971	-0.000881411351687816
1379	0.00976175154136049	-0.000892717914576299
1378	0.00978619357251768	-0.000904108151501047
1377	0.00981067525697333	-0.000915575258469525
1376	0.0098351984567523	-0.000927112041575493
1375	0.00985976512600337	-0.000938711786215633
1374	0.00988437734339888	-0.000950368308032847
1373	0.0099090373516671	-0.000962076028026948
1372	0.00993374771774141	-0.000973829714741565
1371	0.00995851231277183	-0.000985621398791582
1370	0.00998333307716872	-0.000997450223756906
1369	0.0100082122911685	-0.00100931339162176
1368	0.0100331522895067	-0.00102120701778595
1367	0.0100581570729927	-0.00103312033681704
1366	0.0100832262956466	-0.00104505851096792
1365	0.0101083631409701	-0.00105701438865615
1364	0.0101335546116529	-0.00106897457940211
1363	0.0101545907663576	-0.0010789469949982
1362	0.0101721533300324	-0.00108726226645518
1361	0.0101868132927725	-0.00109420185083331
1360	0.0101990385445118	-0.0011000007405339
