step	level	max error	mean error	time
0	0	0.134964	0.0275497	5.172	4
0	1	0.068776	0.00809199	5.39104	4
0	2	0.0443288	0.00800492	5.62504	4
0	3	0.0268491	0.00468689	5.84204	4
0	4	0.0465806	0.00714131	6.064	4
0	5	0.0398284	0.00482966	6.29704	4
0	6	0.030695	0.00519585	6.522	4
0	7	0.0278727	0.00388242	6.743	4
0	8	0.0214244	0.00264516	6.96903	4
0	9	0.0320755	0.00516379	7.19304	4
0	10	0.0197574	0.0032665	7.419	4
0	11	0.0213025	0.00299126	7.633	4
0	12	0.0332973	0.00385905	7.85	4
0	13	0.0215626	0.00315292	8.068	4
0	14	0.0163795	0.00259348	8.28302	4
0	15	0.0217542	0.0033241	8.50001	4
0	16	0.0106006	0.00172091	8.722	4
0	17	0.0152832	0.00298668	8.94501	4
0	18	0.0184678	0.00235515	9.164	4
0	19	0.0204442	0.00398658	9.377	4
0	20	0.0193375	0.00400322	9.594	4
0	21	0.011065	0.0015329	9.813	4
0	22	0.0157299	0.00219163	10.032	4
0	23	0.0164021	0.00308068	10.256	4
0	24	0.0112704	0.00176503	10.487	4
0	25	0.0154892	0.00229854	10.711	4
0	26	0.0144358	0.00272262	10.933	4
0	27	0.00965234	0.00157018	11.16	4
0	28	0.00906483	0.001139	11.39	4
0	29	0.0088877	0.00125604	11.615	4
0	30	0.0131294	0.00153438	11.847	4
0	31	0.0104471	0.00176307	12.0761	4
0	32	0.0128396	0.00207789	12.306	4
0	33	0.00901726	0.00158329	12.524	4
0	34	0.0115176	0.00204074	12.739	4
0	35	0.00960714	0.00108437	12.956	4
0	36	0.0100243	0.00185811	13.169	4
0	37	0.0119216	0.00212882	13.385	4
0	38	0.0102078	0.00178037	13.604	4
0	39	0.00836171	0.00131807	13.831	4
0	40	0.00672862	0.000973819	14.06	4
0	41	0.00934178	0.0018633	14.282	4
0	42	0.00776686	0.00108344	14.512	4
0	43	0.0107175	0.00239441	14.743	4
0	44	0.00837618	0.00143639	14.962	4
0	45	0.0117989	0.00253843	15.192	4
0	46	0.012427	0.00168528	15.418	4
0	47	0.0082789	0.00114651	15.646	4
0	48	0.00954337	0.00164353	15.868	4
0	49	0.00869107	0.00118748	16.087	4
0	50	0.0125184	0.00182173	16.306	4
0	51	0.00638254	0.00102883	16.534	4
0	52	0.00441739	0.000905623	16.765	4
0	53	0.00705932	0.00138502	16.978	4
0	54	0.010481	0.00179765	17.195	4
0	55	0.00739435	0.00122794	17.424	4
0	56	0.00720724	0.00115537	17.651	4
0	57	0.00713402	0.00140192	17.876	4
0	58	0.00579222	0.000879095	18.1	4
0	59	0.00846375	0.00128966	18.309	4
0	60	0.00545274	0.000984312	18.54	4
0	61	0.00593034	0.00100444	18.77	4
0	62	0.00777248	0.00131619	19.003	4
0	63	0.00621756	0.000758254	19.222	4
0	64	0.00831843	0.00078215	19.446	4
0	65	0.00469372	0.000662377	19.667	4
0	66	0.00599542	0.00133487	19.897	4
0	67	0.00715083	0.0011734	20.123	4
0	68	0.00816267	0.00154383	20.338	4
0	69	0.00737648	0.00152398	20.561	4
0	70	0.0067619	0.00129195	20.783	4
0	71	0.00552377	0.000929892	21.01	4
0	72	0.00459879	0.00100883	21.231	4
0	73	0.00444243	0.00061889	21.453	4
0	74	0.00639532	0.00139727	21.674	4
0	75	0.00412292	0.000704998	21.9	4
0	76	0.0046687	0.000865299	22.115	4
0	77	0.0061792	0.00108649	22.336	4
0	78	0.00712173	0.000963878	22.562	4
0	79	0.00484067	0.000600756	22.782	4
0	80	0.0049909	0.00108586	22.999	4
0	81	0.00384264	0.000623628	23.231	4
0	82	0.00449726	0.00071378	23.447	4
0	83	0.00476612	0.000662513	23.67	4
0	84	0.00387487	0.000768554	23.894	4
0	85	0.0145807	0.0022529	24.129	4
0	86	0.00596226	0.000827025	24.361	4
0	87	0.00719832	0.00110354	24.586	4
0	88	0.00518617	0.000546551	24.817	4
0	89	0.00559197	0.000788415	25.048	4
0	90	0.00602954	0.000990665	25.271	4
0	91	0.00505536	0.000748422	25.495	4
0	92	0.00565148	0.000845208	25.725	4
0	93	0.00989448	0.00168619	25.945	4
0	94	0.00759824	0.00101218	26.167	4
0	95	0.00858746	0.00145867	26.383	4
0	96	0.00499741	0.00103308	26.599	4
0	97	0.00556383	0.000696054	26.818	4
0	98	0.00497891	0.000918867	27.034	4
0	99	0.00476783	0.000852672	27.266	4
0	100	0.00330069	0.000669564	27.494	4
0	101	0.00449379	0.0007565	27.718	4
0	102	0.00330996	0.00054721	27.946	4
0	103	0.0062594	0.00117798	28.171	4
0	104	0.00326327	0.000563975	28.393	4
0	105	0.00418858	0.000691561	28.605	4
0	106	0.00441613	0.000640693	28.833	4
0	107	0.00375846	0.000528494	29.051	4
0	108	0.00400877	0.00080864	29.279	4
0	109	0.00365621	0.000570162	29.503	4
0	110	0.0032784	0.000557026	29.721	4
0	111	0.00510045	0.000802949	29.944	4
0	112	0.0030816	0.000544939	30.16	4
0	113	0.00255801	0.000502884	30.381	4
0	114	0.00284405	0.000504202	30.596	4
0	115	0.00481668	0.00095858	30.8231	4
0	116	0.00541991	0.00108805	31.046	4
0	117	0.00479953	0.000960543	31.269	4
0	118	0.00371413	0.000646089	31.489	4
0	119	0.00365013	0.000641318	31.711	4
0	120	0.00519014	0.000959794	31.936	4
0	121	0.00294048	0.000406907	32.16	4
0	122	0.00359019	0.000701113	32.381	4
0	123	0.00317294	0.00033133	32.608	4
0	124	0.00650859	0.00107804	32.828	4
0	125	0.00423047	0.000716228	33.042	4
0	126	0.00488533	0.000658035	33.262	4
0	127	0.00315089	0.000585478	33.491	4
0	128	0.00479494	0.000840864	33.713	4
0	129	0.00362272	0.000707419	33.936	4
0	130	0.00344185	0.000700925	34.163	4
0	131	0.00308499	0.000397812	34.388	4
0	132	0.00295179	0.000419435	34.613	4
0	133	0.00355944	0.000457557	34.841	4
0	134	0.00522612	0.00085658	35.063	4
0	135	0.003314	0.000368821	35.285	4
0	136	0.00475726	0.000505689	35.512	4
0	137	0.00312588	0.000399896	35.736	4
0	138	0.0251331	0.0033859	35.957	4
0	139	0.00522554	0.000605083	36.192	4
0	140	0.00718179	0.000825564	36.414	4
0	141	0.0083774	0.00147607	36.645	4
0	142	0.00430667	0.000683851	36.872	4
0	143	0.00324044	0.000486577	37.097	4
0	144	0.00583425	0.000965128	37.315	4
0	145	0.00284957	0.000522828	37.537	4
0	146	0.0037426	0.00068131	37.758	4
0	147	0.00471125	0.00105159	37.981	4
0	148	0.00408924	0.000626123	38.205	4
0	149	0.00488911	0.00101807	38.437	4
0	150	0.00699757	0.00134101	38.651	4
0	151	0.00335674	0.000534527	38.868	4
0	152	0.0038428	0.000743791	39.091	4
0	153	0.00377732	0.000447755	39.311	4
0	154	0.00327046	0.000390615	39.538	4
0	155	0.00387017	0.000828148	39.753	4
0	156	0.00361199	0.00062255	39.976	4
0	157	0.00322961	0.000404756	40.198	4
0	158	0.00259899	0.000384583	40.412	4
0	159	0.00291108	0.000460662	40.635	4
0	160	0.00285326	0.000443188	40.857	4
0	161	0.00319226	0.000589166	41.077	4
0	162	0.0033757	0.000562893	41.303	4
0	163	0.00409678	0.000458647	41.534	4
0	164	0.00347827	0.000771296	41.7511	4
0	165	0.00395664	0.000502963	41.98	4
0	166	0.00290116	0.000541419	42.196	4
0	167	0.00255238	0.000512712	42.409	4
0	168	0.00304291	0.000505896	42.631	4
0	169	0.00407681	0.000889985	42.877	4
0	170	0.00209183	0.000279919	43.103	4
0	171	0.00306265	0.000441415	43.324	4
0	172	0.00284903	0.000619003	43.555	4
0	173	0.00495244	0.000563855	43.796	4
0	174	0.00246425	0.000424799	44.025	4
0	175	0.00385509	0.000591231	44.244	4
0	176	0.00329611	0.000583503	44.466	4
0	177	0.00334929	0.00055462	44.729	4
0	178	0.00485496	0.000670699	44.956	4
0	179	0.00343744	0.000452046	45.19	4
0	180	0.0028536	0.000569157	45.419	4
0	181	0.00293601	0.000628786	45.644	4
0	182	0.00408935	0.000553791	45.869	4
0	183	0.00270771	0.000484885	46.093	4
0	184	0.0034117	0.000497508	46.314	4
0	185	0.00412942	0.000638293	46.528	4
0	186	0.00290448	0.000403951	46.757	4
0	187	0.0035847	0.000564966	46.976	4
0	188	0.0026911	0.00042878	47.193	4
0	189	0.00263874	0.000484602	47.416	4
0	190	0.00387789	0.000586998	47.641	4
0	191	0.00215457	0.00044713	47.86	4
0	192	0.00342539	0.000536736	48.082	4
0	193	0.00301303	0.000594167	48.304	4
0	194	0.00267394	0.000479952	48.533	4
0	195	0.00342921	0.000566367	48.763	4
0	196	0.00245327	0.000422097	48.992	4
0	197	0.00292024	0.000617359	49.215	4
0	198	0.00263431	0.000463845	49.438	4
0	199	0.00424617	0.000621554	49.663	4
0	200	0.00438561	0.000454315	49.892	4
0	201	0.00337409	0.000510335	50.114	4
0	202	0.00338826	0.000646017	50.336	4
0	203	0.00245328	0.000337148	50.563	4
0	204	0.002572	0.000369042	50.788	4
0	205	0.00405795	0.000845821	51.01	4
0	206	0.00346299	0.000560225	51.237	4
0	207	0.00354594	0.000540998	51.462	4
0	208	0.00653897	0.000703212	51.681	4
0	209	0.0048277	0.000677783	51.9081	4
0	210	0.00510472	0.000860599	52.1331	4
0	211	0.00480792	0.000642563	52.362	4
0	212	0.00301385	0.00047477	52.58	4
0	213	0.00312777	0.000435959	52.803	4
0	214	0.00355568	0.000576351	53.026	4
0	215	0.00362419	0.000594991	53.246	4
0	216	0.00297676	0.000419564	53.471	4
0	217	0.0022984	0.000408366	53.69	4
0	218	0.00263885	0.00045962	53.904	4
0	219	0.00235893	0.000498342	54.122	4
0	220	0.00331479	0.000533106	54.342	4
0	221	0.0027381	0.00036829	54.563	4
0	222	0.00410652	0.000652292	54.777	4
0	223	0.00260887	0.000312066	55.004	4
0	224	0.00275829	0.000382969	55.225	4
0	225	0.00210498	0.000426256	55.448	4
0	226	0.00230174	0.000297177	55.663	4
0	227	0.00255105	0.000387779	55.887	4
0	228	0.0023326	0.000351522	56.097	4
0	229	0.00236011	0.000245608	56.318	4
0	230	0.00202617	0.000400203	56.547	4
0	231	0.00842483	0.00156265	56.757	4
0	232	0.00394057	0.000541845	56.981	4
0	233	0.00430528	0.000624876	57.193	4
0	234	0.00326739	0.000658825	57.428	4
0	235	0.00264965	0.000314679	57.652	4
0	236	0.00390893	0.000548105	57.874	4
0	237	0.00288389	0.000503637	58.103	4
0	238	0.0024156	0.000421031	58.3301	4
0	239	0.00243049	0.000347625	58.557	4
0	240	0.00245031	0.000357844	58.785	4
0	241	0.0037316	0.000495391	59.003	4
0	242	0.00173722	0.000287716	59.223	4
0	243	0.00228184	0.000368637	59.446	4
0	244	0.00245125	0.000406962	59.668	4
0	245	0.00196802	0.000418585	59.885	4
0	246	0.00206523	0.000343263	60.105	4
0	247	0.00319216	0.000575945	60.321	4
0	248	0.00202682	0.000264271	60.545	4
0	249	0.00262381	0.000507757	60.769	4
0	250	0.00434809	0.000324834	60.998	4
0	251	0.0025661	0.000410655	61.216	4
0	252	0.00216883	0.000374544	61.452	4
0	253	0.00238615	0.00039749	61.682	4
0	254	0.00199992	0.000404826	61.906	4
0	255	0.00350463	0.000720966	62.135	4
0	256	0.00383702	0.000628528	62.353	4
0	257	0.00173519	0.000361434	62.584	4
0	258	0.00204147	0.000268345	62.805	4
0	259	0.00275128	0.000510258	63.032	4
0	260	0.00326154	0.000542712	63.251	4
0	261	0.00296153	0.000382895	63.477	4
0	262	0.00251851	0.000358773	63.701	4
0	263	0.00227892	0.000467088	63.922	4
0	264	0.00236654	0.000383205	64.15	4
0	265	0.00193348	0.000300896	64.363	4
0	266	0.00253588	0.000506284	64.586	4
0	267	0.00404938	0.00072064	64.805	4
0	268	0.0034235	0.000525473	65.023	4
0	269	0.00259652	0.000382855	65.244	4
0	270	0.00172	0.000292358	65.465	4
0	271	0.00257313	0.000573489	65.69	4
0	272	0.00289195	0.000494963	65.902	4
0	273	0.00244693	0.000491063	66.123	4
0	274	0.00223755	0.000385046	66.335	4
0	275	0.00314131	0.000413628	66.554	4
0	276	0.00190082	0.00029693	66.775	4
0	277	0.00189166	0.000420561	66.992	4
0	278	0.00176159	0.000330027	67.205	4
0	279	0.00261639	0.000433069	67.426	4
0	280	0.0016619	0.000315934	67.66	4
0	281	0.00309446	0.000460922	67.883	4
0	282	0.00255097	0.000331959	68.108	4
0	283	0.00188023	0.000264079	68.326	4
0	284	0.00198376	0.000299694	68.554	4
0	285	0.00236545	0.000364513	68.785	4
0	286	0.00182851	0.00029592	69.01	4
0	287	0.00169091	0.000310941	69.242	4
0	288	0.0044074	0.000831758	69.465	4
0	289	0.00479486	0.00083246	69.683	4
0	290	0.00242367	0.000313075	69.913	4
0	291	0.00192687	0.0003191	70.143	4
0	292	0.00253663	0.000384623	70.36	4
0	293	0.00209906	0.000347946	70.589	4
0	294	0.0019035	0.000392063	70.798	4
0	295	0.00205087	0.000309054	71.016	4
0	296	0.00240133	0.000539447	71.246	4
0	297	0.00271516	0.000456871	71.469	4
0	298	0.00198106	0.000304298	71.704	4
0	299	0.00222861	0.000428788	71.94	4
0	300	0.00389873	0.000694697	72.159	4
0	301	0.00201916	0.000298258	72.383	4
0	302	0.00256449	0.000400349	72.607	4
0	303	0.00206778	0.000371593	72.831	4
0	304	0.002255	0.000324984	73.048	4
0	305	0.00204473	0.000335173	73.27	4
0	306	0.00186471	0.000424456	73.497	4
0	307	0.00180234	0.000330912	73.722	4
0	308	0.00195379	0.00028928	73.94	4
0	309	0.00189067	0.000289377	74.158	4
0	310	0.00180878	0.000292989	74.372	4
0	311	0.00412845	0.000380454	74.602	4
0	312	0.00387097	0.000661076	74.831	4
0	313	0.0028274	0.000423581	75.053	4
0	314	0.00315483	0.000413145	75.282	4
0	315	0.00328918	0.000466272	75.515	4
0	316	0.00197298	0.000436406	75.738	4
0	317	0.00173287	0.000288009	75.955	4
0	318	0.00180149	0.000342189	76.173	4
0	319	0.00190456	0.000247056	76.411	4
0	320	0.00247787	0.000360533	76.635	4
0	321	0.00278861	0.000394145	76.858	4
0	322	0.00223338	0.000235263	77.087	4
0	323	0.00170592	0.000265338	77.307	4
0	324	0.00220225	0.00035443	77.532	4
0	325	0.00161822	0.000229133	77.754	4
0	326	0.00183506	0.000307118	77.971	4
0	327	0.00159826	0.000289955	78.197	4
0	328	0.00153564	0.000272854	78.424	4
0	329	0.00186603	0.000271183	78.646	4
0	330	0.00172751	0.000290063	78.866	4
0	331	0.00202623	0.000329003	79.088	4
0	332	0.00145705	0.000262216	79.312	4
0	333	0.00257715	0.000315859	79.534	4
0	334	0.00145334	0.000228807	79.761	4
0	335	0.00193448	0.000276789	79.981	4
0	336	0.00147944	0.000250307	80.205	4
0	337	0.00261685	0.000368637	80.433	4
0	338	0.00177165	0.000265898	80.666	4
0	339	0.00217918	0.000328973	80.889	4
0	340	0.00209579	0.00030127	81.112	4
0	341	0.00143955	0.000188191	81.342	4
0	342	0.00527443	0.00075002	81.567	4
0	343	0.00180117	0.00029042	81.801	4
0	344	0.00192482	0.000404413	82.031	4
0	345	0.00259987	0.000455966	82.254	4
0	346	0.00233	0.000461124	82.473	4
0	347	0.00243336	0.000363044	82.708	4
0	348	0.00299198	0.000461855	82.938	4
0	349	0.00175505	0.000253613	83.164	4
0	350	0.00193919	0.000327829	83.391	4
0	351	0.00473186	0.000350979	83.616	4
0	352	0.00249935	0.000531368	83.834	4
0	353	0.00203554	0.00038013	84.065	4
0	354	0.0018912	0.000235294	84.292	4
0	355	0.00331896	0.000557558	84.513	4
0	356	0.00490345	0.000832877	84.742	4
0	357	0.00308492	0.000482494	84.966	4
0	358	0.00429316	0.000553369	85.186	4
0	359	0.00444934	0.000519176	85.409	4
0	360	0.00189273	0.000367754	85.633	4
0	361	0.00223709	0.000275294	85.857	4
0	362	0.00306534	0.00054415	86.081	4
0	363	0.00292754	0.000449735	86.306	4
0	364	0.00247798	0.000480905	86.5401	4
0	365	0.00279226	0.000422215	86.754	4
0	366	0.0026067	0.000312578	86.973	4
0	367	0.00244132	0.000491826	87.185	4
0	368	0.00355603	0.000598349	87.408	4
0	369	0.00276157	0.000354737	87.642	4
0	370	0.00290894	0.000497459	87.859	4
0	371	0.00200344	0.00033141	88.076	4
0	372	0.00255741	0.000453657	88.294	4
0	373	0.00194249	0.00032063	88.514	4
0	374	0.00180934	0.00033304	88.739	4
0	375	0.00239947	0.00049869	88.9551	4
0	376	0.00227254	0.000496199	89.18	4
0	377	0.0025705	0.000390615	89.396	4
0	378	0.00163561	0.000315423	89.625	4
0	379	0.00215949	0.000264559	89.849	4
0	380	0.00158488	0.000208752	90.075	4
0	381	0.00136253	0.0002025	90.297	4
0	382	0.0019272	0.000384611	90.52	4
0	383	0.002272	0.000310823	90.755	4
0	384	0.00228234	0.000273933	90.982	4
0	385	0.00175457	0.000232352	91.208	4
0	386	0.00197955	0.000292155	91.436	4
0	387	0.0017823	0.0002934	91.67	4
0	388	0.00172042	0.000323584	91.895	4
0	389	0.00239297	0.00036244	92.111	4
0	390	0.00293498	0.000344875	92.337	4
0	391	0.00128775	0.000216245	92.553	4
0	392	0.00243081	0.000380908	92.78	4
0	393	0.00225845	0.000391633	93.003	4
0	394	0.00215623	0.000321321	93.221	4
0	395	0.00197961	0.000212575	93.445	4
0	396	0.00151405	0.000198836	93.675	4
0	397	0.00226749	0.000383394	93.891	4
0	398	0.00213556	0.000439196	94.112	4
0	399	0.00143881	0.000251723	94.329	4
0	400	0.00152696	0.000259999	94.5571	4
0	401	0.00227806	0.000327645	94.789	4
0	402	0.00127789	0.000213815	95.016	4
0	403	0.00150587	0.000293634	95.235	4
0	404	0.00201098	0.000446049	95.455	4
0	405	0.00129455	0.000250461	95.678	4
0	406	0.00109375	0.000188482	95.9	4
0	407	0.00165238	0.000238475	96.121	4
0	408	0.00178065	0.000292719	96.348	4
0	409	0.00330927	0.000539237	96.573	4
0	410	0.00223192	0.000341032	96.805	4
0	411	0.0020781	0.000237704	97.04	4
0	412	0.00345825	0.000574731	97.27	4
0	413	0.00184769	0.000163385	97.494	4
0	414	0.00146738	0.000263868	97.716	4
0	415	0.00140807	0.000177258	97.945	4
0	416	0.00220724	0.000318082	98.169	4
0	417	0.00212238	0.000414114	98.3931	4
0	418	0.0016016	0.000192613	98.6201	4
0	419	0.0018706	0.000336454	98.843	4
0	420	0.00345832	0.000598429	99.066	4
0	421	0.00180919	0.000318776	99.282	4
0	422	0.00147256	0.000280423	99.507	4
0	423	0.00124507	0.000181223	99.746	4
0	424	0.00183947	0.000343166	99.9721	4
0	425	0.00138624	0.000212156	100.199	4
0	426	0.0020609	0.000297981	100.423	4
0	427	0.00161051	0.000249751	100.646	4
0	428	0.00137003	0.000239694	100.873	4
0	429	0.00134248	0.00021288	101.102	4
0	430	0.00186581	0.000233989	101.321	4
0	431	0.00235776	0.000412154	101.549	4
0	432	0.00211392	0.000375127	101.778	4
0	433	0.00307889	0.000545815	101.999	4
0	434	0.00185529	0.000229444	102.22	4
0	435	0.00154033	0.000366416	102.444	4
0	436	0.00160381	0.000254363	102.671	4
0	437	0.00161707	0.000269349	102.893	4
0	438	0.00390054	0.000462346	103.109	4
0	439	0.00220504	0.000277023	103.344	4
0	440	0.00218477	0.000406928	103.565	4
0	441	0.0021682	0.000384944	103.786	4
0	442	0.00166833	0.000216424	104.01	4
0	443	0.00185012	0.000291363	104.236	4
0	444	0.0020641	0.000293217	104.466	4
0	445	0.00224387	0.000261432	104.694	4
0	446	0.00185846	0.000367785	104.917	4
0	447	0.00162448	0.000302116	105.135	4
0	448	0.00177298	0.000285953	105.355	4
0	449	0.00118533	0.000184267	105.583	4
0	450	0.00158293	0.000275267	105.808	4
0	451	0.00190236	0.000346164	106.031	4
0	452	0.00122755	0.000215976	106.254	4
0	453	0.00131538	0.000235368	106.473	4
0	454	0.00243825	0.00037719	106.7	4
0	455	0.00185495	0.000321469	106.916	4
0	456	0.00129308	0.000202546	107.146	4
0	457	0.00153844	0.000242935	107.371	4
0	458	0.0015894	0.000243358	107.592	4
0	459	0.0023762	0.000286676	107.824	4
0	460	0.00111804	0.000157653	108.047	4
0	461	0.0015555	0.000371225	108.263	4
0	462	0.0016165	0.000305574	108.483	4
0	463	0.00132894	0.000193544	108.723	4
0	464	0.00181846	0.000312169	108.947	4
0	465	0.00125474	0.000269939	109.169	4
0	466	0.00115037	0.000188051	109.389	4
0	467	0.0012156	0.000233349	109.616	4
0	468	0.00399564	0.00045867	109.837	4
0	469	0.00274246	0.000376583	110.068	4
0	470	0.00448691	0.000766735	110.289	4
0	471	0.0012593	0.000167855	110.528	4
0	472	0.00362001	0.000470213	110.762	4
0	473	0.00177971	0.000243905	110.993	4
0	474	0.00150564	0.000286656	111.217	4
0	475	0.00243213	0.000383242	111.446	4
0	476	0.00170708	0.000291483	111.673	4
0	477	0.00143797	0.000276788	111.883	4
0	478	0.00170946	0.000271571	112.119	4
0	479	0.00136365	0.000204743	112.342	4
0	480	0.00127048	0.00017999	112.567	4
0	481	0.00183497	0.00018321	112.786	4
0	482	0.0024015	0.000594651	113.013	4
0	483	0.00149733	0.000269499	113.229	4
0	484	0.00216769	0.000312917	113.444	4
0	485	0.00139904	0.000245229	113.66	4
0	486	0.00132171	0.000166474	113.887	4
0	487	0.00440761	0.000911129	114.107	4
0	488	0.00170551	0.000309774	114.343	4
0	489	0.00163095	0.00026708	114.568	4
0	490	0.00163906	0.000245377	114.781	4
0	491	0.00139425	0.000242786	114.996	4
0	492	0.00128879	0.000270915	115.199	4
0	493	0.00144795	0.000267621	115.415	4
0	494	0.00168404	0.000306021	115.632	4
0	495	0.00108006	0.000195366	115.856	4
0	496	0.00147526	0.000227743	116.074	4
0	497	0.00133031	0.000201974	116.292	4
0	498	0.00135146	0.000218575	116.513	4
0	499	0.00114912	0.000182644	116.738	4
0	500	0.00334292	0.000524582	116.954	4
0	501	0.003168	0.000576808	117.175	4
0	502	0.00384731	0.000568811	117.4	4
0	503	0.00326249	0.000390766	117.627	4
0	504	0.00225206	0.000369997	117.85	4
0	505	0.00158626	0.000271228	118.073	4
0	506	0.00173943	0.000222833	118.291	4
0	507	0.00220241	0.000420049	118.513	4
0	508	0.00237603	0.00040288	118.744	4
0	509	0.00124876	0.000241418	118.969	4
0	510	0.0018799	0.000293234	119.192	4
0	511	0.00268328	0.000391207	119.412	4
0	512	0.00244332	0.000310306	119.641	4
0	513	0.00186146	0.000322469	119.87	4
0	514	0.00189727	0.000216042	120.091	4
0	515	0.00167881	0.000202455	120.32	4
0	516	0.00188429	0.000255886	120.545	4
0	517	0.00149855	0.000267056	120.768	4
0	518	0.00247136	0.000445492	120.981	4
0	519	0.00134104	0.000256236	121.198	4
0	520	0.00218559	0.00039151	121.415	4
0	521	0.00120133	0.000163571	121.637	4
0	522	0.0021057	0.000335108	121.857	4
0	523	0.00127441	0.000190221	122.078	4
0	524	0.00178716	0.000288437	122.304	4
0	525	0.00185101	0.000455777	122.541	4
0	526	0.00131765	0.000199649	122.77	4
0	527	0.0015661	0.000285256	122.995	4
0	528	0.00172389	0.00029367	123.223	4
0	529	0.00131862	0.000167767	123.452	4
0	530	0.00124372	0.000198953	123.678	4
0	531	0.00154362	0.000384511	123.889	4
0	532	0.00103544	0.000185976	124.105	4
0	533	0.00215238	0.000480951	124.335	4
0	534	0.00133921	0.000227422	124.561	4
0	535	0.00111911	0.000231953	124.792	4
0	536	0.00182776	0.000295547	125.017	4
0	537	0.00160587	0.000221196	125.24	4
0	538	0.000952005	0.000151158	125.468	4
