0.939736380642937
0.9391765411091
0.938638182181323
0.9381419910257
0.937755493205877
0.937569830592566
0.937686273413887
0.938204640815713
0.939213933672965
0.940785218378155
0.942966942065995
0.945782451048586
0.949229050608305
0.953277755266648
0.957873234920202
0.96293423357483
0.968355423229897
0.974011776735694
0.979766006421776
0.98547867706601
0.991019650958327
0.996278668517613
0.998692419509016
0.994333100752912
0.990424432220523
0.935515016741241
0.934650476445263
0.933817986406654
0.933050725666596
0.93243702808882
0.932093334412161
0.932144934826939
0.932711815507116
0.933897305689441
0.935779454923797
0.938405421533015
0.941789071690561
0.945911234114449
0.950721267534975
0.956138641110943
0.962054329383536
0.968333147987751
0.974818677500132
0.981341870013298
0.987733240945782
0.993837205643886
0.99952598818661
0.99518505786124
0.990707915659792
0.98680515462807
0.932268842533706
0.93112699435169
0.93000546824598
0.928955507132063
0.92808455145224
0.927529063560205
0.927434310720064
0.927939449942859
0.92916566948694
0.931206240814817
0.934118722326262
0.93792053106491
0.942588421887525
0.948060446395966
0.954238021554982
0.960987253710392
0.968141102408436
0.975504949978695
0.982867250094426
0.990015238541449
0.996753940572378
0.996824358911115
0.991518404052893
0.986946974418657
0.98309160308711
0.930103293246495
0.92870925757114
0.927304395134076
0.925957487340512
0.924794446656033
0.923968333475766
0.923640496436947
0.923967790214982
0.925092380719886
0.927131072097111
0.930163815115285
0.934224710744049
0.939298941491105
0.945324366967246
0.952192974624769
0.959750170984469
0.967795219680781
0.976087478408303
0.984360487948208
0.992343210414927
0.999762569816587
0.993257600165342
0.987696098433213
0.983058056808187
0.979291539409724
0.929073828707922
0.927438955166428
0.925748538958947
0.92408688268424
0.922596500251904
0.921443611335274
0.920801102281218
0.920840384563104
0.921725998667017
0.923605810362861
0.926593966368355
0.930753713365935
0.936090584516188
0.942554921750843
0.950041710213152
0.958383023305941
0.967342622941243
0.976623122953404
0.985886872886981
0.994786464306242
0.996455944818024
0.98947701730898
0.983675323376057
0.97901179237023
0.97539850233563
0.929207954484796
0.927329797701321
0.925343287300784
0.923347393036563
0.921498962583124
0.919973346184564
0.918948855710578
0.918605048415169
0.919126627450874
0.920698479661905
0.923480755490262
0.927576642885294
0.933021654547898
0.939794576131989
0.947815587623685
0.956918977780196
0.966830933068012
0.977179504974445
0.987531301379876
0.997438869210178
0.992860359142654
0.985409177768593
0.979399315371986
0.974769474140074
0.971393717036338
0.930515757789906
0.928381357000862
0.926083637164637
0.923736072336368
0.92150781579315
0.919579589589483
0.918127999146905
0.917329989695789
0.917381754755934
0.918508326549308
0.920929294908557
0.924794927617209
0.930171493641577
0.937086581426572
0.94553039902894
0.955374114829936
0.966301894209553
0.977832546645864
0.989396261683095
0.99848974768161
0.988886152535135
0.980984328590073
0.974816394193128
0.970295625877413
0.96725785215008
0.932995018690626
0.930586860587103
0.927964636782353
0.925255245095219
0.922637930113212
0.920296600288317
0.918400813262836
0.917111038027527
0.916615533190227
0.917175870862358
0.919092281173061
0.922564500745828
0.927662111738865
0.934482868652336
0.94318225149416
0.953746618792529
0.96580243595546
0.978684766089294
0.991618137536136
0.994805615076639
0.984457805767506
0.976152004549169
0.96989432450289
0.965570360299396
0.962980112087099
0.936633035126085
0.933938255326408
0.930989910550865
0.927923991999755
0.924925371038782
0.922180267554076
0.919852060519002
0.918075501085271
0.916997824819743
0.916891822808986
0.918182618830916
0.921129120381195
0.925698497963011
0.932063346881551
0.940745539524301
0.952027979906566
0.965421509957984
0.979909767516735
0.99440049400558
0.990562971048417
0.979525359666605
0.97089249782073
0.964631040368521
0.960599093535823
0.958566172047187
0.941405627244274
0.938428870566512
0.935178959119674
0.93179176149519
0.928447612541526
0.925330260210349
0.922603041596722
0.92038650320749
0.918759046610493
0.917915346501166
0.918481843143074
0.920868607171501
0.92463494109922
0.929984660581332
0.93817566572195
0.950243729593868
0.965376996758336
0.981830711979025
0.998055167261807
0.985685483582345
0.974069968776543
0.965222108622032
0.95906042724493
0.955418927475842
0.954043815477847
0.947272789273383
0.944051084945312
0.940568258976322
0.936947814740847
0.933349103032451
0.929936479808515
0.926865190951069
0.924266498445368
0.922203657263445
0.920644794588244
0.920360970041583
0.922371223059466
0.925033938248769
0.928638487421459
0.935439676169032
0.948593053985111
0.96619766796651
0.985022766739389
0.995252238918679
0.980105590017564
0.968097880818614
0.95918988685471
0.953252059971424
0.950100501846052
0.949465622758252
0.954169914631163
0.950784408773518
0.947195502620151
0.943505993754969
0.939840825742607
0.93632340879093
0.933064590888415
0.930162990889837
0.927722100968371
0.925756219060361
0.924643758400652
0.926440273220287
0.927653756567864
0.929130169472436
0.932856229078436
0.947935684150765
0.969034654941235
0.990345427261057
0.989346089371666
0.97373859371372
0.961625572690912
0.952869686682547
0.94730673299469
0.94474525655168
0.944907962487056
0.961994390549055
0.958571195700845
0.955058138214001
0.95153975488369
0.948110227558226
0.944856893740524
0.941845392184451
0.939108711865989
0.936663792364478
0.934773082958846
0.951800857530092
0.975980176115726
0.998526953141276
0.981932195531341
0.96648538847241
0.954684260129122
0.946360877018614
0.941352602199987
0.939479045788881
0.940466011766884
0.97059009558616
0.967284902627898
0.964054770790556
0.960976446354677
0.958129680732668
0.955594633964709
0.953446233285497
0.951759838159267
0.950652353909114
0.950245703701312
0.949538852061322
0.94697842423044
0.945999467163032
0.945547014807971
0.946845338498589
0.964580689706925
0.987493257720029
0.990862538952507
0.97284656501926
0.958360188644422
0.947375874815908
0.939807010736557
0.935544267652501
0.934442950153955
0.936245233469924
0.979735611820108
0.976705113403668
0.9739413525977
0.971519953906756
0.969511060442978
0.967987095746753
0.967013331927498
0.966620604395655
0.966709036969384
0.966741852675113
0.965536793495121
0.963044963691762
0.961571984144291
0.96167717005864
0.966056298777923
0.98062401682594
0.996905851703789
0.978434394176952
0.962550828275226
0.949666846148279
0.939941757834282
0.933414799833421
0.930058878173235
0.929781174191595
0.932350645009405
0.989142816854959
0.986514535586942
0.984334392806355
0.982672779827357
0.981574818253653
0.981067719866736
0.981131392853787
0.98163033616207
0.982199944600689
0.98219375848906
0.981092921538336
0.979395508983567
0.978503993028604
0.979777595548363
0.985433797064697
0.996857357603004
0.980912269332468
0.965455275370113
0.951953199723583
0.940963728318634
0.932749378569242
0.927440238193375
0.925080471137415
0.925626377415629
0.928876048633302
0.995896971488671
0.996322028500755
0.994761537200026
0.993843281479514
0.993569587863867
0.993895516557431
0.994694466710459
0.995705388388488
0.996510382084893
0.99666432928936
0.996065017789474
0.995277919084864
0.995380740804551
0.996427797251772
0.989228884465489
0.978417798951107
0.965672045092503
0.953066201866545
0.941908482122607
0.932840963054155
0.926190557275995
0.922138812377895
0.920773824229961
0.922085302663636
0.925895602713553
0.988005951338795
0.989562966386272
0.990747933770461
0.991577456585644
0.992089276320062
0.99228751741003
0.992125751615922
0.991531499883051
0.990481638264401
0.98908064953981
0.987485868725302
0.985601148718215
0.982849651839759
0.978369237129004
0.971526213226527
0.962466040693137
0.952206477011575
0.942056220452676
0.933033648582395
0.925757669032949
0.920581981337352
0.917713261879917
0.917260231318388
0.919229065836682
0.923459248918523
0.981186967491505
0.982394708764388
0.983169878356059
0.98350783262389
0.983437758870853
0.982974263250746
0.982105355174042
0.98081053554956
0.979099744032405
0.977032319227238
0.974652014403524
0.971843059090148
0.968251972157263
0.963417649757414
0.957069225211432
0.949394732526877
0.941053729544249
0.932905891872879
0.925709515677779
0.920000974813193
0.916123141818094
0.914286966623787
0.914605895013481
0.91709049756183
0.921591965491525
0.975602763712412
0.976462703614832
0.976849581534163
0.976742411482439
0.976164795361408
0.975142499334228
0.973691389811205
0.971824738021157
0.969567685162337
0.966955150414368
0.963991479704705
0.960588867584463
0.956551373338398
0.951660376228127
0.945834627998531
0.939261056698973
0.93239477902783
0.925825462662691
0.920114635957549
0.915703248882255
0.912899859836303
0.911903981821802
0.912823674707003
0.915667423560703
0.920295612488162
0.971373547576008
0.971911030323255
0.971951551445939
0.971463398150918
0.970466627230886
0.968995981629696
0.967087216658857
0.964775519156484
0.96209667276696
0.959079645074201
0.955725215297008
0.951983752496645
0.94776179669972
0.942977015410538
0.937643515803352
0.931936439220709
0.926189882834104
0.920827465043251
0.91627090997012
0.912875390140126
0.910906543837388
0.910543252542615
0.911882596005022
0.914928934008182
0.91955202017423
0.968580162453609
0.968848628384152
0.968609578094481
0.967825083315116
0.966512172147581
0.964710667413688
0.962468503420879
0.959834635846042
0.956853878839084
0.953559243948813
0.949961797650071
0.946045862307394
0.941781832568705
0.937161831994953
0.93224644297247
0.927197334343116
0.922274462375528
0.917797317563648
0.914090880038005
0.911441083055858
0.910071450054722
0.910136548712503
0.911719911978879
0.914822674449564
0.919326437913171
0.967260864195259
0.967342308526325
0.966915203849134
0.965939317523199
0.964426889708487
0.962417556411295
0.959963897693408
0.957121706118662
0.953942347902511
0.950466080228
0.946717665176425
0.94270841402323
0.938449092863704
0.933973618125959
0.929365771018078
0.924776007112229
0.920418126139266
0.916545543602461
0.913417182909835
0.911266113727823
0.910278883285636
0.910585411187355
0.912253818673598
0.915282722706618
0.91957223994156
0.967400675639764
0.967395694720552
0.966893281614728
0.965847961284461
0.964262734854458
0.962171197977651
0.959622931299532
0.956673581082998
0.953377061968802
0.94978016913427
0.945920883824868
0.941832373209659
0.937553761435971
0.933145951188717
0.928707252037574
0.924381798042433
0.920355661264332
0.916840683475493
0.91405127622715
0.912181464882978
0.911387298453841
0.911775813391454
0.913397772202462
0.916244623168706
0.920236819575106
0.968889404179799
0.968911964728973
0.968458025442147
0.967468895336897
0.965937433309411
0.963884511432713
0.961348845140177
0.958378607008777
0.955025228689325
0.95133959059057
0.947371599487639
0.943173915374681
0.93880964840708
0.934362182107136
0.929943673963849
0.925698303252819
0.921797670600958
0.918428525277884
0.915775790482698
0.914005095309139
0.91324820175848
0.913592283631503
0.915072624692046
0.917664915671599
0.921292863678035
