0.817648212405364
0.816253028244344
0.814935241293633
0.81381199687722
0.813145199055185
0.813246649520963
0.814428720763332
0.816960952749975
0.821037435570691
0.82675871868157
0.834132479723428
0.843090524543076
0.85351289688707
0.865248281213801
0.878124480133948
0.891949171062317
0.906505359426569
0.921547187290026
0.936801135976745
0.951975993827648
0.966782269722343
0.980958007878921
0.994293058359684
0.992976058651104
0.982366018584227
0.807537569732126
0.805314850068024
0.803236724680128
0.801455699042546
0.800293596920738
0.800131788744151
0.801342917673447
0.804243335227087
0.809055795073232
0.81588585876896
0.824717785834453
0.835431902025132
0.847835941721415
0.861696888316928
0.876762637264183
0.892770345132199
0.909444139679366
0.926487609139901
0.94357811332564
0.960370643066388
0.976516663619162
0.991696925942816
0.99334964566176
0.981763083118881
0.971535353026684
0.799773465199612
0.796826465557652
0.794059758847966
0.791687973602734
0.79008365003763
0.789671564487546
0.790855853090551
0.793975250090525
0.799272576793502
0.806872509161852
0.816770105006296
0.828838142681766
0.842854095382319
0.85853528762752
0.875568389091377
0.893626617884131
0.912373763866085
0.93145625003309
0.950489309019157
0.969050793932174
0.986697327526582
0.994864327794111
0.981612486069319
0.970222201614276
0.960520987996898
0.794454705891464
0.790871997025508
0.787478079694194
0.784561547373384
0.782549016695508
0.781894401603097
0.783007799408136
0.786221877854782
0.791781905373969
0.799837080108673
0.810422255845992
0.823444424466528
0.83869281900817
0.855869024629769
0.874619586995251
0.894561957825585
0.915300255578356
0.93642211625283
0.957474408001134
0.977938692675651
0.997239544638306
0.982917248450339
0.969530810818674
0.958457605154678
0.949400506761971
0.791601529170483
0.787417527791503
0.783420538592584
0.77997442843098
0.777566816233533
0.776677680814387
0.777703436177152
0.780937118142572
0.786594828359968
0.794842161466051
0.80577557873277
0.819374609792865
0.835480744155236
0.853816947950103
0.874017419181379
0.895656381590727
0.918280701840639
0.941421555494424
0.964557225078392
0.987056363404667
0.987112602661132
0.970514638970323
0.957104806455248
0.946487247742622
0.938249209213616
0.791197350431941
0.786394829790402
0.781774820595347
0.777780310485285
0.774970301254721
0.773858849634643
0.774818456558941
0.778064224279327
0.783730894361096
0.791971265046101
0.802956195905045
0.816771319681356
0.8333458406239
0.852468909594711
0.873811104970609
0.896930782177127
0.92132191936889
0.946461781113949
0.971760831224142
0.995918297621539
0.97470044787237
0.957608860591964
0.944316821719537
0.934322577411507
0.92710952687622
0.793212986333127
0.787733997751703
0.782436068420777
0.777845034089411
0.774604469790885
0.773283428372466
0.774238170973045
0.777570279030551
0.783253978241359
0.791365433439624
0.802151111161252
0.81582840499885
0.832430409834938
0.851870268238728
0.873958096645468
0.898302117807805
0.924345800935813
0.951503252118103
0.979105399024806
0.983957508471349
0.961642404854617
0.944199193876585
0.93118274324671
0.921988298291672
0.916017040182914
0.797620223863733
0.791386050477752
0.785342329759404
0.780094104025309
0.776378065978021
0.774849426850771
0.775886027338773
0.779465607263085
0.785296707802364
0.793253947209743
0.8036455433935
0.816837798145349
0.832923605174528
0.852014020147899
0.87429061903436
0.899563863432119
0.927205996937718
0.956514416349576
0.986685549659775
0.971290976935933
0.948019961594434
0.93037868528848
0.917782548140757
0.909544221364016
0.905015973961077
0.804400871173391
0.797342875901769
0.790510824866205
0.784569503603163
0.780338248535032
0.778583542888778
0.7797764826178
0.783830717367369
0.790092255683324
0.797996770065255
0.807869380165915
0.820259038390118
0.83511585563847
0.852837520759976
0.874482007793478
0.90040016713761
0.929779915791128
0.961626615475542
0.988916448598829
0.958131978863987
0.934070362216562
0.916353444899195
0.904269929417833
0.897094323846211
0.894170274408864
0.813553730405923
0.805655403022768
0.798073158402619
0.791493431787618
0.786774509540346
0.784778790531966
0.786139326739273
0.790877138489033
0.798023399077515
0.806167512567225
0.815457707809901
0.826804548642992
0.839457588176118
0.854248690529395
0.874028193364788
0.900475498635713
0.932200468402269
0.96743534881973
0.977169969183632
0.94488785975053
0.920166605801424
0.902412957746922
0.890852796673227
0.88478225980351
0.883567853194296
0.825099604688022
0.816443212401281
0.808291438512283
0.801306068112967
0.796312332145295
0.794185202127683
0.795686596245038
0.801127709344877
0.809668151231639
0.818743241697919
0.827353742919466
0.83746307713864
0.846493690463886
0.856362044081022
0.87232174215808
0.899730843005121
0.935377096418425
0.975467788108601
0.965577615351009
0.932021943560878
0.906675472208241
0.888830742277485
0.877742349123934
0.872774092422644
0.873319464249223
0.839081380737796
0.829883397824672
0.821524952684806
0.814611233089724
0.809872058021203
0.808085533610004
0.809969663298149
0.81598668561432
0.825894568854758
0.837261377978614
0.845373933460027
0.852816943512787
0.856644700408598
0.860573034982564
0.869351006898599
0.899415750072553
0.942096335738315
0.988496506411845
0.954243718944048
0.919623000227336
0.893677416783154
0.875718018752989
0.865090954403095
0.861237158669196
0.863553765097908
0.855552899657162
0.846166892573345
0.838124584053375
0.831971414897701
0.828326049117164
0.827827081512848
0.831029766833791
0.838234412261864
0.849221079074239
0.862668328785543
0.907216259101726
0.958092540698551
0.986160848565206
0.941836064917237
0.906845452114527
0.880727011218975
0.862939342081211
0.852966380686837
0.85032916091808
0.854410648040824
0.874547653307631
0.865419988737343
0.858270685396551
0.853593870214931
0.851897335623979
0.853664130886166
0.859224581059108
0.868511728358594
0.880593322544595
0.892649270002381
0.898834184161856
0.895444531911879
0.894112056233104
0.893354415038013
0.895013069031793
0.932074434720892
0.983066039119518
0.967161071728231
0.925508798945413
0.892083176073998
0.86703974919205
0.850234301082628
0.841404893028073
0.840206283468927
0.846034022465826
0.896018727577192
0.887603311827157
0.881818050309149
0.879089530926012
0.879759861620447
0.884026861211574
0.891723766485884
0.901905424378803
0.912287820031188
0.91945665559673
0.921475339752591
0.919853239536282
0.918974583411758
0.919783320880264
0.928251375900192
0.96000408713801
0.980138294216087
0.939514616422584
0.903811444092803
0.874427390051648
0.852201886293738
0.837531006817353
0.830521302455708
0.831041504704637
0.838563587903978
0.919748576740653
0.912410714847258
0.908218587349096
0.907481235244541
0.910273100320574
0.916334103363776
0.924796039211652
0.933858545258876
0.940871612989556
0.943780392740908
0.943376266594046
0.942395447696264
0.942913953511887
0.946873217112422
0.959639792375101
0.97423735604724
0.940145674564408
0.907603532975314
0.87878522118356
0.85484727028085
0.836745788540632
0.825185993753636
0.82058286891466
0.823030301686517
0.832124489339185
0.945242696028503
0.939190516185265
0.936538152343426
0.937428072461089
0.941611777314196
0.948354477271222
0.956255294040654
0.96325329189686
0.967270259945161
0.967653023110805
0.966078189921747
0.965202860025538
0.967053619587174
0.972317317458429
0.953516264544999
0.928948027502332
0.902122979200838
0.876534577374306
0.854021443828382
0.835560569711443
0.821953244132103
0.813913218731708
0.811973574881143
0.816369093448368
0.826815274950226
0.971639822847109
0.9669060099858
0.965522378058899
0.967458505895727
0.972196042551832
0.97869777649318
0.985398895208813
0.990481704092843
0.992628482310196
0.985583857947648
0.971418765831941
0.957944250252851
0.944643601513031
0.929690261177224
0.911732466223152
0.891130016878505
0.869764391054212
0.849722779140602
0.832418070033672
0.818693790340303
0.80918876920853
0.804486556482603
0.805075168738907
0.811215390161277
0.822696797189051
0.968910742052672
0.975806776338509
0.98189144092746
0.986793486025497
0.990004852503063
0.990761348427869
0.988145670538984
0.981459765302506
0.970759686612023
0.95712939561109
0.942214437245189
0.927203229205313
0.912197339723567
0.896552669408671
0.879768205932955
0.862141235419513
0.844741431575615
0.828869422680509
0.815579255669991
0.805586190708662
0.799404776467202
0.797470414116134
0.800151358496074
0.807652077251401
0.819785154515008
0.954625544847399
0.960470229869942
0.965327585877697
0.968767206996572
0.970299268615137
0.96931602704774
0.965203745299064
0.957605610125362
0.946712369176038
0.933338187336193
0.918611447940414
0.903444077887663
0.888203917620355
0.872840236422088
0.857301303686934
0.841885907963433
0.827293143952695
0.814404970693282
0.804024766353486
0.796753368476399
0.793011098282027
0.79311057906852
0.797292240882527
0.805671392610557
0.818050126554904
0.944011948389254
0.948573049183046
0.951988288190478
0.953848409847885
0.953760697424972
0.951317149437945
0.946173227927023
0.938199041948923
0.92761737860147
0.915011105292798
0.901145448806089
0.886699552784727
0.872095746567249
0.857539103098193
0.843209214496158
0.829445508910588
0.816800952912667
0.805951728248051
0.797547388204366
0.792101116956086
0.789963519168709
0.791357773015769
0.79641976517257
0.805179663035143
0.817418779134893
0.9370391371404
0.940298186749879
0.942309877147728
0.942733124226269
0.941299045219806
0.937782991620968
0.932041027980118
0.924078267061949
0.914102493424564
0.902513381148349
0.88981223401602
0.876477554606509
0.862885675690939
0.849325397776447
0.836086132992933
0.823550198556483
0.812224544568677
0.802692833118337
0.795519240013225
0.791158548332486
0.789914066223321
0.791949962468028
0.797328515348113
0.806016622214405
0.817783034701917
0.933740092716634
0.935892844443142
0.936756957118843
0.93607504947788
0.933689901404241
0.92951128258827
0.923520758468009
0.915790667105067
0.906496424913462
0.895904566459948
0.88433389138648
0.872108453199721
0.859531842521791
0.846900409058336
0.834546161261334
0.822878527705375
0.812392903243805
0.803632494633392
0.797116154030586
0.793263484393363
0.792349438995152
0.794503352425103
0.799739577295771
0.807983005892485
0.819012387361758
0.934187518033855
0.935569648761519
0.935670192390961
0.934309836589893
0.931405423834011
0.926940173661098
0.920953498520629
0.913537402618069
0.904832324390614
0.895018482182738
0.884303657791123
0.872913950310849
0.861095768816004
0.849132135721903
0.837366443294694
0.826218589252066
0.816177829248717
0.807765219176241
0.801472604009188
0.797697932090679
0.796700645043916
0.798592489895617
0.803357688833463
0.810886402635382
0.82097215886913
0.938265521774145
0.939248834331987
0.939013234966959
0.937417716959343
0.934400881682055
0.929961376925989
0.924144565910281
0.917031778186996
0.908732409316934
0.89937911622199
0.889127286058936
0.878160351973484
0.866701546463466
0.855029854584225
0.843494146546197
0.832516759967868
0.822578361769646
0.814180861516361
0.807793577989837
0.803796511661428
0.802438615419402
0.803823530076492
0.807922183396328
0.814590095086091
0.82360106137281
