0.789514778636412
0.787904791133167
0.786398049070861
0.785153337388323
0.784492894520596
0.784786918614296
0.786394772603644
0.789612724017691
0.794635650809136
0.801539016878504
0.810287061137472
0.820762063967506
0.832799801123528
0.84621610523963
0.860817866712919
0.876400722098225
0.892740097947423
0.909582747753144
0.926644707977226
0.943619702102769
0.960199097785502
0.976100374780807
0.991094926783115
0.99445119299593
0.982474992067282
0.778542679137939
0.775989480550161
0.773622034805692
0.771640699027437
0.770439451474394
0.77047055290186
0.772162206259288
0.775861296749866
0.781789797625631
0.790021026815596
0.800483528803196
0.812992617218205
0.827295905861843
0.843113812690055
0.860163289692899
0.878163800223551
0.896830445284809
0.915860823000149
0.934923610420885
0.953658110267936
0.971691954632178
0.98867678766074
0.994370298153937
0.981449468726265
0.969995424733096
0.770122323246502
0.766739409036909
0.763593640097416
0.760960351909724
0.759296230553125
0.759107231289768
0.76085664498166
0.764909713064258
0.771499454670813
0.780707721431971
0.792463539964673
0.806565125585068
0.822721245340957
0.840595003349962
0.859835465033393
0.880093468729847
0.901022561488254
0.922265500429295
0.943431933979584
0.964083298485188
0.983744213453356
0.995292553120106
0.980669775669576
0.968084915952315
0.957323060691063
0.764331087046012
0.760214207752379
0.756355702478932
0.753123827973885
0.751045774988106
0.750668964133226
0.752464661910579
0.756780827953965
0.763833404689717
0.773709752148632
0.78636601010549
0.801628864046439
0.819217639442525
0.838779432417421
0.859920948414479
0.882233687343351
0.905310763014967
0.928741092216326
0.952073498118551
0.974775125927993
0.996227849472993
0.981228400292832
0.966598511992273
0.954496577282128
0.944559804080038
0.76117232873208
0.756354774915102
0.751804251060516
0.747985368464835
0.745509213235411
0.744968607601684
0.746826599889534
0.751375104030886
0.758767580043416
0.7690739767787
0.782291829066418
0.798316372876052
0.816925835004551
0.837797398626218
0.860528570332121
0.884664620844694
0.909740701522751
0.935299012044044
0.960836186441182
0.985714903432421
0.984724449867201
0.966681026793496
0.952184868602
0.940727878418901
0.931812644924224
0.760617018421523
0.755074544696437
0.749802044751854
0.745364387036959
0.742473215629846
0.741785778748635
0.743756850054559
0.748583488306101
0.756287959519309
0.766870216487115
0.780367452764946
0.796776810413029
0.815979906038743
0.837740323711218
0.86170243539889
0.887392661498526
0.914291810746293
0.94190583687244
0.969694531107643
0.993111713595448
0.97003144962911
0.951630473678554
0.937438755449364
0.926817167656856
0.919149978629567
0.762628595025445
0.756294522049534
0.750233365359275
0.745111555889093
0.741758116679531
0.740927968544911
0.74309312550737
0.748329421501525
0.756432833667008
0.767234413505932
0.7807866341013
0.797211701018017
0.816521709791061
0.838640082876505
0.863373514005179
0.890295859995811
0.918833892120605
0.948460551601278
0.978607929656594
0.978781137079789
0.954697214388805
0.936114256971083
0.922409395500994
0.912816422394529
0.906629360846399
0.76717681673862
0.759967654079516
0.753044715504246
0.747166603244497
0.743285847870638
0.742294308467589
0.744742236878591
0.750599715698388
0.759325637507274
0.770408011085087
0.78385524004322
0.799925923043611
0.818732124504209
0.840453717307761
0.865316130803195
0.893096529029156
0.923141530413179
0.954856483713169
0.987615316258036
0.963782981244014
0.938870601648698
0.920282044553223
0.907218769131361
0.898813854179984
0.894313299393612
0.774246844413719
0.766099827166175
0.758284807215505
0.751624162771154
0.747172296561962
0.745978864400199
0.748762536681784
0.755492808639215
0.765220476143331
0.776794964763349
0.790050297924251
0.805402759893587
0.822880958366045
0.843047454941216
0.867101701860015
0.895370881883092
0.926994167258569
0.961162641441154
0.981683233502649
0.948450303508131
0.922893174914385
0.90441743786723
0.892070348129216
0.884941745814915
0.882280324511254
0.783846349886054
0.774767777304966
0.766139196105154
0.758798906008759
0.753840969441214
0.752435173716174
0.755531885494551
0.763319220925788
0.774572863467121
0.787068167557505
0.800102107337355
0.81439256518993
0.829369690711071
0.846204018469567
0.868069377384118
0.896643360015743
0.930435964487431
0.967982881447335
0.968015792003042
0.933366529233323
0.907274613072423
0.888899746713316
0.877222675565373
0.871368627534992
0.870628588954227
0.796011511968222
0.78612678198784
0.77693876659643
0.769248857563648
0.764100739523374
0.762667614550259
0.76605619831778
0.77485310936725
0.788125830155929
0.802386862311065
0.81512375270404
0.827904900187072
0.838616611427778
0.849851014534121
0.867407236210434
0.896707586042852
0.934373550408656
0.977028546810703
0.955068415744813
0.919198330286884
0.892516019388496
0.874078312639676
0.862924062993453
0.858276721508778
0.859473969537042
0.810810292797977
0.800397246773961
0.791112706032274
0.783688581114304
0.779047828345634
0.778234456476695
0.782286095970174
0.791965856910392
0.807111361934669
0.8245596261843
0.837119880465836
0.846278939333916
0.850776011174444
0.855235396098195
0.864904856357561
0.896754446576717
0.941886685574386
0.990406364952452
0.943165952046272
0.906157665951875
0.878752223516851
0.860082710916125
0.849331882867685
0.845835498881412
0.848944709056641
0.828337980155433
0.817821371439831
0.809070131925455
0.802746280249238
0.799637149086432
0.800609146509456
0.806484221179285
0.817798578989314
0.83437387029544
0.854254744095358
0.905143795830713
0.959530886807044
0.978713527256655
0.930844265946965
0.893250309209478
0.865416883056193
0.846699571913277
0.836475130262661
0.83418898705183
0.839175216090447
0.848694962582631
0.83858922963961
0.831034406529722
0.826629662529788
0.826020171650097
0.829857688739313
0.838628245247484
0.852282236704947
0.869486958783546
0.886171720924548
0.894930270814875
0.891808379776746
0.890579967644997
0.889834668368972
0.891401617952923
0.931350385844615
0.986659326218332
0.959533063454936
0.914475633903427
0.878358504943643
0.851417561187712
0.833504465444309
0.824317635646368
0.823468841181988
0.830300428085298
0.871931732614552
0.862741771509116
0.856893469436356
0.854895197017704
0.857167049192657
0.863956156491538
0.875025734637979
0.889063891883586
0.902945092182097
0.912334812918535
0.915587440566799
0.914857717661169
0.914592870658942
0.915718184141674
0.924794776763603
0.959419330612222
0.973537667999952
0.93013215103233
0.891738237915009
0.860014402042406
0.836015329790081
0.820258742669169
0.812902801097387
0.813823497766834
0.82244985266015
0.897948002717645
0.89006154224635
0.886125211720069
0.88648692942054
0.891202309495022
0.899884944507801
0.91133082824321
0.923107570869708
0.931808901197606
0.935222197835155
0.935041568849856
0.934699772826367
0.936045319634634
0.940857700330558
0.955092359240039
0.965587769108684
0.929575241947371
0.895246789063752
0.864660785988046
0.83906972177065
0.819635009994297
0.807251775508848
0.80246537520412
0.805434401146377
0.81573917210805
0.926349713090546
0.919962799463038
0.917800869549888
0.91998632752124
0.926138794749415
0.935229009666079
0.94535028853248
0.953799806995931
0.958080873710807
0.957847032338505
0.955696829220332
0.954915324368455
0.957508682100145
0.96239586570877
0.941891488971358
0.915776253115848
0.887676660757609
0.861013916292654
0.837495831285941
0.81808944441669
0.803715703245968
0.795259112445455
0.793407745574564
0.798497763397987
0.810258920637068
0.956298022136911
0.951398423601624
0.950615456055538
0.953839298265297
0.960329423687474
0.968658529990708
0.976730696706473
0.982231259506921
0.983713716644847
0.981774467686032
0.965588036265803
0.94862364972486
0.932723835144631
0.915796828588391
0.896291360006922
0.874501309826432
0.852268783028476
0.831592345712077
0.813785440665733
0.799654665387882
0.789889696945113
0.785186273164503
0.786161443479178
0.793179566693936
0.806062753727941
0.969241567923436
0.977943732582588
0.982912477984286
0.98641783985524
0.992421402694668
0.997895545882888
0.994364634120907
0.985308519794363
0.970990477096905
0.953123658245002
0.9341061313314
0.91563085658724
0.897937275382957
0.88029196402213
0.862053161719351
0.843402707371371
0.825317547193766
0.809015511541332
0.795485576506533
0.785413101432081
0.779327636977345
0.777720380832818
0.781040286493754
0.789570950367373
0.803159065462371
0.953353972082856
0.960805960971484
0.967226666861781
0.97199799876604
0.974369414213295
0.973424363995564
0.96828097148279
0.958494377883233
0.944457649906305
0.927447441156331
0.909126636699755
0.890802541581873
0.873013779270402
0.855705354803574
0.838739552876962
0.822314502482471
0.807044623119176
0.793752984326511
0.783209366518532
0.77600046583951
0.772546950834962
0.773176708034605
0.778163024078429
0.78766510143487
0.801508245083654
0.941636969219144
0.947492493494089
0.952097117186988
0.954883666504396
0.955263386839619
0.952621348929279
0.946457720149556
0.936618515489134
0.923483091576049
0.90794237332827
0.891115644116967
0.873965536006542
0.857068355123738
0.840665064785245
0.824900670612566
0.810057341773829
0.7966401849811
0.785300675286028
0.776683860430523
0.771305091947089
0.769511454858251
0.771516560326346
0.777452294012368
0.787359198078929
0.801025764835561
0.933939073619599
0.93814066157649
0.940950661889421
0.941914878995544
0.940639225018244
0.936781124110203
0.930120574119848
0.920666194683042
0.908727908022177
0.894888164001425
0.87985989382975
0.864303669106778
0.848713203004079
0.833428407784595
0.818745152438107
0.805035680667473
0.792802607811784
0.782640714546935
0.775135928064495
0.770760297417798
0.769815502756729
0.772443745761486
0.77867966817831
0.788474830739931
0.801590028192928
0.930252517231101
0.933031370260475
0.934365351927135
0.933926410825055
0.931489864744752
0.926909754007071
0.920137937936052
0.911257249368028
0.900499704858514
0.888226185553587
0.874866435008674
0.860847562089581
0.846551763763905
0.832326558237966
0.81853618883529
0.805616817767642
0.794096296967686
0.784559391301314
0.777568527780967
0.773573981163327
0.772854505065425
0.775514381282115
0.781528424521536
0.790789126567944
0.803056199406265
0.930693624556028
0.932468750590577
0.932808930886519
0.931498429552644
0.928425513725831
0.923552963054304
0.916912004457801
0.908602722416661
0.898791315507589
0.88769878366909
0.875582499230978
0.862719766800825
0.849404908854941
0.835964975029152
0.822786937867584
0.810338955858774
0.799166542496587
0.789853002810952
0.782949233736141
0.778894626126344
0.777959620611501
0.780234235779846
0.785660472892459
0.794086315916422
0.805276682393166
0.9352078385372
0.936433942005826
0.936299489105063
0.934651881413203
0.931418438371484
0.926590298008165
0.920210263316109
0.912362646196282
0.903165551814966
0.892765862162982
0.881338270547201
0.869090391631435
0.85627506532702
0.843207867379899
0.83028344234594
0.817980774761341
0.806847375154924
0.797457161317045
0.790346349703189
0.785943084382257
0.784514104691259
0.786147865767744
0.790776819291698
0.798211207222169
0.808186302663554
