0.443671608443916
0.432577152535612
0.418594860962303
0.40328610231095
0.390346808713238
0.385352984184815
0.393565202820782
0.415951021421143
0.448004807077562
0.483829915138075
0.519879217346619
0.554939494649266
0.588919849001835
0.62210046275826
0.654817545523455
0.687343388844017
0.719838914207998
0.75233518535623
0.784733506301918
0.816825782242083
0.848337588066029
0.878992009858276
0.908570787802709
0.936954137209679
0.963829710396028
0.433476149652644
0.419982512912998
0.402752664191554
0.383221192578828
0.365617617324638
0.356752209654835
0.363595345046972
0.388242806309565
0.425640097513905
0.468317471524885
0.511489342766764
0.553367688413785
0.593638984807059
0.632492416515018
0.670238280630416
0.707172271568087
0.743514073620786
0.779363625471139
0.81466690700639
0.849203992186745
0.882617079621969
0.914484754306658
0.944418128727017
0.972076207961909
0.996886943709218
0.425896960971853
0.409935046405594
0.389353811725434
0.365506509538047
0.343188393841982
0.330348695653676
0.335508374269088
0.362107118145719
0.40499911525899
0.455153524735619
0.5061546014808
0.555365938017324
0.602184607598615
0.646744949827587
0.689399306952054
0.730535972520142
0.770498986138138
0.809521969220224
0.847650182162323
0.884670032454593
0.920093978424876
0.953238240832224
0.983376341865247
0.988517438728172
0.968069669413706
0.420852230864995
0.402386774269465
0.378376197487321
0.350215721348286
0.323316047912869
0.306571851331854
0.309741294045012
0.337815575432939
0.386248229108571
0.444647720986406
0.504453352938132
0.561700367963254
0.615347364847429
0.66553585293935
0.712785427802934
0.757682360539888
0.800773860294688
0.842512824028778
0.883143943686069
0.922530456577104
0.960035529338877
0.989056834580433
0.968526035229871
0.950446418081656
0.933949723144317
0.418283306066619
0.397294227061329
0.369878981241802
0.337594122990518
0.306478866865356
0.286092148301469
0.28700721434453
0.315936830344606
0.369804940039187
0.437318978730546
0.507186491925858
0.573353379852271
0.634078707296718
0.68963618346471
0.740933405098007
0.788892651769164
0.834322985753824
0.877985468809546
0.920489827241711
0.961935135200061
0.965161353160811
0.943650256287896
0.926960522803877
0.913157407720486
0.900967276234643
0.418174948662173
0.394703427840083
0.364089927744139
0.328123759121128
0.293386608089929
0.269765673335979
0.268205708959757
0.297270582940443
0.356369932740698
0.434017400808061
0.515513685995231
0.591574522541368
0.659406245262961
0.719709932743526
0.774168037295585
0.824197874541252
0.870852178736023
0.915270553688692
0.958687943486794
0.943614689024839
0.916966535761252
0.898793907960475
0.886390117308507
0.877232625292582
0.869681576786467
0.420564389768434
0.394778291118365
0.361433725865869
0.322524557123601
0.284951828511822
0.258592034403341
0.254376257704791
0.282776414049284
0.346901578178222
0.436035635870852
0.531124693372632
0.617935810846527
0.692306028327163
0.756055750042029
0.812289704861723
0.863068606335669
0.909512721553194
0.95318239722657
0.931478065150556
0.894358949839102
0.869746987538088
0.855238633382195
0.847436994580701
0.843177091570832
0.840502090117037
0.425543208553275
0.397806156980467
0.362524197025845
0.321738449048609
0.2823050810019
0.253788509943792
0.246828443656068
0.273678976929185
0.342658430129741
0.445320788966407
0.556541125031365
0.654381896349644
0.733455170391684
0.798206486077156
0.854132726837287
0.90401314668212
0.948605821668034
0.936074212782062
0.884234863819911
0.847170630428874
0.82470372198885
0.813958416307893
0.810804713446915
0.811451733110747
0.813708975769551
0.433247587586782
0.404177306018137
0.368121791613899
0.326907502977017
0.286872413897647
0.25700043234935
0.247492808422364
0.271926346729153
0.345440139690284
0.464916214284333
0.595693894864174
0.703226228468982
0.782776389556869
0.844357993451967
0.897008170060941
0.944141327065878
0.960464914764644
0.894577479822267
0.840886101603355
0.803958163240198
0.783540794078172
0.776243068702406
0.777315671714018
0.782491393341794
0.789481764200387
0.443834608645454
0.41433460634325
0.379046832662274
0.339318086764718
0.300469175466384
0.270618077444993
0.259506599713689
0.281289441884778
0.358405920509027
0.499788042640349
0.654953924918669
0.766800564093307
0.838607128622967
0.890710927145196
0.936240028713647
0.978978154365036
0.927913141556076
0.859155634151621
0.804003191471288
0.767335891988724
0.748453829945117
0.743634408841462
0.747857783778355
0.756691171455885
0.767919221665018
0.45744604508885
0.428694537944607
0.396038755905364
0.360241043927797
0.325263875069544
0.298056928723653
0.287972003650458
0.309349418730468
0.389260096075887
0.558087523096894
0.744094388310738
0.845141724109193
0.896156784523861
0.931191901522871
0.965386412793284
0.976659249260374
0.903853511813279
0.832740920828659
0.777050680292357
0.740407237936489
0.721759524677688
0.717604785083781
0.723197381680943
0.734346054965847
0.749050484060788
0.474176934654464
0.44756173110687
0.41957992778235
0.390598552237262
0.363326233647869
0.343478023602362
0.340247819409792
0.3690687952035
0.459721543691075
0.655900892329666
0.868168623877602
0.926182126756376
0.945876224447301
0.959460989283729
0.977906681013617
0.967857679375798
0.890805647828243
0.819518433151143
0.763759923489393
0.725724364148288
0.70497305562666
0.69894081597337
0.703672809083853
0.715559419683432
0.732839622464767
0.49409900213709
0.471095409461021
0.449772216697051
0.430533424801205
0.415521766161156
0.40981236462915
0.423058509012884
0.473125264461981
0.592320917268929
0.806471104592686
0.968642209583554
0.891476982264248
0.821744155677798
0.764568527811425
0.722752952643652
0.697308103525351
0.686982578501483
0.688892976361938
0.700171010689897
0.719191077368958
0.517429452010462
0.499425207959409
0.486417005529771
0.479236989063343
0.480262564893515
0.494734133930574
0.532540956104641
0.609561796892563
0.738547460858149
0.881063866899292
0.959389666879414
0.968544329704544
0.972120502259253
0.973367092274842
0.972511398550313
0.951905856329553
0.888183969991988
0.825529656842551
0.769346420104668
0.724611370556855
0.694396192095548
0.679236190066924
0.677683667379917
0.687775062531679
0.707964118079708
0.544917102862315
0.532997743355502
0.529376906612799
0.535358949629975
0.553521939409308
0.588342935644853
0.645426542246913
0.725109442785431
0.805509137797097
0.84934045657888
0.87324891103759
0.896268189516367
0.913035695947864
0.922502302172976
0.928307004776456
0.887322448055288
0.845126872688161
0.802717910765089
0.759186467038136
0.719553230050411
0.689433049067302
0.672150346239103
0.66849716304946
0.677862164276854
0.698997966636526
0.578322299420573
0.573052888689677
0.579035678362752
0.597634780215986
0.630275848257092
0.677073713594473
0.732336482510704
0.778336848200707
0.793061869475729
0.782870485689444
0.77973581953919
0.793004183479253
0.812366770470679
0.833997729492414
0.822012931382859
0.795950832889315
0.773354889299054
0.752003192020581
0.727486575480647
0.700983959634887
0.6777736233917
0.663114734700053
0.660164622534817
0.670023116782059
0.692138367750384
0.620559035747778
0.621818985640322
0.636455361571695
0.66507646284982
0.705847692328517
0.750916035349894
0.783176772399027
0.78426744244769
0.756074983755324
0.722991111718895
0.705829586093535
0.708225911235293
0.725458494167656
0.739931736936745
0.724345789346177
0.711874868580677
0.703397737886595
0.696296940126249
0.686660917120791
0.673669963826978
0.660509983580285
0.652054510493029
0.652451484000292
0.664083512553461
0.687251605460344
0.675011962461518
0.681907205492374
0.702848556520006
0.736696944764166
0.776972259005531
0.808446455752554
0.811443917551541
0.780168945390918
0.732152151081371
0.690567928248865
0.667775048125827
0.665838363624257
0.68326640083002
0.66811428131951
0.658520371604056
0.654020166949337
0.652937159834621
0.652780080009824
0.651039857809159
0.647023886174145
0.642545879031585
0.641006943986934
0.645973762038008
0.660084974577178
0.684219297969901
0.743689731377361
0.754421482783501
0.777855042165696
0.810529476919809
0.842241151781364
0.855731466962766
0.837023033300662
0.790886850521776
0.737592423635071
0.695265189291452
0.672341486663269
0.67062772966916
0.649177682584897
0.633858738335936
0.626737040645586
0.624732816418402
0.625387984167332
0.626651532150133
0.627298350691894
0.627439835630717
0.628448730814729
0.632417956409011
0.641642969288236
0.658151297279539
0.682919853567451
0.824202158193892
0.835870824143629
0.856927386509444
0.882256641747472
0.901207999823318
0.900217647014071
0.872493223855331
0.825881509287259
0.776845281581688
0.738998291067762
0.714209112307379
0.67280594674365
0.646409687779788
0.631026151789956
0.622997754713105
0.619296060331284
0.61763196584296
0.616660374279368
0.616191289227292
0.617058004673365
0.620555527905945
0.627897102642067
0.640139191992892
0.658344602008198
0.68320888148506
0.907356929892589
0.916449001798343
0.930908620109284
0.945822182718051
0.953319973975361
0.945504130154986
0.919962948755222
0.882729013215363
0.844436472941883
0.781980635887602
0.731724823168471
0.694468312100604
0.66849586463521
0.651096005005784
0.639453945558179
0.63117378594595
0.624654784553239
0.619366695629401
0.615871173285247
0.615419385290372
0.619234196144409
0.627949647183807
0.64168359184928
0.660584990397304
0.684908423514053
0.955612223929644
0.975862236903528
0.990150629374147
0.99611866637478
0.997106467469959
0.980141967512472
0.946177966614292
0.901262842200174
0.852218189562964
0.805333734615019
0.764553132380923
0.731276298567056
0.705052237292741
0.684442144002051
0.667749602059627
0.653578566421186
0.641235204566381
0.630932645989843
0.623698591225335
0.620925876678957
0.623692153475374
0.632237723079031
0.646066047181635
0.664645288722275
0.687808811895131
0.948830529817867
0.960323186118572
0.968086159705759
0.970154283460127
0.964694783003066
0.950598809035741
0.928105983215179
0.899003408152957
0.866141623097324
0.832512317062471
0.800421977888128
0.771116902939953
0.744864638160132
0.72130628220402
0.699893249362203
0.680288682792308
0.662659789638276
0.647795807201248
0.63698421425526
0.631614031030335
0.632600635899165
0.639937247679086
0.652788407640712
0.670197525999981
0.691685149700477
0.945071956726862
0.951167203097606
0.954125881791739
0.953127305141777
0.94757212712228
0.937176394577312
0.922080625316734
0.902884566461427
0.880547894245076
0.856173827629222
0.830765919010114
0.8050637246529
0.779516352721729
0.754386790957052
0.729935716141833
0.706619962015852
0.685242396991454
0.666990592352346
0.653303397573676
0.645534938559639
0.644484986898522
0.650035526335679
0.661231171434507
0.676902736661982
0.696331699100304
0.9488631806547
0.952291606495224
0.953062643646529
0.950935310083321
0.945751625136305
0.937450459137834
0.926076934050473
0.911780016040984
0.894795807265387
0.875419103974358
0.853974316629023
0.830802208737926
0.80627656293512
0.780854989844562
0.755154881542933
0.730032587629317
0.706631634384871
0.686354563969622
0.670710479491697
0.661016877473963
0.658014649743987
0.661582753346926
0.670809922491266
0.68448585207793
0.701689527358654
