0.520655000320557
0.51336569966611
0.505293289431405
0.497694254211185
0.492702140904393
0.492880576775819
0.500328303712312
0.515508238326848
0.536941198474477
0.562267134021298
0.589525185970142
0.617591720107753
0.64599107215625
0.674599476063654
0.703437159683624
0.732548039087073
0.761932522512579
0.791511346275519
0.821112440407932
0.850480688651303
0.879311227767202
0.907303222196913
0.934213595372267
0.959890175264125
0.98404420731024
0.508868182822505
0.499465682306838
0.488914571395101
0.478475489446502
0.470699699097576
0.468944325892969
0.476198012707197
0.493364188545374
0.518628039160597
0.548872178914496
0.581476716717864
0.614912335616046
0.648473236049496
0.681900708629484
0.715141103471728
0.748213428346574
0.781130579703503
0.81384247620492
0.846193462835753
0.877903173323043
0.908585518958834
0.937810742484045
0.965189043869637
0.990388324596296
0.986859300918718
0.49997941629186
0.488457146627385
0.475342400605976
0.46191333564921
0.451142814198711
0.447242504173649
0.454208305085845
0.473505814401688
0.502963666447025
0.53851950093728
0.576714890407689
0.615557634719538
0.654149265458394
0.692167239315607
0.729549268362609
0.766335566027757
0.802585652376161
0.838311677297782
0.873402390872285
0.907553484254054
0.940248130590581
0.970821303972986
0.996358124499053
0.976143195875779
0.95775917535202
0.493896394072974
0.480250281861991
0.46445221180179
0.447836825928865
0.433818840272939
0.427497178142714
0.433985956561247
0.455533634674768
0.489712026871321
0.531280022391233
0.575596413755767
0.620036259905012
0.663533491867482
0.705817858902937
0.746932253458972
0.787007042426282
0.826187746010199
0.864597250621247
0.902234147289148
0.938813314572373
0.973657248485309
0.981565987288161
0.961437445728619
0.944162955981618
0.928910942451739
0.490539472798526
0.474732508761324
0.456147682542076
0.436196958430297
0.418746530231871
0.409755805983607
0.41550190133182
0.439310208474367
0.478796385182827
0.527345804176851
0.578601652730806
0.628969253241341
0.677221097865282
0.723324388839581
0.767605747219022
0.810367143662142
0.851860681739615
0.892376437281232
0.932144429164318
0.971009691223159
0.966273094726579
0.943953902482484
0.926628626247043
0.912656939866381
0.900872580168709
0.489862255388855
0.471865852286995
0.450483226270768
0.427210445261873
0.40633129958486
0.394549596089575
0.399244382517046
0.425146679914214
0.470482537235985
0.527201444576804
0.586464724418753
0.64313265180105
0.695825268405584
0.745059493598765
0.791720890276173
0.836364339191849
0.87931670145272
0.921093684630503
0.962357892717499
0.954546040492498
0.926484924386639
0.906486243517377
0.892376739935446
0.88205773774499
0.874070278504599
0.491863617597939
0.471723129264033
0.447720686342609
0.421417039984221
0.397403623983981
0.382912511754291
0.386250597472195
0.413865473500626
0.465470786055439
0.531756211608793
0.600299452853359
0.663493694950187
0.719900058635033
0.77113148870374
0.819051439698062
0.864535927539924
0.907859918402108
0.949828559858572
0.951973566133688
0.913832370990776
0.887036016536246
0.869721078265926
0.859157542340926
0.852757318883298
0.848826351876478
0.496592299141264
0.474502665637364
0.448344973415793
0.419681461799876
0.393201744355514
0.376360026916754
0.378120452770003
0.406856924534552
0.464978663668966
0.542512449243337
0.621776513332295
0.691233514058433
0.749798988454496
0.801136451331865
0.848703409680614
0.893748554378965
0.936219982603577
0.964330595630202
0.912666258751533
0.87417628589728
0.848873921084747
0.834441914339743
0.827545336425448
0.825136777973173
0.825377179212819
0.504141764862323
0.480519745356512
0.453036479666858
0.423146491063444
0.395336110179903
0.376908206625339
0.377136590117855
0.40628769694307
0.470908364053412
0.561846942287548
0.653423742941412
0.727737248790484
0.785425117054128
0.833799570345683
0.878743532793518
0.921938741982546
0.962507793865105
0.9295714718751
0.875825157255943
0.837176102662655
0.813427798497474
0.801733078571671
0.7982385721299
0.799576975491544
0.803893797915546
0.51463482170809
0.490169976807315
0.46259053241181
0.433126901304218
0.405733661314796
0.387160986674465
0.386586663707841
0.415721405834072
0.486325641553718
0.593479280996389
0.69911488730616
0.774409754566414
0.825774014097546
0.866556356570971
0.905879115934325
0.94604610904173
0.967299297530075
0.899170377389458
0.843718971326301
0.805113362228664
0.782589786578301
0.772912228999272
0.772003199093548
0.776439480641536
0.784493394789216
0.528201550225045
0.503864559517567
0.477780346572371
0.450913265151656
0.426473261902804
0.410337480414683
0.411205515387887
0.44143322552359
0.5171585928068
0.643069527625804
0.764389520724996
0.831434329875035
0.867993254549985
0.895452623755621
0.925605603935734
0.962566988309006
0.946850329204155
0.875767733363932
0.819425530409071
0.780700905966879
0.758348905847345
0.749227597483923
0.749500046330243
0.756008614058193
0.767243625065714
0.544967531692262
0.521957673491922
0.499187163661623
0.477459955548791
0.459321382873011
0.449771925886918
0.456950590261976
0.493402694177033
0.577171440432645
0.71998526228695
0.852148063082418
0.891886376666866
0.906266335446505
0.917006918787317
0.933541385191038
0.969934433886596
0.935049872087035
0.862860992403052
0.806026753146249
0.766006260258873
0.741903111506046
0.731295974337981
0.731016854597003
0.738411510331907
0.75216265990113
0.565091679121177
0.544716919001994
0.527072199598913
0.51302530635086
0.504848339946577
0.50710573112808
0.527731305971921
0.579360278347043
0.678610729681301
0.826819595456413
0.98059074094366
0.932542002931847
0.861228212236934
0.803146260291238
0.760109221486835
0.732331995723306
0.718463339852548
0.716228373807426
0.723562180997645
0.739221501320168
0.588908061715799
0.572407797610716
0.561400606500859
0.556992529788294
0.5615167467209
0.579356427004132
0.617610771114992
0.68511049542826
0.783336147410976
0.881945652029704
0.935873955514771
0.940668275794507
0.942585279645954
0.943076682076512
0.942890874140557
0.987633316435415
0.92151144596665
0.85765018079543
0.801394361509776
0.75674424459698
0.72575659503474
0.708604116903738
0.704200735562931
0.71118744281284
0.728354721572984
0.61718419757826
0.605520688998426
0.602060580042183
0.608073745231707
0.625655331167577
0.657878089011072
0.70748989518994
0.771696272078367
0.832793203351946
0.867314075886471
0.886159283048519
0.902142506468362
0.91381044882236
0.920825960542174
0.935614141541168
0.923365206186965
0.876834957238238
0.830909806577757
0.786072533279668
0.746637079996669
0.716802796703627
0.698964345484488
0.693787389390024
0.700952550905011
0.719479575718004
0.651360571878991
0.645017608588127
0.649134161758308
0.664746390006385
0.69262296560159
0.732109599391894
0.777977789033996
0.816839935823529
0.832845314498263
0.828882703535487
0.827415833230571
0.837437922943252
0.852412882229077
0.869937080577173
0.870252900287739
0.839801434850789
0.810408490586018
0.782414289982334
0.753659193387346
0.725651636933883
0.702426938644326
0.687825573647198
0.684244096385252
0.692622424195807
0.712514711968763
0.6934662376992
0.692301785895157
0.702946041339348
0.725592509688357
0.758425310347074
0.79548203582513
0.824797699333281
0.832708431955841
0.817187542558832
0.793664180978785
0.779830560200535
0.781317491332482
0.795392573177709
0.800289013319775
0.780785460053074
0.76184684192959
0.745221553005657
0.73012214025074
0.714515719727622
0.698350519988506
0.684166271291521
0.675553017264035
0.675600249295967
0.686149609719876
0.707387250686571
0.74541508574644
0.748597895312886
0.763628593381395
0.789321315791609
0.820853962986717
0.848083910114502
0.857584923787142
0.842247141870305
0.809959397260951
0.777525037817603
0.757730815657562
0.75497185564629
0.751424250968213
0.731426651831922
0.716431476525366
0.704728686620494
0.695555558551299
0.687758607300654
0.680093095252009
0.672424146247313
0.666226745203096
0.664033170985407
0.668504407038859
0.681635057904784
0.704024432112655
0.807571822092249
0.813567569125665
0.82996707519573
0.854121778357311
0.879195447656603
0.894108839934702
0.888407292663887
0.861134371122836
0.823208417940079
0.789059659585861
0.768451402832941
0.742813151094354
0.713166114190555
0.693682622721753
0.680722479351314
0.671825476854695
0.665386700498967
0.660328602766965
0.656151159598387
0.653139916995527
0.652342890906589
0.655304488263209
0.663749878283856
0.67920763384603
0.702336275123054
0.876881377563404
0.883525033851825
0.897944055751877
0.916661278552296
0.93281335570975
0.937455141520865
0.924343766454329
0.895368497497838
0.86012528090424
0.826142706836179
0.771874601321956
0.731202544777166
0.702544256839044
0.682990774824933
0.669631684695162
0.660145493782115
0.652994793358104
0.647481974172871
0.643713882766919
0.642385493789852
0.644409717864303
0.650639860381263
0.66187065736458
0.678909512594087
0.702199714588739
0.945862406633291
0.950847214411076
0.960697475539931
0.972211792217688
0.980230718947044
0.979143965250446
0.96591849965381
0.928813598081107
0.874771778985634
0.822211383799686
0.776739335197862
0.740444254853234
0.712879765216058
0.692327095788463
0.676767675973184
0.664504352487425
0.654523204539554
0.646645630118325
0.641435632585383
0.639838482237492
0.642685244835904
0.650374849688409
0.662986032864493
0.680640088470939
0.703451670113914
0.944548175919687
0.960527376808386
0.973634375872923
0.981129912579346
0.979913030670342
0.967467970512112
0.943225605565863
0.909368438806145
0.870217982741852
0.830532572121475
0.793932591255175
0.76225684847567
0.735771536228379
0.713773353354056
0.695228781180983
0.679290126557874
0.665636972155128
0.65460796280841
0.647081379350822
0.644107313929669
0.646422144494422
0.654131292284848
0.666842550277576
0.684161852166982
0.705893337330052
0.938299313810492
0.947784383834624
0.954203964912763
0.95611450858033
0.952166334099328
0.941442788346161
0.923876910014457
0.900477356044966
0.873144049466366
0.844115007389777
0.815340857980676
0.788092095195861
0.76290843464423
0.739811724354145
0.718636218024935
0.699350892089707
0.682288482595655
0.668220313419365
0.658232893400164
0.653405293350045
0.654387366153642
0.661116896725889
0.672943591543467
0.689147380221722
0.709307355616733
0.936336708181725
0.94160389036673
0.944133330734164
0.943265145803126
0.938520873085862
0.929650296122519
0.916707314665718
0.90008961424752
0.880491748205676
0.858768165682884
0.835758358511303
0.812151881360992
0.788449385833986
0.765027234219176
0.742271057530804
0.720723958375858
0.701192358932074
0.684755728715353
0.672636445041363
0.665921485590861
0.665210700860121
0.670382207429826
0.680696912484545
0.695264500899096
0.713490762128491
0.94132865912687
0.944374806422741
0.945011390500476
0.943015637062555
0.938242732970225
0.930634637380741
0.920225373798933
0.907138463980846
0.891575273863114
0.873795656783882
0.854098486538096
0.832814209305964
0.810320308955829
0.78708282028974
0.763715665131864
0.74103805365399
0.720100159121383
0.702140596888216
0.688442904962703
0.680086618874442
0.677654523391066
0.681044011156295
0.689553759186522
0.702250047072535
0.718378542117378
