0.629814209707231
0.625936230106034
0.622196463958674
0.619250481706543
0.618055412325404
0.619583432329678
0.624605810134666
0.633479291565197
0.646055871781256
0.661790349548537
0.679985985411627
0.700016934339641
0.721427181846655
0.743921864514713
0.767311102910329
0.791448532267841
0.816181197418881
0.841315198397186
0.866599070258234
0.891727348348935
0.916365231033646
0.940191016558617
0.962940269508225
0.984430822734503
0.99531031133684
0.616957948244278
0.611448637139129
0.606100592083787
0.601645084139367
0.59926363174093
0.600225602087575
0.605557160083384
0.615732674949046
0.63054488128128
0.649260003170154
0.670944838891458
0.694748050621074
0.720023625876507
0.746327350936481
0.773360511828006
0.800907338332051
0.828779651688606
0.856768517503496
0.884605337221079
0.91194275848215
0.938368167495543
0.96345328479741
0.986822102913058
0.990833447115403
0.9733497451287
0.607158291166393
0.600098416639448
0.593169878624548
0.587228677868311
0.583691754475216
0.58414891097189
0.589893988617975
0.601482312788878
0.618566463855431
0.640152026137043
0.665053895420195
0.692237931474316
0.720940049960392
0.750636049611034
0.780964917550103
0.811662697705384
0.842513947274071
0.873301671302054
0.903744419354279
0.933438698299851
0.961844456602651
0.98833912876431
0.984433286821275
0.966775125435915
0.95118149070464
0.60036212830659
0.591812074898637
0.583274628840148
0.575771417419576
0.570993378562803
0.570908078817648
0.577142070954261
0.590339060713443
0.609919412125911
0.63448495252118
0.662504673112484
0.692764380945803
0.724457499718159
0.757075651922631
0.790266094660019
0.823746992713467
0.857286141223779
0.890678595603757
0.923661905576964
0.955789548909283
0.986354396447151
0.97739530501407
0.958462941468871
0.942592399759984
0.929090547050831
0.596496898116758
0.586443863727146
0.576214437896658
0.566998213923885
0.560798951419794
0.560040115749295
0.566793490463588
0.581861506373119
0.604353468841738
0.632250873960337
0.663483504719875
0.696609691349958
0.730864546087919
0.765887652778844
0.801433689087525
0.83723556601206
0.873046265621752
0.908705577211694
0.94404133356263
0.978616407657567
0.971969359832513
0.949746971215353
0.932335025604285
0.918540816225644
0.907423513866639
0.595498703154282
0.583883083749286
0.571858208541724
0.560762088078652
0.552927115964024
0.551300650888283
0.558541101591033
0.57576343535941
0.601745638455659
0.633562738225879
0.668276131221118
0.704103128252114
0.740427278003481
0.777227117941273
0.814510055763826
0.852058325448107
0.889591676909045
0.927040943066364
0.964445805758587
0.971332835759674
0.943046681431062
0.921846912557652
0.906287366689809
0.894869451895533
0.886442107617256
0.597330860729591
0.584095154941802
0.570220098559131
0.55715358159866
0.547528383188383
0.544833967854091
0.552449886520045
0.572055819811005
0.602212753444983
0.6387570385651
0.67735151993227
0.715662256297635
0.753372870457917
0.791084671896468
0.829288690502886
0.86786638776356
0.906450075647423
0.945123206560166
0.979455905955639
0.941965691510282
0.913860208904865
0.894016657722467
0.880607545036598
0.871821852742855
0.866353859164399
0.60199334470329
0.587146059009509
0.571507757206065
0.556577851502643
0.545197847885478
0.541325836844162
0.549133377689456
0.571201435993364
0.606230394053465
0.648512270692954
0.69146372594741
0.731839439161435
0.769862575037516
0.807180329290521
0.845166913082757
0.883909374545512
0.922829842145871
0.962236992483641
0.951195739534626
0.912654750635044
0.885015734589815
0.866775528746811
0.855685084927718
0.849661887146491
0.847328263904616
0.6095249252341
0.593212342352023
0.5761412271258
0.559787270383963
0.547040618352165
0.542132988824442
0.549957182660341
0.574327989036954
0.614792554766816
0.664022003756445
0.711806601903676
0.753378219160112
0.789937322575986
0.82480641560161
0.860961714868357
0.898945877395663
0.937696365583844
0.975495135464475
0.923828974235385
0.884499029677384
0.857511485178068
0.840889905955948
0.832024514338566
0.828679062078121
0.829510475249875
0.619999848635412
0.602571910510115
0.584725006386184
0.567836372689405
0.55464611116391
0.54935485837488
0.557286523672724
0.583591316755466
0.629670816355203
0.687256314571023
0.74025420429229
0.781232336273627
0.813369816983202
0.84264456944458
0.874753745008632
0.911294107387029
0.950132984385789
0.952859484465042
0.899001516958138
0.859155262169767
0.832710607931107
0.817307445146733
0.810192489810045
0.809168621770738
0.81302595352444
0.6335230638827
0.61557090174457
0.597957270464416
0.581921382796522
0.569895944918462
0.565737391889038
0.574713597922256
0.602858093432605
0.654041396974246
0.721289267979817
0.77958515221284
0.816142436057664
0.839175737809234
0.85884656914701
0.883997951237145
0.919275809734434
0.960389790958973
0.934348966691131
0.878967770490826
0.838579996229711
0.812018319689926
0.796905729547047
0.790679185215356
0.791383552074082
0.797979145811312
0.650234726528705
0.632575022079613
0.616483898675672
0.603089523796078
0.59449818368857
0.59409248213636
0.606689401040329
0.638297577903813
0.694265403078756
0.770769324185813
0.832431360336108
0.855606222311592
0.864903828865978
0.872651812034248
0.886559830776327
0.922954232553676
0.972616147556435
0.922211573696342
0.865698203969027
0.824043675206124
0.79613898470712
0.780055455428082
0.773701361268255
0.775475410645505
0.784449477513615
0.670342440152615
0.65393364459448
0.640747038685572
0.631876611251624
0.629216271834362
0.635781173686711
0.655871391646132
0.694718217981876
0.756371974080517
0.835430667930005
0.933527138508464
0.98619161223868
0.915489447468493
0.857944636152077
0.814293837667184
0.784111805651652
0.766194920668332
0.759055877907649
0.761460429196381
0.772489798712304
0.694194840222276
0.679991509796899
0.670905978933127
0.6680369265266
0.673102992618927
0.688668103240605
0.717941649430338
0.763348809014963
0.821941949862207
0.877354061621699
0.907484018154825
0.907898429967349
0.908094041023444
0.907848281767879
0.908501711685392
0.960976218912154
0.966430604686421
0.902993882621456
0.848088877757378
0.804422836492946
0.773036563802941
0.753846852051691
0.746181135341407
0.749248677526808
0.76213099023058
0.722370834502541
0.71114502553488
0.706870253579263
0.710546256829848
0.723416354418951
0.746816015648738
0.781092614219517
0.822882928316258
0.861708539389736
0.885253503399492
0.89717109967132
0.904771213063138
0.910408822416258
0.914459942867019
0.926763052246553
0.971216103021016
0.920824491549746
0.872186063234077
0.827043938729546
0.788631997445922
0.759601329785735
0.741394025275007
0.734482510115593
0.738736060068016
0.753391262138446
0.755685529779874
0.74785867757746
0.748383895504449
0.75789995526491
0.776584066904653
0.803479494617084
0.834932373955595
0.863097547044228
0.878564879370932
0.880532834473692
0.880450333639552
0.885688749109268
0.894301011512524
0.905924027684591
0.929650804681505
0.897783338490485
0.861614942296291
0.82717356688277
0.794631122814365
0.765571049276399
0.742636985143832
0.72818497669215
0.723730515019055
0.729901940566324
0.74628319000834
0.794967111658666
0.790500031991054
0.795022526589099
0.808514018727935
0.829629264501524
0.854822798593741
0.877545218670762
0.889716613731196
0.887488031944555
0.876683849483537
0.868353537397999
0.868639163452377
0.877544541420803
0.877992775020195
0.854922781068861
0.829278733476699
0.803971951759676
0.780454566096139
0.758693039323985
0.739269714195008
0.723952807478565
0.714966459352845
0.714215852824616
0.722840415961867
0.740811700582746
0.840514443117329
0.838887846429063
0.845952785950471
0.86088340360197
0.880901282017972
0.900740054371124
0.913250809610759
0.912766014893452
0.899934858812632
0.882472120386686
0.86968558960055
0.86458562967296
0.837680394014056
0.815634552653142
0.7952387163436
0.775692630905598
0.757561662964951
0.741323223251372
0.727072162450372
0.71517939414744
0.706722020692982
0.703298716347585
0.706556908196443
0.71770632370644
0.736962696895207
0.891303631610646
0.891587003077677
0.899395442593981
0.913232209060228
0.929545410036022
0.942800372105592
0.947031446862435
0.939226272063771
0.922114765018703
0.903002173436963
0.863139163085905
0.826223767303118
0.79779362070883
0.775364480204376
0.756620943339511
0.74028026572523
0.725977794529283
0.713794775795831
0.703984400237148
0.696995364768533
0.693555192877083
0.694645295846124
0.701357645828522
0.714621723540255
0.734688537968589
0.944263592015877
0.945277811635238
0.95210159908914
0.962965436817623
0.974436192046715
0.981929830948786
0.981345502053737
0.967732638656227
0.925815563674488
0.881251900390565
0.840101645561039
0.805465307417212
0.777648020092336
0.75540504367166
0.737174343848653
0.7218096653919
0.708808795550301
0.69822828455325
0.690480278763819
0.686127789974456
0.685738184435455
0.689839019595385
0.698958967799961
0.713602011799474
0.733897690883689
0.943516997529585
0.958702691874716
0.972293192064444
0.982142523274553
0.985523373666685
0.979653192962909
0.962867263647738
0.93583858491516
0.901788660239507
0.865261840002327
0.830323732363191
0.799404615562769
0.773203888733955
0.75127788133497
0.732775128307193
0.716997900359298
0.703693930089637
0.693097273343798
0.685776873344709
0.68237813982011
0.68338152783924
0.689014717016165
0.699364952203681
0.714529250476558
0.734452695487597
0.933703001935634
0.944333215894241
0.952766538267465
0.957518558755586
0.956981898558298
0.949743595603268
0.935140216667358
0.913751199066147
0.887435159633329
0.858770966518658
0.830215784981535
0.803470582920724
0.779311598032528
0.757815692801037
0.738755722935868
0.721969618681529
0.70759274113776
0.696111080702761
0.688238789694069
0.684672639174931
0.685838024024889
0.691780645007941
0.702294881508919
0.717168840508804
0.736176961276592
0.928255722379772
0.934925992485162
0.939266352827219
0.940397594552872
0.937533250844693
0.930095858695249
0.917908595677519
0.90134973769183
0.881348996383161
0.85918085336497
0.836140092654859
0.813261219731975
0.791204172338711
0.77032221650129
0.750842326928893
0.733062173378882
0.717483761649972
0.704833063296479
0.695947992717494
0.691562198056293
0.692073863340747
0.697438603611572
0.707289227591234
0.721213525606008
0.738871792990047
0.927858178577102
0.931806853816775
0.933540819689599
0.932602181306067
0.928677321231853
0.921596167771013
0.911366078413756
0.898199861349708
0.882505977940384
0.864829103523
0.845759159026408
0.825849549434987
0.805583690758015
0.785403976033959
0.765786419105429
0.747323694935028
0.730773569395446
0.717035648387154
0.707036689512322
0.701539244284666
0.700940972392926
0.705178719470569
0.713827048621516
0.726358613969438
0.742345832499012
0.93349465028654
0.935911483902336
0.936297539594335
0.934455498858503
0.930264048278006
0.92367856566968
0.914729415253921
0.903516970117057
0.890203661968658
0.875003627870065
0.858173934305095
0.840014264742409
0.820881334078982
0.801218939941154
0.781596085770102
0.762736993643771
0.745520813988421
0.730928323645945
0.719922596007253
0.713276289595383
0.71139918637677
0.714254519022643
0.721436408471384
0.732371310509849
0.746528674012891
