0.839729610397695
0.816704599965122
0.802130156818848
0.794762673600751
0.793925492772306
0.79937849229172
0.811169553641766
0.829383980254092
0.853433197738139
0.880450088962141
0.904622623071197
0.922108448677785
0.935471011631586
0.95004777358898
0.970877555464686
0.997685156414635
0.959540905646448
0.919381163744756
0.881107019838067
0.847346032273499
0.819772542673078
0.79939372615854
0.786618341063719
0.781243729796754
0.782455546805452
0.840122339122602
0.817177633640967
0.802678757043803
0.795396664460514
0.794654623909895
0.800213737533342
0.812125974008023
0.830487673614786
0.854729941522031
0.881975004350872
0.90628392575814
0.923722400987309
0.936986640850541
0.951535958372223
0.97249131629598
0.994851101759387
0.955983707196954
0.91519052471598
0.876482592721159
0.842511118549872
0.81493940213809
0.794747603936935
0.782295083884741
0.777234137055595
0.778396866505758
0.840432191522379
0.817484081190519
0.803013475434686
0.795767956395782
0.795070196819646
0.800684927126862
0.812676399279933
0.8311737860167
0.855670828761736
0.883297400081498
0.907843285145844
0.925119517807883
0.93804728158169
0.952313310626947
0.973226271461026
0.992730473064171
0.952879024041458
0.911194901103692
0.87184746684453
0.837505300329174
0.809809319218454
0.789710462410193
0.77752918093073
0.772877504687116
0.774759920851136
0.840607619397585
0.817604988260896
0.803114736645279
0.795856868243104
0.795152285875458
0.800770963793688
0.81279607648375
0.831409365826121
0.856212652026021
0.884376367127526
0.909265137345217
0.926244022253318
0.938582453226
0.952294359005493
0.972977387619336
0.991530540839616
0.950431279881352
0.907613376763195
0.867442627132021
0.832586368914365
0.804648415885203
0.784553152145093
0.772609187178467
0.768441830436151
0.770926495184577
0.840634978734382
0.817532111304667
0.802977457966283
0.795661745929886
0.794902670791835
0.800476004500536
0.812488088801083
0.831189120436452
0.856336323113775
0.885198329891134
0.910550535449736
0.927070433875417
0.938555752207624
0.95142990372044
0.971669154992994
0.991447465117684
0.948832189159122
0.904662986386199
0.863519520902076
0.828030933987734
0.799744208911641
0.779558929928561
0.767784818361487
0.76404125082489
0.767141750605128
0.840510684649617
0.81726881265778
0.802611203584993
0.79519835541627
0.794343408615904
0.799827387156544
0.811781119282336
0.830533276656867
0.856042594827961
0.885769563501062
0.911731876690966
0.927595691988384
0.937966229538076
0.949715610904388
0.969261250814981
0.992641074144459
0.948239314754443
0.902545634158558
0.860331098965207
0.824126275303039
0.795397679847501
0.775021156548815
0.763318544333629
0.759923507668613
0.763627360833781
0.8402415206014
0.816830394429311
0.802039363965807
0.79449800953798
0.793513827871423
0.798871645458407
0.810725098766924
0.829483637798603
0.855345811842037
0.886103485177687
0.912863523598242
0.927825334512492
0.936849736145899
0.947204136823178
0.965752634631934
0.995202529240844
0.94875036403803
0.901433093197553
0.858119256395351
0.821157474117654
0.791912032130286
0.771239385325215
0.759489183156256
0.756338046349472
0.760595024377363
0.839844176059411
0.816243491380779
0.801297447152917
0.793604754943654
0.792466519717778
0.797669394161991
0.809385629906477
0.828099078787372
0.854268407170106
0.886203207892572
0.914008704038554
0.927754710747396
0.935282535755774
0.944024573180997
0.961185706406623
0.994751543191655
0.950378232317605
0.901453049823025
0.857097878771994
0.819387051364973
0.789572644547133
0.768502239288169
0.756571797227057
0.753530568518565
0.75824293362491
0.839344160899124
0.815544505357937
0.800430720775893
0.792572155196428
0.791263197355961
0.796290283808303
0.807838567785698
0.826452036914818
0.852840391998635
0.886041080287609
0.915221176373453
0.927349089490578
0.933387162167767
0.940410941376608
0.955655503962791
0.990397538841599
0.953038113169584
0.902679474586513
0.857430182548235
0.819025311649403
0.788616476505114
0.767058676180814
0.754811418883517
0.751721060453134
0.756743650981004
0.838774102987287
0.814777290260061
0.799491514291502
0.791460225329862
0.789971285721422
0.794809239599846
0.806166195553032
0.824627161517822
0.85110839179063
0.885541385432844
0.916512310545727
0.926535748256
0.931332344284983
0.936729748317459
0.949339808966888
0.985729161435866
0.956566157826143
0.905126385367934
0.85919858109159
0.820192588399581
0.789193891589972
0.767082243569066
0.754392151676767
0.75108233187869
0.756228830496179
0.838171481821413
0.81399034425152
0.798536427812038
0.790332837096495
0.788661678550745
0.793304615658664
0.804455787714965
0.822722051467253
0.849154836796788
0.884587357630068
0.917771811336084
0.925247242512196
0.929305750030607
0.933458840000425
0.942604163183597
0.981183905863894
0.960783312294853
0.908733019641383
0.862367376698796
0.822879958135987
0.791330907848649
0.768635518273471
0.755405310258048
0.751714075930676
0.756772030401166
0.837575951681604
0.81323372533559
0.797623524703873
0.789255499904944
0.787407371184525
0.791857804331115
0.802799976168631
0.820848237082055
0.84711652358385
0.883105385080122
0.918566258215128
0.923601853199248
0.927441088691766
0.930974928067846
0.936335961214091
0.977113144781264
0.965543887995329
0.913322722777385
0.866747684365392
0.826921942598293
0.794904273694301
0.771644875369202
0.75782398629165
0.753619800565516
0.75837289099369
0.83702648229423
0.812555853039811
0.796809414281975
0.788293041835732
0.786281995658638
0.790552731284341
0.801296728213519
0.819128959199174
0.845179469617753
0.881228126079515
0.973455245606699
0.970604572842886
0.918550431198896
0.871988193102294
0.831998183195739
0.79964197706797
0.77589574704946
0.761492603880457
0.756693149073684
0.760946944042258
0.836558575844693
0.812000338891348
0.796146080659393
0.787506610082716
0.785357081774431
0.789473274529815
0.800046048266507
0.817690224219727
0.843534451294108
0.87927427820684
0.915390138000366
0.920868877060538
0.92433055629522
0.927526966676292
0.931334841987518
0.970409183896089
0.975431916964955
0.923911589273822
0.877616318135621
0.837673493598726
0.80515463431739
0.781053426537448
0.766137169015127
0.760719744011653
0.764325357156008
0.836201810568703
0.811603017675509
0.795677443390714
0.786949695471715
0.784697370627595
0.788697448521603
0.799141800703378
0.816644990998914
0.84231470739123
0.87740911942431
0.911521795795736
0.919660831258376
0.923182291642391
0.926393587120892
0.932972792134027
0.968789123436853
0.979363568344032
0.928857864206721
0.883125631155964
0.843467098167023
0.810990705151457
0.786705690323159
0.771395794594755
0.765396649039698
0.768267021405379
0.835977919915556
0.811389409587677
0.79543589226232
0.786663448504817
0.78435452030839
0.788288902252352
0.798659958437097
0.816076148557989
0.841572321192593
0.875644507827778
0.907517831834559
0.918202173186649
0.922367452952456
0.926246470511486
0.935761634312826
0.968892819860718
0.981970446079995
0.932947204379306
0.888069696706446
0.848925876358975
0.816698523661798
0.792415819329291
0.776862579839191
0.770366291512535
0.772482054821521
0.835899548583891
0.811372881783628
0.79543928159393
0.786672102171273
0.784360522964642
0.788287881939376
0.798647017858545
0.816025868121783
0.841310589565507
0.874122902426263
0.904028609422825
0.916669248611229
0.921967461817188
0.927097393634897
0.939055142608201
0.970399332372827
0.983178514734129
0.935922815931205
0.892120386154856
0.853677195074754
0.821877648437653
0.797772439310522
0.782134350509244
0.775257379301846
0.776662407703598
0.835969741873986
0.811553748854275
0.795688954873174
0.786979555926153
0.784722560872098
0.788704324689995
0.799112399041131
0.816493905206848
0.841519367580548
0.873025585503136
0.901325616082592
0.915371940351214
0.922053747407535
0.92873448603203
0.94265093477519
0.972899316197861
0.983139076870448
0.937699583370785
0.895079199217164
0.857451979398033
0.826210095834755
0.802426410301206
0.786850523629383
0.779723975940601
0.780513324574339
0.836182138851609
0.811919438996575
0.796169239085711
0.787567989804301
0.785420690548212
0.789514991381115
0.800026648929342
0.817441778606831
0.842179983345646
0.872471147067881
0.899500752151044
0.914550913521064
0.922657972991616
0.930952668568634
0.946459874898056
0.976075784339147
0.982067870121577
0.938305709730048
0.896857578041703
0.860083694179491
0.829471700836873
0.806111440158291
0.790720261987271
0.783475651318406
0.783779972738547
0.836521775159985
0.812445680292324
0.796848554578598
0.788398878714683
0.786408907843937
0.790665136144563
0.801324993884434
0.818799044399021
0.843254823226554
0.872497163413178
0.898544845461793
0.914326916991833
0.923766068980627
0.933586204066447
0.950406328849111
0.979692368019996
0.980163217733983
0.937827897835986
0.897447967790708
0.861494696046754
0.831529489562141
0.808650440532858
0.793535755553335
0.786295137271483
0.786265027649105
0.836966379083332
0.813098480995396
0.797681959014421
0.789416206434655
0.787619257473405
0.792073958389515
0.802914562007463
0.820470104796495
0.844679852823042
0.873071412909506
0.898381807525079
0.914711987758066
0.92531829674428
0.936491454622077
0.954401951717445
0.983557842222128
0.97758891408656
0.936378781585175
0.896899090096798
0.861679316852116
0.832331715633575
0.809952246183663
0.795174243237054
0.788043304458273
0.787837976057366
0.837488063908811
0.813836553364675
0.798614709137966
0.790551260501862
0.788968057889167
0.793642441365729
0.804683468158788
0.822341510851922
0.846365077576767
0.874110324396889
0.898890366778578
0.915638012560256
0.927214853085942
0.939528774453452
0.958340215084247
0.987501894009735
0.974484682326255
0.934083918753536
0.895299316927445
0.86068844568498
0.831895191917134
0.81000332018684
0.795594133565087
0.788654032266847
0.788429011769342
0.838055319296453
0.814613848072927
0.79958634512379
0.79172822951504
0.790363134480986
0.795262146577693
0.806510372231369
0.824289852823147
0.848201092198628
0.875497839606191
0.899922603412162
0.916986120944021
0.929326172007818
0.942553615170805
0.962097441273873
0.99136208206069
0.970982435449625
0.931079692834914
0.892766855060953
0.858616933819274
0.830291958804449
0.808856614081738
0.794831914867609
0.788128003638492
0.788026821876782
0.838635054560027
0.815382107187773
0.800534863007714
0.792869901024769
0.791711108202827
0.796823863613426
0.808273629430034
0.826189978015403
0.850068665792677
0.877102675533916
0.901320821636131
0.918611934317854
0.931505523302432
0.945415643897097
0.965536530482716
0.994977949050489
0.967219857432822
0.927515323322767
0.889444327715358
0.855593884077402
0.827636001808338
0.806615403827586
0.792997006036981
0.786569722468478
0.786545948316905
0.839255732982132
0.816093665713634
0.80140067157024
0.793902968050971
0.792924097975331
0.798225444473736
0.809859553534628
0.827923054585078
0.851849003664611
0.878793271362931
0.902932460018439
0.920365807979114
0.933601764955629
0.947962778601999
0.968512225385965
0.998189751841884
0.963349138732425
0.923555364993079
0.885496050777116
0.851776206196757
0.824072250526269
0.803411374411917
0.790227826908093
0.784271626746801
0.784379103233727
