0.298671832901653
0.292277019900967
0.286860681922462
0.282166441433708
0.278017512648079
0.274382245526816
0.271485980384854
0.269854206093515
0.270193984270937
0.273118930158459
0.278930864518235
0.287752023389351
0.300089967780894
0.317550877313494
0.342906974713954
0.378888746359532
0.426729329175079
0.485773994628724
0.553728757673997
0.626739509243997
0.699534597386202
0.766255076058896
0.821992956529958
0.864200230596212
0.893070169022099
0.291509309595396
0.284049272263183
0.277871196344068
0.272720675698019
0.268406737677727
0.264890377954088
0.262380782909003
0.261396096446502
0.262643226270616
0.266693388888643
0.273688112157874
0.283467145773292
0.296260971284737
0.313674212530974
0.338949719990272
0.375450743289589
0.424744766808888
0.486141979839052
0.557077644184311
0.633294449946318
0.709030047502242
0.777948514806622
0.83484497959413
0.877182186214749
0.905365154579316
0.285752036226375
0.277393048363908
0.270628392581271
0.265242948641832
0.261047397234944
0.257983902191406
0.256238785756942
0.256320496144545
0.258949611786846
0.264675240255765
0.273467415836457
0.284815523521771
0.298560167427773
0.316188874659527
0.341406291990652
0.378329513454947
0.428960580110808
0.492587819512589
0.566327190609317
0.645457637573456
0.723704115459487
0.7942951808563
0.851818340010895
0.893795483784546
0.920911783846549
0.281209070601634
0.272149831979959
0.265016817907831
0.259645134805575
0.255861782388549
0.253598604137078
0.25302480310664
0.254653306212307
0.25925018512985
0.267373372107168
0.27878747439086
0.292504797388815
0.307810064390021
0.325944377292204
0.351109885094496
0.388375780760066
0.440283195958858
0.506058143354007
0.582409160102284
0.664077912523043
0.744270454564199
0.815860940670521
0.873348159654336
0.914389528850624
0.939988961150004
0.277665720312744
0.268106923987365
0.26086007930981
0.255788366624747
0.252740336309354
0.251655579940545
0.252708569393918
0.256452082253928
0.263758160737731
0.275247282047083
0.290409499433176
0.307548170723686
0.325139032119162
0.344041945967279
0.369067015314745
0.406550505580075
0.459702109972439
0.527572470244631
0.606307517565455
0.690018506858531
0.77141570004067
0.843155288029226
0.89980828091239
0.939266032563525
0.962845360190192
0.274867740452056
0.265032257982045
0.257957492900838
0.253516457658794
0.251576822032698
0.252106388173777
0.255322829749995
0.261880361723634
0.272861955085147
0.289047509472562
0.309516770584358
0.331429972150077
0.352071767221429
0.371840637314075
0.396418277405289
0.433892826518566
0.488288746054167
0.55823477323192
0.639053700500742
0.724126379751908
0.805756658188944
0.876598497364562
0.93149773715595
0.968671053267847
0.989703331610448
0.272566300848741
0.262689402250326
0.256104186215132
0.25267484419063
0.252285372258349
0.254954601057541
0.260995258011522
0.2712569805404
0.287209595286589
0.309972447928111
0.337930505475261
0.366242677327475
0.390475765192949
0.41075799705591
0.434206313880729
0.471342652936284
0.527087902915694
0.599145626986496
0.681617128232493
0.767104325038373
0.847726646355266
0.916446562663705
0.968599945058267
0.991984534078851
0.966806579940343
0.270652552868926
0.260942355635971
0.255163620634518
0.253161776795612
0.254839528189052
0.260293635359516
0.269995867251474
0.28512265982401
0.307822116105486
0.339914329293108
0.378456878790456
0.414804990662618
0.442312319200695
0.461870252044091
0.483016360836536
0.519502666413348
0.576965968946334
0.651232250898416
0.734678204434341
0.819277561743307
0.897398397271997
0.96268700561931
0.985871035739549
0.950309840605102
0.929272493650728
0.269452801099584
0.260020845158509
0.255289900975877
0.255105248519122
0.259414089666368
0.268433175855535
0.282869916576888
0.30439126885614
0.336288028032505
0.381902414299708
0.435554478330262
0.480817603331073
0.509381879859199
0.52581286645833
0.54303717600214
0.578779339430446
0.638682264513338
0.715096421853738
0.798321112760913
0.880305964154194
0.954305117409691
0.982635234630602
0.936072858776796
0.905718311799511
0.889874765832085
0.270214787664944
0.261034988975227
0.257435375016016
0.259337252105628
0.266817152251694
0.280306730357977
0.30086246820324
0.330814446843245
0.375198272434593
0.440903127685847
0.516723712718751
0.569223258763186
0.593952257972334
0.604430412320161
0.615763403864706
0.650826152273568
0.713711120622846
0.791119949032161
0.871850134362871
0.949059083804732
0.978238920492302
0.92210682817168
0.882948412610755
0.859396265022351
0.849591985131876
0.275614347057097
0.266644302118157
0.264163443874504
0.268315671668739
0.279485864989763
0.29853821470967
0.327133044265589
0.368505677778802
0.42971309214013
0.525069387915403
0.635108221750658
0.68638013396408
0.701235340486396
0.705069273281506
0.707970396669167
0.74209006007211
0.806124939549154
0.880045766890681
0.954141901944561
0.962999241162648
0.902610428859952
0.857984423588677
0.828412264673504
0.812812379197992
0.809528255587181
0.289783987866835
0.281347123723485
0.280268165868645
0.287113794400328
0.302849274125779
0.329160910708055
0.368885044527271
0.426985704235506
0.51323426853379
0.648832808373722
0.807757645418964
0.836295132054613
0.840194412477445
0.841043195598847
0.835744696110716
0.868617540770603
0.923743844336682
0.983329264825334
0.923692154725884
0.868599258719231
0.825152833410347
0.793898086727844
0.774901955420127
0.767636610778201
0.770857411196882
0.317312279159148
0.310523970995833
0.311977285740059
0.322877208798922
0.345047738860595
0.381355735584974
0.436191508232508
0.51637876308387
0.633983316433194
0.811189137019122
0.956880223725127
0.905994111972004
0.85882320420165
0.816367609717542
0.78050100508206
0.752702130988219
0.734045484710818
0.725047880171501
0.725575144315153
0.734741395730562
0.361339959207504
0.358046136608699
0.36396825764919
0.381034013926121
0.411896544615465
0.460162647429825
0.530085579576479
0.625459147928263
0.749315288175193
0.908835902374083
0.919460328211815
0.90250753167294
0.897707629644523
0.895935630473428
0.890930129421601
0.851678629070147
0.803910216673803
0.764065864775637
0.732255998867012
0.707901512017811
0.691066197579372
0.682089465618614
0.681180022983679
0.688152309310173
0.702233397314441
0.421826708332509
0.423826723326845
0.435897741240575
0.460355521398853
0.499915969766687
0.557249252851169
0.633438528885262
0.726015751901272
0.831259145622606
0.952974214376413
0.907912295555336
0.865951828774347
0.850743643572122
0.840793163354247
0.824693977263129
0.78873338064254
0.743576922806244
0.70364713940452
0.67391401444478
0.65410679937728
0.643133354569023
0.64023775484687
0.644892533422936
0.656510760224668
0.67418585971903
0.495197451533616
0.503176551691635
0.52145455683999
0.552033594857981
0.596613386177527
0.655683764545909
0.727170887643449
0.806577019118994
0.891235316427698
0.983009829205224
0.902174844806946
0.851674983513538
0.823954838510852
0.802702991500457
0.777280378095246
0.74221064459839
0.701680945462029
0.664181959478135
0.635496563532006
0.61723631520077
0.608786849345722
0.609021524816176
0.616866360041612
0.631300844010277
0.651185127105553
0.575583774446994
0.588658093798149
0.611290116322377
0.644663651490556
0.689159390444223
0.743704426893293
0.80550441050885
0.871340610392135
0.940150169994964
0.963795745909428
0.891035678659198
0.83990451120572
0.803816229052741
0.773649368316069
0.742529170055741
0.707650074907487
0.67094120375224
0.63711208899315
0.610548707654734
0.593495209206165
0.586167849704681
0.587724602595336
0.596980756236594
0.612686063054694
0.63352662302377
0.656662515593976
0.672947590864939
0.697311033172742
0.730168223574428
0.771123892200825
0.818790777937781
0.871102000693985
0.92635866797028
0.984259654924199
0.935424103578741
0.874388149167527
0.825311204706946
0.785581064510836
0.75067141839202
0.716850470459062
0.682637526111412
0.649080352385776
0.61890395749868
0.595066254201241
0.579562339913828
0.573028640980556
0.575039962718818
0.584591547372706
0.600439780399151
0.621232093949888
0.733075233108299
0.750629338336051
0.774600881890954
0.804996386230566
0.841266245486946
0.882369069365153
0.927119764790823
0.97474683842933
0.965011104672213
0.907333349445816
0.854790694421154
0.808935568567091
0.768891887322248
0.7326451657627
0.698429460946928
0.66561330639273
0.634919973664887
0.608051777473815
0.586974453704562
0.57321499079641
0.567467426667966
0.569587078801767
0.57882274371595
0.594082591671991
0.614099926709311
0.801082964651413
0.818505013574632
0.840929281701413
0.868265753623422
0.900116251566113
0.935881091205427
0.974980719196508
0.979116203333312
0.93013356553307
0.881437926859669
0.835454534695355
0.793297527274484
0.754870905723295
0.719451128300472
0.686379947349789
0.655558422642128
0.627603559720768
0.603680838522098
0.585132680140203
0.573071294816334
0.568089706919783
0.570171676751609
0.578777894322321
0.593014381039426
0.61177382248456
0.858592690766019
0.875124286994387
0.895634282870871
0.920081482508154
0.94826812987436
0.979916354722466
0.983798262552855
0.94376333767186
0.901739542424274
0.859641922492709
0.818971429867278
0.780578570522599
0.744710297231205
0.711282760088187
0.680225431073059
0.651744113131277
0.626415977347168
0.605108717166592
0.588777687853836
0.578225673347463
0.573909242677376
0.57584873362336
0.583652401652382
0.596614678555916
0.613814094275525
0.90486148860641
0.920211272099849
0.938863020596034
0.960848747093522
0.986115559625782
0.984689597925278
0.952165004918647
0.916912890653333
0.880180330323737
0.843192179245755
0.806956093627533
0.772157743731214
0.739185066873104
0.708258933276563
0.679602707612581
0.653576159554914
0.630724465580376
0.611731753850986
0.59730312219978
0.588019164365464
0.584210980236553
0.585893562355183
0.592772626833566
0.604305534407894
0.619757892060087
0.940112801941872
0.954233360185287
0.971225331514729
0.991164157366237
0.985267872084484
0.958730036245622
0.929386877618732
0.89801282659504
0.865468440696305
0.832596097045876
0.800129000563695
0.768644799474113
0.738578780216213
0.710286299136273
0.684123669254891
0.660511209303996
0.639952174814506
0.623000037254613
0.610185346636164
0.601926024689992
0.598449237630521
0.599749372637655
0.605595246275291
0.615580423256124
0.629160200223082
0.965186134727068
0.978126652808089
0.993658110725246
0.987250477867518
0.965489337422004
0.94106720908935
0.914478858541535
0.886309374880261
0.857187200134395
0.827733313695239
0.798519485551079
0.7700478393796
0.742756997874162
0.717049533468591
0.693326479902524
0.672011714860563
0.653553244875032
0.638397475829488
0.626942424896851
0.619483157759586
0.616165494645991
0.616962901656721
0.621683686377704
0.630020628279115
0.641605654112032
0.981252361458819
0.993150987366625
0.991186421394861
0.973275522503699
0.952922924056241
0.930453021764377
0.906263125077677
0.880806223188267
0.854566195972455
0.828032083487703
0.801677418182954
0.775949196234612
0.751267900819233
0.728035761241593
0.706646876645718
0.687491685939052
0.670950180895473
0.657372469739942
0.647050119489221
0.640185396070758
0.636866968389737
0.637058959342366
0.640607431532113
0.647259951969035
0.656746266186398
