0.697374383693913
0.694745070315916
0.692304487091137
0.690434613074095
0.689736227252521
0.690830873512355
0.694252501366819
0.700346750045659
0.709210460658811
0.72069886641047
0.734504510906528
0.75026522745806
0.767646398052937
0.786373186022409
0.806222388308343
0.826994815445504
0.848484489920075
0.870454191019656
0.892623215363847
0.914671478464271
0.93626137306739
0.957074219390871
0.976848141621505
0.995397803053535
0.987434521655185
0.68474172559872
0.680780073183014
0.677103475475456
0.674159126317828
0.672684532180509
0.673461196511508
0.677150651238997
0.684168817750055
0.694613144230223
0.708274222700049
0.72473013211029
0.743476883057259
0.764033544275887
0.785991829781927
0.809018798582516
0.832834678667064
0.857180989018427
0.881786265696007
0.90633661888498
0.930462381433442
0.953752118136749
0.975796275347521
0.996244939533622
0.984606599055023
0.969533115638479
0.675076841497622
0.669896000958423
0.665059576648934
0.661131013193586
0.658985119995309
0.659549723663262
0.66358468475684
0.671525156184414
0.683417817143815
0.698967783171524
0.717662411438758
0.738913249719977
0.76216139628701
0.786923174463401
0.812791210122863
0.839418203356843
0.866494580269123
0.893713960767017
0.920724853059076
0.947088009352508
0.972271171105819
0.995699754134976
0.980955915593077
0.965160862148123
0.951424856230878
0.668376805120698
0.662066554095845
0.65610386499415
0.651206103751623
0.648414414639724
0.648821106917385
0.653284624921427
0.662219886520961
0.675551292633575
0.692836102136924
0.71345644710086
0.736778009697129
0.762233964407554
0.789336448808193
0.81765093289955
0.846779899485627
0.876366579426672
0.906080217526981
0.935547790885654
0.964258787865976
0.991517890818492
0.977746523650738
0.960154235788302
0.945530696145441
0.933308521075459
0.664593789672201
0.657165988543976
0.650049053226986
0.644121488506498
0.640627643864458
0.640872399998051
0.645849738672387
0.655936787232988
0.670845502147476
0.689871318635415
0.712228589458343
0.737254483823479
0.764448244599971
0.793406728832147
0.823730998202166
0.854992477356088
0.886788181390245
0.918785094784287
0.950631834657242
0.981768312509026
0.977004050185527
0.955828722576348
0.939084449339995
0.925869655788532
0.915418478673272
0.663670012049279
0.655074874302317
0.646724406022854
0.639652271809419
0.635336093197542
0.635358333241516
0.640925511276491
0.652398868793883
0.669179296233847
0.690121446214469
0.71414357822976
0.740546576113241
0.768978431503894
0.799239323717102
0.831060712545595
0.864010323309926
0.89763250918462
0.931626054553963
0.965734978037139
0.981398350605983
0.954341347661431
0.9335045879161
0.917875809393113
0.906327978908758
0.897926876741089
0.665560253811981
0.655720147043729
0.646047183904273
0.637709820987645
0.632427052621504
0.632119043328174
0.638317778568352
0.651458297498915
0.67055463958623
0.693763118229097
0.719478211376804
0.746921263331193
0.775980241922523
0.806823915111067
0.839481692185945
0.873575346643259
0.90857436120529
0.944251685275567
0.980544097757278
0.958660001447925
0.931185237339135
0.910965249663855
0.896708114758317
0.887063054227473
0.880974277273338
0.670243977531904
0.659101597585312
0.64807454913225
0.638426002987395
0.63208258894709
0.631322546669793
0.638128438107449
0.653198070437667
0.67517581733564
0.701181574340217
0.728695868196302
0.756764304006925
0.785602041741251
0.815979788264897
0.848556576222803
0.883147354255204
0.91908054715216
0.956235996337599
0.972451229237943
0.935569472460584
0.907938819110017
0.888568594702888
0.875855250151806
0.868263726230949
0.864685583468694
0.677731401382298
0.665309767055439
0.653041302446895
0.642222461320199
0.634896526219364
0.633636195002158
0.640949956572121
0.658087889802515
0.683562439489572
0.713090150005365
0.742555622499228
0.77065790392638
0.797994787888293
0.826275516305809
0.857459567136713
0.891874710597932
0.928514004525838
0.967336107133098
0.950995381554488
0.912896632480322
0.885318912264773
0.866874403451475
0.855694189283514
0.850155354032157
0.849181759373416
0.688066327150595
0.674532350766123
0.66136851171195
0.649832962867
0.641945289182726
0.640396447667701
0.648139749971334
0.667252272359551
0.696723740411565
0.730723848565068
0.762278843780271
0.789454537694689
0.813269584609475
0.836944519162708
0.864889004416808
0.898679940850125
0.936466195080645
0.978042429443804
0.930882468547677
0.891849403397922
0.864325851814657
0.84658578078102
0.836660184888547
0.832983229179852
0.834582852718673
0.701328832873299
0.687042341116882
0.673619907467917
0.662226439282396
0.654718415139124
0.653659335774151
0.662132977332972
0.682974424398163
0.716483126844745
0.756128270065417
0.789752151083208
0.814096325936087
0.831188911915607
0.847046426427463
0.869166155150683
0.902651558133276
0.943609302161871
0.966572908081559
0.913734363953066
0.873838615132372
0.845970255159954
0.828344268869777
0.819136390601411
0.816974023033008
0.821005330012566
0.717643068711952
0.703166780287273
0.690394327375283
0.680386965966949
0.674775416982286
0.675826364025014
0.686367719798613
0.709348542940079
0.746338521503272
0.792412272280281
0.827458286208076
0.843649019891146
0.850654119035011
0.856916133465469
0.869144140681704
0.904495407889081
0.953773226841072
0.955114442437803
0.900786161898425
0.859638629025884
0.830673298656435
0.812392679791216
0.803306432142555
0.802290636113979
0.808556784498009
0.737196306891248
0.723246814818514
0.712176583408573
0.704972597592119
0.703067180226044
0.708421296257498
0.723436627304269
0.750491258067158
0.790611571509384
0.839475373604176
0.914378034646829
0.976213942981923
0.945722482303867
0.890510034995028
0.847981524295008
0.817571220005591
0.798287956668654
0.789061187907838
0.789009447008398
0.797332181581958
0.760266862821209
0.747604937494799
0.739204247439259
0.735989377613693
0.739182894319649
0.750340944166162
0.771066264423341
0.802037746917417
0.840606078472045
0.876813760702093
0.896363859119441
0.894891822159
0.894327588380682
0.893787521142206
0.894884353626936
0.942545981340909
0.990057002690103
0.929138385915394
0.876811730325166
0.835061263407706
0.80450413041508
0.785002164766527
0.776074019446726
0.77714568856782
0.787414156359343
0.787232230869979
0.77651541797413
0.771402141488372
0.772678832133658
0.781151443348168
0.797485979697137
0.821482631720882
0.850523742744967
0.877800351789491
0.895109263936318
0.903080610626342
0.906540270453393
0.909222389443326
0.911811556772352
0.922724903214396
0.965804720546524
0.94567600767976
0.897472276145652
0.853758178797404
0.817089438875983
0.789360148214532
0.771569019290161
0.764057295708253
0.766719805057172
0.778875732316524
0.818494774830692
0.810134462271829
0.808378798985762
0.813709958615181
0.826172595476753
0.844971727359541
0.867562321212881
0.888786054512768
0.902167397809683
0.905760952237808
0.905926721104422
0.908479172452757
0.913570101052377
0.921938336060778
0.941350203806835
0.92972326835515
0.891762117267851
0.855633292345592
0.822532267060372
0.793950114284134
0.771834952486085
0.757840898748267
0.753028856063011
0.757817410594923
0.771780289232091
0.8542581331443
0.84832804218004
0.849413455397775
0.85752847168812
0.871747866559158
0.889757569648004
0.907378886262977
0.919189895211496
0.921577490845358
0.916702002064926
0.91149881251121
0.911219731152179
0.917095787788794
0.918929083741945
0.89557412655458
0.868043784712188
0.839770899916806
0.813291558476535
0.789485661675451
0.769162265086079
0.753693419572922
0.744655395469312
0.74336913411517
0.750593816303556
0.766174793178843
0.894144589251563
0.890370165456442
0.893335702576369
0.902543201481294
0.916230304743145
0.931136488632126
0.942735307756984
0.946822490976259
0.942347828285151
0.932997805702076
0.924975244130304
0.906575607999603
0.883317757723732
0.86212421840394
0.840562441817818
0.81840190086494
0.796910705939189
0.777372304562244
0.760506936619082
0.746906448839304
0.737457683423148
0.733318190391831
0.735637651590552
0.745219456287729
0.762077576951923
0.936751551378818
0.934577844703848
0.938276294530495
0.94696322199824
0.958466383383152
0.969403657119932
0.975891682334741
0.975234006676322
0.967818477431076
0.933384974928589
0.899060986629677
0.869261744493286
0.844185503952446
0.822346329444462
0.802277789399603
0.783434670266633
0.766141825502908
0.751064414036533
0.738821148058824
0.729960650743955
0.725093158164986
0.72495111559911
0.73031569705583
0.741806248985913
0.759466138163407
0.954492793153598
0.968217807078272
0.980996876935443
0.988515852136374
0.996986728196458
0.995547519931432
0.984867230890271
0.964508090322136
0.936503185418841
0.90477587122607
0.873390071663814
0.84496047991665
0.820236799784996
0.798732512172305
0.779653661204994
0.762543351039809
0.74746806693133
0.734872001278675
0.725334450355284
0.719401253656762
0.717534552397814
0.720145709913522
0.727639312068389
0.740356981021
0.758270143896058
0.940234177617207
0.951071742645317
0.960406624316594
0.96692332424268
0.969049021418613
0.965152028155246
0.954090064052272
0.935883514778643
0.912036922676548
0.885132938593188
0.857874824659612
0.832206956051734
0.809001408767085
0.788308434667898
0.769852727444524
0.753463821103384
0.739287546432011
0.727773308689478
0.719517465789128
0.715071624894131
0.714814174214851
0.718942411518286
0.727563412643257
0.740753137109245
0.758371934350016
0.930856954854973
0.938563337729779
0.944422306138228
0.947476853771969
0.946748687254355
0.941361691942033
0.930818725188912
0.915296483272037
0.895753929505597
0.873718453934277
0.850829266490227
0.828394754250072
0.807189756488281
0.787534509720794
0.769539012961853
0.753356725342627
0.739337415384997
0.728037489088086
0.720105445458564
0.716105470759435
0.716370589730076
0.720970755922254
0.729814223310434
0.742775071065162
0.75961421383331
0.926060101323067
0.931036727332648
0.934069193050214
0.934545240794317
0.931953177126262
0.925917117614182
0.916294850714993
0.903274858696335
0.887400819544832
0.869480372329556
0.850404056351
0.830961900090769
0.811746963773861
0.793178425441827
0.775610162971947
0.759456360224778
0.745269269555817
0.733730148217518
0.725549334600303
0.721310638500776
0.72133153144402
0.725622038080596
0.733978380141703
0.746141916482382
0.761816247862396
0.92619755414008
0.929254209684132
0.930414766182882
0.929331225938699
0.925782592126353
0.919656118238082
0.910960859010089
0.899843918944743
0.886588246616838
0.87158170728772
0.855264799870035
0.838080637729332
0.82045341232612
0.802807105136995
0.785613951004258
0.769445040933362
0.754990418639076
0.743023353464691
0.7343019370285
0.729429879800359
0.72873047173482
0.732203454659232
0.739599981126215
0.750578379920917
0.764800164103679
0.931647773814666
0.933603606112683
0.933789581114625
0.932024844397748
0.928205981684758
0.922301476916515
0.914345291486604
0.904429635416372
0.892697642243293
0.879336310365611
0.864572215779981
0.848674363791839
0.831967896004976
0.814858131581757
0.797857750298655
0.781603479457815
0.766845331324782
0.754393972473455
0.745022851692996
0.739342343739757
0.737688177906259
0.740078508046626
0.7462709379736
0.755879131579028
0.768495096729564
