0.594383109514818
0.589612750021248
0.584842837375353
0.580911254343188
0.579054407040873
0.580562042704712
0.586439705942385
0.597053397069211
0.612008604955049
0.630393952731521
0.651208096080728
0.67366264694439
0.69725729639745
0.721716883877521
0.746895024529812
0.772691796022667
0.798994792355066
0.82564164835868
0.852402889840539
0.878986469117917
0.905064622798717
0.930319701697391
0.954491445341102
0.977404601223747
0.99879693074328
0.58169749964624
0.575136589134828
0.56851459297196
0.562739282936314
0.559331549642715
0.559997377927684
0.566126025638698
0.57825604204503
0.595875066598273
0.617765464137411
0.642590053172551
0.669281363615558
0.697129621435881
0.725708443440559
0.754769113214486
0.784153140088122
0.81372572763957
0.84332207396148
0.87270548335731
0.901546949243071
0.929439510881958
0.955951397929628
0.98069902245134
0.995428483595904
0.976716166257726
0.572053715284993
0.563757739777116
0.55527511100901
0.547623515902079
0.542621263639401
0.542437288024679
0.548895742596499
0.562700328823775
0.583131784497626
0.608555684615986
0.637246872428483
0.667882756431866
0.699612026606003
0.731930014675305
0.764538440749945
0.797247847131988
0.829915087060873
0.862386178546067
0.894427659330976
0.925663443467984
0.955557229460924
0.983468989696987
0.987402866632005
0.968873534950408
0.952363650661325
0.565379445742797
0.555388273100413
0.54497957545629
0.535318516278376
0.52855688336934
0.527398428069273
0.534209509018689
0.549920111076941
0.573524079888908
0.602776789999219
0.635406473471022
0.669802789433684
0.705044156734701
0.740654963909144
0.77637209178063
0.812015499115126
0.847450583474203
0.88256123443677
0.917158584365937
0.950841447027579
0.982907029855545
0.978051567769209
0.958622667811657
0.942234779576297
0.92814020386373
0.56159514037417
0.549884191361441
0.537443426681006
0.525585364625398
0.516825789087127
0.514477877640812
0.52159225698469
0.539471406418361
0.566797081965834
0.600451477425461
0.637324053545721
0.675407845670715
0.713790100162054
0.75217984393647
0.790472332735735
0.828541335674754
0.866265671703547
0.903605995917595
0.940504786612093
0.976606075751703
0.969719275223471
0.947276679390154
0.929760031424193
0.915827584180814
0.904456930218235
0.560638966782385
0.547150940315839
0.532580730700237
0.518366185459707
0.507386543187068
0.503602812498784
0.51088946315353
0.531162366097549
0.562888959115591
0.601773883637371
0.643395895266605
0.68513703091713
0.726198569561147
0.766708946179524
0.806902963810097
0.84675194616351
0.88612355480298
0.925106141301681
0.963920721922422
0.965856873154055
0.937378859650095
0.916358232659637
0.901115681222605
0.88995739614425
0.881626254483633
0.562483103569193
0.547183852578863
0.530477896117178
0.513887809900372
0.500602276387202
0.495191219742267
0.502441002274769
0.525208106690625
0.562057125561187
0.607227770896099
0.654255410723368
0.699541141878786
0.742570018120481
0.784253086312594
0.825442749861344
0.866257189274489
0.906477300403991
0.946385714420978
0.97091368078694
0.932891246197361
0.90493710025425
0.885690832778531
0.873036371349002
0.86491475071206
0.859892100909347
0.567141596444603
0.550090233680767
0.531434435773157
0.512720688440782
0.497321040835306
0.490265263489448
0.497232369302334
0.522383462796715
0.565005049437969
0.617724343191974
0.670892922218304
0.719320475739853
0.763099482471218
0.804486125756113
0.845399442192791
0.886190436752054
0.926389841677399
0.966560671610995
0.939097212481237
0.900258001234555
0.873108921612738
0.85587921204715
0.845972018832047
0.841002202940446
0.839446398668939
0.574670172344261
0.556093797363567
0.535967177849933
0.515781770983628
0.498894419488959
0.490524011079839
0.497058152590088
0.524234269017345
0.573051517912782
0.634804618019056
0.694841778890632
0.745361426272506
0.787772248860245
0.826534267823779
0.865374496391382
0.905074305766117
0.944582328421046
0.961330805513634
0.908630412748764
0.869224251513292
0.84303671835429
0.827795789409048
0.820492120100421
0.818540703112805
0.820444478715503
0.585159156039473
0.565516269556561
0.544761938451367
0.524255640324855
0.507108190511088
0.498368218853566
0.504743946583025
0.533483297331451
0.588437606395334
0.660944466407988
0.728469743544814
0.778705278534822
0.816138690382276
0.848728470808212
0.883061139146639
0.920841705878117
0.959799653100871
0.936108119763861
0.881382929306192
0.841666094753078
0.81626541975133
0.802513221007617
0.797230473678158
0.797849122419202
0.803011352838699
0.598723629613994
0.578732990895592
0.55856195769646
0.539405488289112
0.523962085348491
0.516782289297017
0.524373162152828
0.554846647833469
0.615193448202013
0.699919448447757
0.775208968638427
0.819931838034204
0.846709145403877
0.868634016043361
0.895363208875772
0.931310344297345
0.971968726380335
0.915941698536532
0.859907870941256
0.819807098957692
0.794400781245651
0.78103316956696
0.776733886537447
0.77919226426396
0.787241749494734
0.615504105486035
0.596115591740206
0.578009132828388
0.562265738507486
0.551184261427002
0.548729109553941
0.560871333419861
0.595664495566294
0.66165647482469
0.757507671095926
0.83771484925096
0.865407282128634
0.876128998272807
0.884750232453674
0.899512089962495
0.936100153499124
0.975126682883535
0.903513987416038
0.846554047652125
0.805183530006856
0.778307170001641
0.763803295155259
0.759240558020267
0.762714577204391
0.773197153281515
0.635703127563152
0.617998597608618
0.603498322655634
0.593282232214442
0.589433351521107
0.59553023781025
0.617050280294688
0.661312056734786
0.735199936562339
0.833706329886073
0.946866868221857
0.969758253813916
0.898370083141094
0.840308341741424
0.796614797055813
0.767012823301306
0.750219120005708
0.744503502809882
0.748399476646347
0.760905465086642
0.659682832688349
0.644715973170476
0.635131739299859
0.63207629430907
0.637513413262756
0.654608259502354
0.687694514244741
0.74073769791597
0.811281647001627
0.878818297319103
0.915624819474099
0.917265572770231
0.917949555070096
0.917905834778484
0.91830250617656
0.973200682162298
0.952481184647185
0.888515951263546
0.832881849123404
0.788691215704964
0.757266099718718
0.73857933891782
0.731837659508267
0.736098648173913
0.750367722068378
0.688105127188297
0.676710036468109
0.67280974594335
0.677509002920292
0.692321476611353
0.719069514348848
0.758652490726095
0.80755567458302
0.853066587855515
0.880021074375785
0.894129158502366
0.904229544263532
0.911660589164682
0.916597635489722
0.929673768982858
0.956416121659259
0.906880671089615
0.858744601454058
0.813422531930425
0.774503709048945
0.745092725715395
0.726903725456727
0.720474326974922
0.725636180837722
0.741570725627725
0.721999482648358
0.714610359359855
0.716368562747981
0.728023966418475
0.749892863699607
0.781025634491734
0.817197316284779
0.848912770977668
0.864931252630682
0.865409559531417
0.865010807130082
0.871773601122151
0.8824011280834
0.895886784079059
0.913206246585815
0.879669116620762
0.845250517951936
0.812460921076738
0.780811355892058
0.751897291876218
0.728773889982542
0.714224965259793
0.710030572035734
0.716926798368236
0.734497882524868
0.762564520379989
0.759093603216778
0.765587782752123
0.782051718553561
0.80694623323971
0.835991987690055
0.861112406647593
0.872588683685425
0.866794539836209
0.852178233106996
0.842055369838565
0.842699743979414
0.853296308034173
0.854100915891077
0.831834265091629
0.807948172621689
0.785004436430766
0.763784423134204
0.743680025633874
0.725110646500442
0.71007658465304
0.701197267035342
0.700727367137906
0.710023952623124
0.729129994860144
0.810556055137926
0.810362822622122
0.819885718422481
0.838145532860662
0.861749664291983
0.884098593006844
0.896311266813583
0.892042341181018
0.87357362074892
0.851307263666245
0.836029480414116
0.833185964702094
0.8111093347993
0.789320227499699
0.770277069115252
0.752866361476821
0.737234922893387
0.723370006743163
0.710979786219353
0.700295888427716
0.692512596199653
0.689499146068683
0.693201912736688
0.705068762164747
0.725434660246673
0.865290487735227
0.867236521774167
0.877604784036274
0.894538126314748
0.913577161786109
0.927713001932704
0.929665429954986
0.916606385573601
0.893255331864075
0.869160117025271
0.840735538730761
0.800813469533661
0.771428661902711
0.749480338961726
0.732190798752776
0.717875466313593
0.705774072770427
0.695619158689924
0.687444911742224
0.681649989733166
0.679047704772256
0.68077861189217
0.688121346869696
0.702186914647967
0.723350704609938
0.923608656967119
0.926217096592863
0.935247640652294
0.948446252302009
0.961459634885951
0.96852583414884
0.964815168032648
0.94965231981625
0.917406148940747
0.86579857825529
0.819880386722013
0.782677942815906
0.754024707914208
0.732166189443484
0.715093933194573
0.701273775153344
0.689876635791211
0.680731384398789
0.67415823271379
0.670750063387735
0.67116154415641
0.67600540432446
0.685886571450266
0.701401863171578
0.722776040767994
0.946215206021553
0.963926437406895
0.98002969667282
0.991819821396316
0.995767817702949
0.988319222632684
0.967574150863676
0.9348690245823
0.894733928680877
0.85295024661831
0.814238980729704
0.781101198031569
0.753977712445497
0.732059218213442
0.714131989244342
0.699183878481393
0.686727053840397
0.676869892999047
0.670175315606921
0.667366272048788
0.669010798403898
0.675373715048538
0.686534693406184
0.702599347760591
0.723564135779307
0.93648603903117
0.948765664168433
0.958649134409367
0.964307140726436
0.963719510923778
0.955143757614077
0.937876127583838
0.912859351999998
0.882605806127358
0.850354427677085
0.818987828096801
0.790335269303155
0.765079315313884
0.743090577964914
0.723908530650579
0.707166926161026
0.69286499978743
0.681444462272736
0.673664966242879
0.670319262693417
0.671911046838241
0.678490230657212
0.689789037610142
0.705541230714165
0.725530127073548
0.930750787799315
0.938326388769882
0.943352629086144
0.944786857492602
0.941676121844677
0.933331609785924
0.919583165937898
0.900963038227409
0.878666722881045
0.854257238498284
0.829249211812619
0.804781246950606
0.781507530560632
0.759703466026607
0.739491729436406
0.72107997364035
0.704925537809956
0.691772097445608
0.682532698993443
0.678039503238766
0.678755578806124
0.684619683180701
0.695173276896619
0.709910943827435
0.728468044226909
0.929949976108048
0.934344151822778
0.936356892921888
0.935468108685881
0.931312323343199
0.923690878119161
0.912618359931481
0.898355878533938
0.881393151855101
0.862368374321046
0.841952560183431
0.820750102399319
0.799261130184432
0.777919342034328
0.757183748503559
0.737641532550865
0.720073952179383
0.705442342511541
0.694766905648123
0.688906970852395
0.688314573624616
0.692900346334881
0.70213897333116
0.71539239305466
0.732181588127383
0.935508269443125
0.938143519054738
0.93862036965061
0.936733245405284
0.932352561353583
0.925428246190711
0.915990432028206
0.904145480110003
0.890067232006533
0.87398423912677
0.856167952912156
0.836930321170226
0.81663852063916
0.795748504741018
0.774849617598304
0.754702859259669
0.736247988021152
0.720552236197932
0.708681609034639
0.701503050836857
0.699475249104403
0.70253589161981
0.710185825176769
0.721741139164617
0.736601597981912
