0.729210432455034
0.687500723500841
0.662979771730514
0.652740173289998
0.654963257277247
0.668457333277546
0.692266777644833
0.725184499420398
0.764850241113324
0.806558024448555
0.844188549801833
0.87574843760537
0.906696784261658
0.946235750976476
0.995597418246712
0.923611099436509
0.849341187217291
0.781573855912822
0.724379024888864
0.678267329019953
0.642265559526793
0.615077068723822
0.595495348307276
0.582475467402311
0.575093268996277
0.729390429612274
0.68770141821967
0.66326638649182
0.653151808578005
0.655532747262044
0.669209705897477
0.693218622383818
0.726348784278245
0.76623861673158
0.808131826049754
0.845746288024361
0.876987974030809
0.907450643903689
0.946562829173616
0.992594401664108
0.919451685886998
0.843998074346363
0.775397430751625
0.717776348319373
0.671555569419596
0.635661861443531
0.608725701087533
0.589493351826336
0.576888424957369
0.569960501366046
0.729380451081015
0.687601810931144
0.66314227975908
0.653035579988359
0.655454271287533
0.669200294306923
0.693319417351034
0.726631089191247
0.766815383238525
0.809039796019175
0.846648870413886
0.877258296626724
0.906690805881659
0.944824239074256
0.990692425116516
0.915638103785381
0.83818648091276
0.768192805547726
0.709848262914615
0.663389883715026
0.627569050611048
0.600902950756009
0.582073802103228
0.569968523351942
0.563606822780946
0.729179274512512
0.687212907032822
0.662632530252624
0.652432504033969
0.654784417023658
0.668498175938965
0.692644466297258
0.726104674157023
0.76665076907341
0.809367372342216
0.846999956971869
0.876649509789536
0.904475712638237
0.941009053996341
0.990389911956223
0.912555071758166
0.832176196539044
0.76018528876748
0.700816682839682
0.653997810103349
0.618217193118542
0.591836742197042
0.573460294226394
0.561937541934203
0.556260725656157
0.728797619192903
0.686563934620572
0.661787679966809
0.651417797371732
0.653624055229281
0.667227259496322
0.691332957034441
0.724911292592394
0.765884528873081
0.8092809941203
0.847002033154083
0.875351996167257
0.900969899427576
0.93519406504558
0.990020660580894
0.910666777929145
0.826260914892191
0.751617133766741
0.690930928042618
0.643642908226887
0.607875889702295
0.581794120710066
0.563912726219145
0.553049824275531
0.548180595442017
0.728257991161822
0.6856995798624
0.660676697353098
0.650088401729104
0.652100090648005
0.665542947206536
0.68956118328223
0.723232172721977
0.764692275024926
0.808990614734378
0.846921844875797
0.87362316950446
0.896436459307286
0.927555559532886
0.980934587990103
0.91050444054202
0.820747001691488
0.742758208337949
0.680493335362891
0.63265606624966
0.596886634988557
0.571112597418819
0.553756143551826
0.543616564050253
0.53967144328163
0.727593569356317
0.684675961983533
0.659378255061448
0.648548121069323
0.650343694118753
0.663603724667364
0.687509110491752
0.721251474883456
0.763242281950209
0.808697612906627
0.847040391350889
0.871731983464002
0.891219675673499
0.918382865064705
0.969575227065836
0.912633180543946
0.815931528602361
0.733924384041634
0.66989734795194
0.621478362001891
0.585705279626293
0.560240739892566
0.543418436764763
0.534038448964206
0.531108393178495
0.726846153601137
0.683555996393149
0.6579721008695
0.646893563266519
0.64846963673491
0.661543403941835
0.685326523048271
0.719119048320194
0.761651232935822
0.80853349305734
0.847593969069164
0.869883421943443
0.885720861585821
0.908106937015411
0.956049785263003
0.917574429392848
0.812070192359176
0.725513688800396
0.659681577390192
0.610713437178057
0.574949756907683
0.549781991658774
0.533470643385598
0.524840915154875
0.522962245099489
0.726063370360158
0.682405047012273
0.656532705364719
0.645204792894675
0.646562618838358
0.659451823661132
0.683107808362258
0.716922278938693
0.759952590103546
0.808498471397378
0.848717353634028
0.868137744884553
0.880369619100323
0.897371691694637
0.940449063021703
0.925635761595145
0.809355095277061
0.71807656305521
0.650596043095703
0.601176468774565
0.565437062963012
0.540524915688854
0.524653364319586
0.516696928238352
0.515814963130204
0.725295442498003
0.681287657186695
0.65512691607643
0.643543899052359
0.644675871152296
0.657371843983936
0.680885590012334
0.71467814763845
0.758094835977792
0.808413304561748
0.850393091771827
0.866364858979719
0.875572347606592
0.887179276575975
0.922850354764856
0.936569150441186
0.807974564250475
0.712422212589001
0.643646707049476
0.593900496388115
0.558171988089919
0.533424998953365
0.517857136539835
0.510408652853016
0.510342458760216
0.724591835405237
0.680265620178998
0.653815905072185
0.641962189288613
0.642843929396499
0.655316834076765
0.678650712782276
0.712354795315818
0.755983401947791
0.807914544117685
0.852366451224638
0.864322490942606
0.871582132450885
0.879014008228935
0.903704363180378
0.949067790801446
0.808379075517655
0.709668418705636
0.640020034558069
0.590024168002492
0.554227855067263
0.529488520852268
0.514014229971086
0.506811596507838
0.507236679612934
0.723998013751421
0.679396906591899
0.652659703528491
0.640512985629092
0.641105647362168
0.653304912038308
0.676397112808201
0.709924443981356
0.753561532402831
0.806585669028845
0.853870218731499
0.861997249870606
0.868385098844328
0.874107057251161
0.885897243809528
0.960966813263111
0.811511507454107
0.7109517287056
0.640754304724847
0.59049276837325
0.554478970676119
0.529531687025717
0.51388234802395
0.506586148675752
0.507056259366137
0.723552451989457
0.678734411215597
0.651721043960573
0.639263688984417
0.639527519088945
0.651396363027888
0.674175512898776
0.707432725569437
0.750897910490382
0.804275160456709
0.969988856017766
0.817758997021529
0.716680943594066
0.646215893952544
0.595647701176424
0.559255597320235
0.533879403351608
0.517778169911033
0.510026819148919
0.510044762393819
0.723284011700306
0.67832349976568
0.651065114541574
0.638300039341271
0.638215076973227
0.649715106757165
0.672127922347943
0.705046576016444
0.748226447741726
0.801271439550879
0.849707262194454
0.858464755256427
0.864459116022187
0.869770894946263
0.87997116532882
0.972951251904398
0.825976472143264
0.726090236700621
0.655793995105067
0.604979406262122
0.568129137579612
0.542172375219529
0.525402786524466
0.516888151986612
0.516007003904345
0.723209849560563
0.678198013851302
0.650753536829895
0.637718451056588
0.637304306383157
0.648440013151355
0.670478946731694
0.703040147455272
0.7458744307823
0.7979848162559
0.844127371104859
0.857070979613026
0.863826006530952
0.870212454749051
0.892664410316673
0.970490628798128
0.834620999549624
0.7376650820248
0.668124982412482
0.617265153796388
0.580002583639704
0.553428049943311
0.535882907905756
0.526411866452628
0.524324177256269
0.723334095475266
0.678375402806634
0.650833665493101
0.63760777187431
0.636934301746885
0.647766589611362
0.66948319206441
0.701719499733744
0.744140996311886
0.794756339563446
0.838484079165611
0.855532082132676
0.86422513242765
0.874373717225818
0.907836144003751
0.964951299427552
0.842507227199613
0.749826782848582
0.681618808810815
0.630985778075641
0.593450935502948
0.566324924775816
0.548010740711628
0.537525974414463
0.534104736214801
0.723647549004288
0.678852427466309
0.651326682952307
0.638026777586407
0.637211330484813
0.647854667534712
0.669353529198462
0.701332913241309
0.743257248564167
0.79209699748314
0.833872210142859
0.854280721347213
0.866016339230058
0.881487265432619
0.922654836087174
0.958819632642656
0.84904402590153
0.761338829961282
0.694882884137764
0.644725036607703
0.607086860825417
0.579533666341522
0.560540182088216
0.549101250877336
0.544386993639334
0.724128526425458
0.679602983967928
0.652218668115132
0.638985442783723
0.638177724498462
0.648783010400741
0.670201838907245
0.702009916210405
0.743378872711116
0.790461188874234
0.830784225257042
0.853889354169782
0.869274018947261
0.890266546392789
0.936648913916904
0.953457202841025
0.854190849879728
0.771418616756869
0.706897878665127
0.657380401499334
0.619786155014209
0.591943919045548
0.572404775225377
0.560149526501057
0.554303754258221
0.724744776192966
0.680578988584788
0.653457647480191
0.640436007846336
0.639795568104225
0.650525558537883
0.6720109597644
0.703739246739008
0.744553392764252
0.790078183395462
0.829374561308785
0.854690195903534
0.873782262745747
0.899766929809156
0.949704558165013
0.949106450700253
0.858027812373208
0.779641875243541
0.717013010601178
0.668203722061312
0.630757882979805
0.602752832050877
0.582814950425645
0.569920544048936
0.563170938029658
0.725456161788472
0.681714299135537
0.6549574138975
0.642275776012525
0.641948280082011
0.652952873313022
0.674639005825132
0.706377371876766
0.746696627936853
0.790941989132794
0.829549074262236
0.856698111672346
0.879173511615188
0.909331524364242
0.961697717396814
0.945502603292745
0.86057493556834
0.785809322502563
0.72487077678534
0.676755966805053
0.639520211574657
0.611457367663004
0.591262741429868
0.577915802251894
0.57050998954773
0.726217689897767
0.682930806695568
0.656606798013961
0.644359730097889
0.644457074385973
0.6558535290922
0.677846736520358
0.709676994341075
0.749602173316312
0.79285918227311
0.831029689988384
0.859680716381993
0.885014407412681
0.918472567326829
0.972480249721619
0.942256469394703
0.861807924973544
0.789861123821628
0.730326899206079
0.682837156331426
0.645839161781718
0.617801945306151
0.597478833697292
0.58385651483267
0.576030798928728
0.726982486142851
0.684145441513121
0.658281912458352
0.64651891609456
0.647106171249876
0.658966588599838
0.681336393686026
0.713326381219128
0.752977256814843
0.795515975170734
0.833427270726886
0.863264890991559
0.890859564765574
0.926802233809717
0.981898399291504
0.939028677893945
0.861711206244255
0.791832136967057
0.733384925295366
0.686418293842872
0.649661656638299
0.621714803432752
0.601374713127987
0.587635087905285
0.579597915272316
0.727704463103687
0.685276944536658
0.659858824063742
0.648580304435206
0.649670475549216
0.662016856235832
0.684792597520707
0.716991626705362
0.756489730054613
0.798546037165842
0.836313642834856
0.867030179953741
0.896288322361925
0.933997783636274
0.989798670806505
0.935593195606048
0.860311656202901
0.791825110127552
0.734145718590794
0.687583753479423
0.651056008844426
0.623249215562956
0.602987259843687
0.589266649047876
0.581193736141417
0.72834060893286
0.686251676523387
0.661224801636966
0.650384874433098
0.651941031865856
0.664747100969487
0.687919259167249
0.720355826778187
0.759814099674883
0.801588949252914
0.839281575999765
0.870575835825605
0.900929099707069
0.939784382812756
0.996026047977574
0.931849675124334
0.857689349236392
0.789990058520921
0.732769053513581
0.686486067125262
0.650164364153548
0.622535801679168
0.602432992154839
0.588847920864109
0.580885331598561
0.728852967542928
0.687008205472325
0.662287203615782
0.651802101501561
0.653745598178461
0.666944110554711
0.690469412787887
0.723151493908537
0.762669957386569
0.80433526457604
0.841988944687056
0.873564321371011
0.904475267735826
0.943927991629984
0.999341789158436
0.927815225179682
0.853974743945011
0.786507147743673
0.729445664630781
0.683313141556987
0.647168071942994
0.619747526409023
0.599873991430692
0.586525756280781
0.578797565273884
