0.729360573932621
0.727156241405485
0.725117352152416
0.723530866807473
0.722882182504992
0.723689239979305
0.726417279508151
0.731400979665149
0.738792769576743
0.748554274838965
0.760498934921276
0.774364325707618
0.789877618668238
0.806790320078983
0.82488155894217
0.843942127974271
0.863752328875938
0.884063114565175
0.904587060341386
0.925003626138782
0.944980196698083
0.964205803970955
0.982425744266923
0.999458614432569
0.984940730679276
0.717113997616107
0.713714862070939
0.710582755275627
0.708061444722714
0.706744512172286
0.70727330327022
0.710211576176105
0.715954710327232
0.724669723776016
0.736284453390778
0.750533749964999
0.767044117486602
0.785417444227425
0.805283396770802
0.826315712088221
0.848223595794606
0.870730014738345
0.893544901377948
0.916341536328306
0.938747185345064
0.960358154905278
0.980780783659265
0.998292788153721
0.982803387795622
0.96892986629446
0.707732516967867
0.703257935999173
0.699118915187013
0.695762533722999
0.693886358867287
0.694231797081924
0.697425174545821
0.703875501231443
0.713726888930744
0.726867641304239
0.742986166341002
0.761655367913343
0.782414875782448
0.804823910115397
0.828481192619133
0.853024935615667
0.878120730337138
0.903434597239955
0.928593079603634
0.953149460974722
0.976584062999745
0.997372248796505
0.980276264076251
0.965490733664755
0.952714887906249
0.701240999527764
0.695787884353923
0.690694730907748
0.686543761354616
0.684157791892389
0.684381590069569
0.687887582922211
0.695054715993766
0.705948377594241
0.720381833986136
0.738003912635454
0.75837917959214
0.781048918903217
0.805561891891957
0.831480198087902
0.858384577168115
0.885885710880992
0.913612695197938
0.941154737737757
0.967983509343293
0.993421077196469
0.978583804080003
0.961849228289413
0.94797387154581
0.936458133020501
0.697607744763265
0.691197948680278
0.685145378046247
0.680174450301408
0.677262894856044
0.677388856139321
0.681281155993648
0.689254197671684
0.701217639009222
0.716835216286813
0.73569135034723
0.757373870654661
0.781491243459955
0.807653397544944
0.835435880392009
0.864377880529632
0.894036701451679
0.924021612136496
0.953915004752768
0.983115992416737
0.979621260268508
0.959282382621329
0.943117555894567
0.930363980332684
0.920346084263423
0.696782450223634
0.689374636047513
0.682301618127545
0.676429380529424
0.672918843135825
0.672931268215073
0.677295289582167
0.686247562565102
0.699444948927957
0.716274481951618
0.736188478636357
0.758813968589342
0.783894957504214
0.81119473278167
0.84038039913958
0.870976406710123
0.902484892540083
0.934521912982967
0.966715219765847
0.985816319589898
0.959804255446421
0.939525390758274
0.924164793221725
0.912768988942165
0.904512117511031
0.698720128111222
0.690236466910311
0.682056351149566
0.675176487943675
0.670957068981886
0.670799292577628
0.675712724986801
0.685888814632203
0.700629172427819
0.718845696104475
0.73972634418771
0.762931304841907
0.78840436273116
0.816187238701352
0.846184944391681
0.877969082494598
0.910975048660383
0.944855535711596
0.97934775645725
0.966092771891339
0.939420623444918
0.919446798679547
0.905122639858215
0.895307618721305
0.889066557332329
0.70339416942787
0.693760351612267
0.684414165411016
0.676454673073298
0.671427468393294
0.671012203945093
0.676510683598875
0.68818441452476
0.704917772220841
0.724858109642799
0.746690403164386
0.770071056940486
0.795176478498901
0.82249946618365
0.852488156276859
0.884910635191895
0.919087633263021
0.954718301235156
0.9813665312695
0.945875810719191
0.918781150668486
0.899329700674639
0.886210791243839
0.87813311804672
0.874112606966985
0.710803879119547
0.700001649146402
0.689532772731413
0.680548030972108
0.674716418431408
0.673975623440334
0.680019958238157
0.693408388063645
0.712693641544527
0.734879868071402
0.757710955986812
0.780771954417467
0.804409992192195
0.82981367167898
0.858612999086883
0.891110685226144
0.926346160679486
0.963993696354027
0.962671751242225
0.925779430822569
0.89846925978873
0.879635921984985
0.867745182607344
0.86143894731857
0.859757636323
0.720979474623296
0.709106188162989
0.697744634593749
0.688031446227609
0.681647193948788
0.680669088924156
0.687176907451332
0.702311318770431
0.724709591974827
0.749900502659413
0.773798684239013
0.795851189125108
0.816338659032085
0.837578448212019
0.863503784369898
0.895726998292633
0.932528262957118
0.973237256632364
0.944809323289201
0.906791953225013
0.879311243500594
0.860953070801817
0.850098649650971
0.84544474400055
0.846116075164108
0.733986979377288
0.721307051957416
0.709534910933065
0.699735002166874
0.693474022459418
0.692767354281601
0.699860880941616
0.716539316237949
0.742311535790745
0.771599324155773
0.796526759577951
0.81629901468675
0.830995408375237
0.845199690037139
0.865819559670629
0.898133576232176
0.938428474695698
0.979958750015977
0.929084475921195
0.89005951525917
0.862132949768525
0.843815369557927
0.833605540252525
0.830362985933636
0.833306680942573
0.749935631672027
0.736900900427946
0.725455823316703
0.716570206331332
0.711624622907388
0.712405990878262
0.720985953072782
0.739311258941376
0.768010155038245
0.802550377750448
0.828242958904352
0.841716332607959
0.847785124272789
0.853401788797472
0.864789207735089
0.899254480030921
0.947654518449016
0.968895980860439
0.916394324133814
0.876139628359066
0.847239635311043
0.828417238449686
0.818438001920401
0.816360481864004
0.821446987928901
0.768989092102305
0.756206591662965
0.745985268547785
0.739215234876608
0.737095255321337
0.741148212121684
0.753092780621311
0.774439596445379
0.805534790718113
0.842879180081411
0.908688004956511
0.96852199625834
0.958475819823761
0.905170124930419
0.863819841412052
0.833850229173661
0.814388031587076
0.804534844921623
0.80353984862175
0.810648596793548
0.791373455239796
0.779514638439329
0.771375685718954
0.767774527458648
0.769712944232292
0.778367479940082
0.794827416126241
0.819359167610364
0.84973033087065
0.878367272123099
0.893740537742038
0.89157229368408
0.890726384206198
0.890088386546338
0.891370189499382
0.9365696762651
0.999356611484269
0.940522856182819
0.89013686049025
0.849867190585499
0.820175797506497
0.800915243318382
0.791676606793627
0.79196147223503
0.801015364922091
0.817356261721344
0.807026256037763
0.801550358178084
0.801615734620207
0.80786736360582
0.820769558926161
0.840041930019412
0.863516887502162
0.885832258368001
0.900304077103499
0.906537401896994
0.908340338334487
0.909848772625367
0.91185744773828
0.922138556671984
0.962376941743756
0.956300105135115
0.909115033342006
0.866725079857208
0.831368769782139
0.804625171382351
0.787311459058074
0.77970467562242
0.781696982134129
0.792643000806006
0.847151948661543
0.838758788932712
0.836066636913904
0.839504868714983
0.849104656376322
0.864200733822795
0.882747285889082
0.900650219477446
0.912608768111217
0.916431116109915
0.916558362429257
0.917985904889656
0.921615198425811
0.928620876312585
0.946150086039344
0.943339496862235
0.905392991431724
0.869272873576624
0.836549041945627
0.808643060013654
0.787209949276789
0.773616239325571
0.768729696867276
0.772872724526763
0.785615885720511
0.880717058225761
0.874386604620402
0.874103759975243
0.879920461251125
0.891112949793401
0.905866784781322
0.92090635013558
0.931865640697091
0.9354499357833
0.932655043767827
0.928702017345507
0.928214186601062
0.932815839317951
0.935802415490445
0.912979744833803
0.885358725335444
0.856523007385397
0.829409103591118
0.805244180448109
0.784911732691752
0.769616204614363
0.760670136932594
0.759153486375542
0.765664438170903
0.779998413988742
0.917449543322241
0.913014034234534
0.914397976167151
0.921254186725426
0.93222459595592
0.944790019079113
0.955399997857605
0.960541032957439
0.958837742771501
0.952604345224512
0.946640345530801
0.923225614267721
0.902254102079553
0.882134248368907
0.860775093277046
0.838173656105157
0.815861184733669
0.795429804024706
0.777843903405361
0.763782377639589
0.754056481621155
0.749646195487504
0.751497326217218
0.760244680365924
0.77582270282974
0.955886437039354
0.952943460343419
0.955106010864821
0.961735258151121
0.971170761791157
0.980804250656379
0.987552211971549
0.989030916654841
0.970547900657731
0.941728728158323
0.912935649090268
0.886958895248897
0.864127976250639
0.843304987100697
0.823367898461542
0.804074673627917
0.786025751923936
0.770117209414039
0.757116644537851
0.747622283424194
0.742207884778212
0.741510499924779
0.746184092680434
0.756719123951022
0.773077629834351
0.953373202121586
0.964749729411586
0.975106235728213
0.98328219122972
0.987733981971955
0.986612401057405
0.978295874792809
0.96226373207093
0.939766117018063
0.913592604918564
0.88688312712818
0.861834611485021
0.839210463296098
0.818755166271676
0.799964843247264
0.782658852871076
0.76713241269294
0.753986214966096
0.743873841902983
0.737349624559765
0.734850558399771
0.736750994177357
0.743405375670485
0.755086137385402
0.77170336780545
0.939796108918583
0.948780068457202
0.956333003421459
0.961443315420966
0.962946206299444
0.95962748284024
0.950586654004287
0.93572047674852
0.916012986526556
0.893331823459296
0.869768821844737
0.846940581568008
0.825670712412368
0.806137266227048
0.788264188833305
0.77208004101648
0.75788518960313
0.746215144059961
0.737684517631884
0.732822995512669
0.731986767091926
0.735373473981702
0.743099966715785
0.755230313222508
0.771592917153258
0.930872060134549
0.937295697283016
0.942030011269672
0.944317618302506
0.943415444054945
0.938658421159666
0.92964606850325
0.916460156132749
0.89976991064975
0.880711022843737
0.860565968031525
0.840419713006661
0.820977126468608
0.802603353595094
0.785510230422952
0.769958013043471
0.756370949326046
0.745328799777257
0.737456802485368
0.733277642027626
0.733103587850533
0.737026923265323
0.745004820801638
0.756943354429729
0.77260000917662
0.926432042630487
0.930626926313943
0.933051584553156
0.933202039699494
0.930677602958355
0.925189378151504
0.91662481666993
0.905119887754288
0.891085085706244
0.875148110704783
0.858024507325962
0.840377680338548
0.822739504636243
0.80552368787199
0.789109005054578
0.773936178677327
0.760562368114177
0.749641005634732
0.741828585689571
0.73765457886876
0.737415655346989
0.741154142402441
0.748735486880305
0.75996138459029
0.774554668749085
0.926726912033873
0.929344532391317
0.930220815197149
0.929055935970295
0.925669307624002
0.919975323597113
0.91198903224974
0.90183662241266
0.889754076040278
0.876065264442968
0.861143878685854
0.845376639098836
0.829148324987549
0.812858274772665
0.796959593581371
0.781997435958941
0.768618631667087
0.757532804173361
0.749423181191098
0.74483016426273
0.744053744989575
0.747126258142823
0.753873028969475
0.76402700336261
0.77728771983701
0.931939636222704
0.933655242432479
0.933734854904897
0.932006269340093
0.928375770303793
0.922819181768687
0.915373267244056
0.906127396403487
0.895216191602905
0.88281346431756
0.869129438641059
0.854414666918685
0.838973315697927
0.823184701294807
0.807526107810833
0.792584529317268
0.779042876324278
0.767629800279675
0.759033234614735
0.75379533491986
0.752224627969538
0.754365690073105
0.760044297444558
0.768950528250474
0.780729258969262
