0.832074516268521
0.658653007128339
0.481599720028334
0.34685774818107
0.260045173271375
0.208115262683782
0.177276686659799
0.159508515133349
0.151017545244204
0.150393204549654
0.157198077776308
0.17137999398115
0.193245331760544
0.223525050019124
0.263327972777538
0.313930265853134
0.376354346613933
0.450699506999457
0.535327997378299
0.626320930129764
0.717854212134556
0.803744935367486
0.879493153190488
0.942899954559652
0.994002554128225
0.648986220326103
0.518306405281707
0.385074052736343
0.282801829392162
0.215181865416437
0.174452103812879
0.150221267348983
0.136198430966818
0.129269549609854
0.128568863465381
0.134309156101532
0.146999093306237
0.167343782242452
0.19643877694161
0.235886984878721
0.287715876915133
0.353990344650946
0.435955417097151
0.532622185041517
0.639230002103576
0.74695090713922
0.845279069896106
0.926222459313913
0.986577961103926
0.963896389237569
0.454299666930213
0.372258290616185
0.292977011954794
0.226185878752816
0.17934705747266
0.149707274905134
0.131596769969411
0.120937904425569
0.115562912260314
0.11483506149878
0.119423478245991
0.130431387508354
0.149008891094941
0.176608903878706
0.215261715126964
0.267651859316293
0.336844055700044
0.425348605737325
0.533139568423077
0.654810232216244
0.777965959041762
0.886506381919604
0.968570865177474
0.970861911489445
0.926298549600877
0.310418635621573
0.256581646876721
0.211180115926221
0.173262394185275
0.146251616133543
0.129304158402238
0.11834151401856
0.111456603318428
0.108015732207332
0.107757477210113
0.111441510012358
0.120776742294572
0.137544302313065
0.163612879624526
0.201435913633197
0.254302661166539
0.326201739284933
0.420881935966558
0.539367539784546
0.675645839929152
0.813270338081872
0.929739666833021
0.983564132032414
0.930601490535183
0.887958631878669
0.224339199564779
0.182313725068952
0.150520985263605
0.125826948836225
0.111995968152737
0.108251357094717
0.107228107370484
0.105901592501868
0.105314419671029
0.106403385948566
0.109894658036375
0.117757076504651
0.132711007916869
0.157320259363009
0.194532062275815
0.248264899273353
0.323398503070703
0.42481781390296
0.554410129734719
0.705153746232427
0.8557653134895
0.976913115248206
0.942882300075802
0.889315923996775
0.850876628250686
0.179660515949222
0.1426263063486
0.115539777573471
0.0926095240001403
0.0787681633964214
0.0826638009138688
0.0943024528502209
0.102300304989258
0.10673721292361
0.110538516376324
0.115116798415466
0.122140332608814
0.135224390381862
0.158368489685282
0.195320977013429
0.250725492128998
0.330392988348498
0.440191799166065
0.582323202863598
0.747571292721924
0.908364456531008
0.954624408983928
0.899779245560713
0.847919492747575
0.816319912272861
0.159820521426358
0.125033187347873
0.100324486424358
0.0786991856829476
0.0577204994447893
0.0540748624627674
0.075344579105959
0.0977454943031608
0.111750232649368
0.120868179701994
0.128521830073363
0.136192559792787
0.147500382734059
0.168799613539637
0.205807607010422
0.264132730079195
0.350564272004886
0.471645194124289
0.628688476328469
0.80782918509811
0.952727962278198
0.91251800086139
0.85444897025632
0.807394718404535
0.785400872929062
0.155176043909923
0.121151436954633
0.097298493253528
0.0783342476380123
0.0573227818412931
0.0374460599391165
0.0502716857070486
0.088295140258623
0.11927660566655
0.139425560589616
0.15365119858476
0.164635781128454
0.175027951610244
0.193419120288393
0.23033308158083
0.293384485717607
0.390116135026945
0.526805084572591
0.701221433755819
0.890537663680481
0.918275097435708
0.865564615782825
0.807065640255071
0.768693094019549
0.758884780061012
0.160838431890802
0.126938109392492
0.102717858245032
0.0850905274690217
0.0689042793941607
0.0478625139410479
0.0361776643986763
0.072572724801509
0.127059375280422
0.169983770852416
0.198691905640388
0.217490474690006
0.229170387102382
0.242826845922025
0.277961464895008
0.34825951947043
0.460708009168562
0.618121367235704
0.808934879422951
0.9177635918006
0.87538047658
0.811721852993914
0.758229578779896
0.73288680270112
0.737329008335605
0.174606355648974
0.140776910428697
0.115805926775532
0.0979788413422054
0.0846987554783132
0.0714610245895724
0.0558727843675774
0.0660344001064573
0.133656162974593
0.218485177121422
0.282023536867492
0.316566046246534
0.332721071952379
0.339371889716166
0.367227681281593
0.448146013633512
0.583311221683776
0.762007581527632
0.924624479911165
0.884097799993542
0.816280420007337
0.750305133818094
0.709595777211048
0.701269199242189
0.721146889061643
0.19572607101381
0.162299310495469
0.136959780042956
0.118636150320257
0.10632738369853
0.0984611954190575
0.0931399585487894
0.097483743312757
0.15233289754467
0.294520998978613
0.442749742975275
0.501199524718496
0.52095620845214
0.520474907250391
0.529350406889442
0.625364374083072
0.782564436132387
0.953493069750526
0.894083566262778
0.814969647606419
0.737997921155739
0.684621503846223
0.664197394562213
0.675330343090984
0.71064862967678
0.224233901890402
0.191862708022329
0.167040230307439
0.149111434256613
0.137879839341349
0.133892434352435
0.138683746557072
0.159105961374349
0.226993806665144
0.42929834909169
0.725179006864779
0.776422215312594
0.785573476485527
0.785729495057871
0.773479875384155
0.880243123633197
0.979808664781627
0.886301718677235
0.792953054938084
0.710155559571772
0.650723478799906
0.622408030118114
0.625930014857308
0.656557322523288
0.706034603192718
0.260573670546589
0.230254384488558
0.207193546762597
0.191290495979322
0.183003506172599
0.184353787719578
0.20074233891394
0.246480639869832
0.367205840250036
0.688444340227576
0.917277243360181
0.817158099514499
0.730375130682491
0.656860240167261
0.602422637629691
0.573232481614077
0.572293881420524
0.598347198826422
0.646135871502667
0.707359571419685
0.305323829003355
0.278448236285631
0.258719392219999
0.246842840735266
0.244216699354473
0.25434411816891
0.285908314665965
0.361463118854577
0.543214729210671
0.899525797891106
0.870391310741201
0.882566953934033
0.885547141338172
0.885361028866276
0.869785595087092
0.782852875573249
0.678356066900276
0.601993437933913
0.550822384254085
0.522610380333111
0.518668973457285
0.539723911867911
0.583627089116633
0.644698876851945
0.714491452939285
0.358936950611256
0.337334216125895
0.322843743975318
0.317154777399979
0.322885302095563
0.345208465277695
0.395295635975438
0.498515150192462
0.708178237540474
0.846967322556037
0.838481606882718
0.820228780646459
0.818994925768171
0.811634210936749
0.77865159887875
0.697217330770921
0.600491989363996
0.529566671155531
0.48988356404363
0.47736294221016
0.489917497386342
0.5260453055815
0.582306129584248
0.652226911306378
0.727087631434276
0.421439663701488
0.407353844603532
0.400333036701291
0.403034909949769
0.419287394959273
0.455613171147648
0.52399557051667
0.645967648495177
0.762745735394102
0.829458218244245
0.823539815577448
0.791953268210479
0.772163131168197
0.749071445288329
0.70405552613495
0.63094444881435
0.551511681953944
0.492700886542104
0.463017535359523
0.46102356384809
0.484233876242835
0.529941933368188
0.593617867299047
0.66810254209782
0.744599383671301
0.492088494125721
0.487995109505783
0.490854188987896
0.504027567233809
0.532160529252975
0.582179870718756
0.664442904272609
0.757384735155254
0.796084971771137
0.822330872295677
0.807185910887484
0.770849594804336
0.735752764460583
0.697875021574938
0.647351583738977
0.584255327664558
0.522729748648905
0.478945264794606
0.460186726281976
0.466993689784144
0.497607956878133
0.548973031259875
0.615984918923008
0.691250073746641
0.766300530329076
0.569051351271917
0.577196536431522
0.592065801550298
0.617228030368942
0.657415465337871
0.718691457715118
0.795629910465643
0.804358956074709
0.816417593052863
0.814223960126626
0.787758724512841
0.747324950035727
0.704431138703168
0.659592628231024
0.610022930814778
0.558204671514304
0.512994592515581
0.483836937838278
0.47595117228644
0.490518980469199
0.526349260644303
0.580375183276979
0.647393543416248
0.720287501570229
0.791328269626794
0.64927730932306
0.670911994097169
0.698760477991375
0.73598397680188
0.78652313341877
0.851806659614237
0.839628055560675
0.832179518761379
0.822112385560973
0.800737990041517
0.765845961903668
0.723337028754068
0.679210829486561
0.635241658111572
0.591945056933197
0.552196922682772
0.521461144288665
0.505284636369508
0.507152464810613
0.528116643795701
0.567157872782656
0.621299789129576
0.685605869727978
0.753649773268154
0.818725424987282
0.728756648111608
0.763292919061109
0.802876187400646
0.849772082295314
0.906492497195982
0.88392262356793
0.861766332799222
0.840090648121396
0.814763119685909
0.78271129431861
0.744545626313726
0.703787126747162
0.66371479232432
0.626066762102501
0.592223195401616
0.564559466167171
0.546454093536323
0.541223066888532
0.551072609870005
0.576626061865253
0.616809141371344
0.668821393771322
0.728268415540244
0.789679860340211
0.847481230081845
0.803248299069637
0.847833807879235
0.895217264510971
0.946754731212623
0.9236938347154
0.893018568351785
0.86303461732168
0.832429566057395
0.799808848037161
0.764830559884905
0.728711793926338
0.693502963420021
0.66100440524728
0.632486193274023
0.609183080111572
0.592776123959616
0.585341978231773
0.588846813178477
0.604559944966378
0.632642087886569
0.671936708729494
0.719940802712556
0.772993294892173
0.826701188656427
0.876572924823193
0.869235572682117
0.919157548202042
0.96849650398696
0.952286030578211
0.918164725018477
0.884446194568999
0.851104199419168
0.817979058487765
0.785122198078003
0.753080656119932
0.722856017220247
0.695566458526242
0.672156340231266
0.653407201592524
0.640158692519749
0.633470726157366
0.634552601983869
0.644479313197049
0.663834447258863
0.692413739265564
0.729063871421447
0.771694308547862
0.817472362611941
0.863108845047929
0.905020380540082
0.924715613887665
0.974391802431916
0.970738474249976
0.936092809763268
0.902013115377648
0.868766086332701
0.836687652546822
0.806172977607311
0.777713899496014
0.751900940252414
0.729350613056139
0.710609129654671
0.696120806643476
0.686291049660944
0.681585343737927
0.682571695714882
0.689850592212771
0.703883380225218
0.724779920857417
0.752118950157964
0.784859288593605
0.821379383648557
0.859640128660476
0.897416534171779
0.931931293955039
0.969006709938597
0.983651922869488
0.949880924185283
0.91726923957218
0.885847400863885
0.856022269815992
0.828332318358109
0.803278644349671
0.781303961539551
0.76277358328413
0.747965887797178
0.737077430369414
0.730253898101919
0.72763754416084
0.729404224968168
0.735761034573303
0.746891225026038
0.762856780852416
0.783487594114815
0.808294822626024
0.836434032970893
0.866758786643343
0.897876153052547
0.928556143964271
0.95663728617061
0.995617218315637
0.962148606181802
0.932231487911667
0.903322920240825
0.876260719945412
0.851553718525448
0.829723340267744
0.81111707638318
0.795956569314856
0.784350799578549
0.776328589913911
0.771870015620072
0.770936667492036
0.773493229066059
0.779513377793378
0.788965343677735
0.801778278213115
0.817797156208101
0.836738516835601
0.858161257798045
0.881462383161292
0.905911403167864
0.930701333867881
0.95510726912134
0.978453116444822
