0.917646030340584
0.91692031474546
0.91622175218631
0.915581482627052
0.915095869244734
0.914892663544457
0.915111681398644
0.915888156493838
0.917339419223595
0.919555133163375
0.92259159788914
0.926469872444737
0.931176562240563
0.936665584766758
0.94285965952718
0.949651466432291
0.956905606069108
0.964462960806532
0.972148626124654
0.979783513003362
0.987198418160369
0.994247966272547
0.998929306170438
0.993107572701409
0.987875568285067
0.912092339692611
0.910961031943818
0.909874256617634
0.908879722292459
0.908101539071999
0.907701155735815
0.907850150181828
0.908710421123114
0.910418227886945
0.913072132270837
0.916725608034675
0.921385002269736
0.927012133556154
0.933529204604841
0.940823433016649
0.948750303311126
0.957136398489672
0.965783954868044
0.974479189608966
0.983005387772067
0.991160001528169
0.998772959159253
0.994077782133161
0.988131656845287
0.982940886504612
0.907822035578909
0.906327062326698
0.904867199884205
0.90351492420731
0.902418852946694
0.901765281651942
0.901750096447933
0.902558646552141
0.904349749318689
0.90724188779948
0.911302194840587
0.916540769559555
0.922911828264005
0.930319643760843
0.938625069518388
0.947650098846599
0.957181247470778
0.966974482282941
0.976764532994816
0.986280528138739
0.99526790221168
0.996021678191913
0.989010485178069
0.982978509515228
0.977887540295359
0.904955907064687
0.90313529946543
0.901317955807512
0.899601061121144
0.898156578276151
0.897189565577555
0.896912724251458
0.897530417460413
0.899226417100989
0.902149813041364
0.906398198521892
0.912004070080804
0.91893128135754
0.927080696192848
0.936297511618548
0.94637540785411
0.957059324059749
0.96805091796358
0.97901973169137
0.989622598205552
0.999532363675027
0.991046859407066
0.983742403991641
0.977665920187287
0.972731004625793
0.903552466477434
0.901423726549889
0.899252481826741
0.897158295834854
0.895334171761938
0.893998477885271
0.893372460484964
0.893672211950986
0.895105582090072
0.897861238735603
0.902083691824695
0.90784569799199
0.915137109434065
0.923871596993087
0.933893955031003
0.944978673812527
0.956828121430838
0.969079146738329
0.981318812367975
0.993110135818552
0.994956102721965
0.985797591888137
0.978227088420107
0.972163811140949
0.967471421790878
0.903636336614392
0.901196036541505
0.898660506023786
0.896171402271432
0.893940653429317
0.892194708168072
0.891153544078071
0.891032760581754
0.892057126103765
0.894460573937712
0.898450836123874
0.904156803052459
0.911607486052047
0.920749542755185
0.931455071169722
0.943498955773246
0.956540364858319
0.970133564640169
0.983756905404451
0.99685102037041
0.989911732756109
0.980190524606636
0.97240214993571
0.966432010764466
0.962092975080599
0.905212572982057
0.902440093917482
0.899519653231619
0.896616077341303
0.893959436859547
0.891780970946501
0.89028962126381
0.889682345995714
0.890182920427761
0.892070134351159
0.895632980595061
0.901067953500021
0.908444459932297
0.917768022099623
0.92899549551879
0.94194632590069
0.956233692821976
0.971292654560632
0.98644775296036
0.996960830908236
0.984398161657491
0.974151860947563
0.966214788540303
0.960435815953551
0.956579159908374
0.908274158707913
0.905139197894419
0.901810477290397
0.89847600106612
0.895383844681841
0.892770878737363
0.890830435287295
0.889719953248729
0.889627445910983
0.890862514514073
0.893822235510694
0.898776745251601
0.905799730769243
0.914984030389458
0.926495953921701
0.940299094535595
0.955944165704057
0.972663913942491
0.989548512859149
0.99180504823722
0.978344273410044
0.967638497199122
0.959640001475987
0.954161272995842
0.950923979283094
0.912805753266009
0.909280661505353
0.905530453640691
0.901761583347854
0.898237104616694
0.895203779961936
0.892847281933764
0.891275817414835
0.890587947619351
0.89107234471981
0.893285870789074
0.8975892300846
0.903922259587594
0.912477795764432
0.923897823057575
0.93851743009281
0.955754818006792
0.974446620454661
0.993311557862616
0.986004873263464
0.97172210874433
0.960651463552915
0.952692409186317
0.947626064850268
0.945141280026902
0.918784383282423
0.914862310597306
0.910708101608493
0.906534388672382
0.902607277151874
0.899182144747498
0.896455720284513
0.89451508883781
0.893330657341481
0.89302155299745
0.894378782440643
0.897978000791625
0.903233149919022
0.910406469019344
0.921104456147004
0.936595901955422
0.955911265495691
0.977045196705261
0.998137145241135
0.979520953137969
0.964549076110677
0.953237130685485
0.945429492624709
0.940885236116935
0.939270797737436
0.926176172829996
0.921893113246441
0.917410017518743
0.912928068490257
0.908693527766604
0.904949231213803
0.901901125039314
0.899671506620795
0.898199468873611
0.89721109834139
0.897573267218038
0.900658539742135
0.904378380953863
0.909194442994633
0.918021095403982
0.934740382663602
0.957066548061155
0.981223718238368
0.99195686072231
0.972324334281126
0.956864262434443
0.945472017070496
0.937945213998739
0.934030796634954
0.933380481552526
0.934926876421068
0.930380579058256
0.925724504292541
0.921134998336896
0.916817062556351
0.912967902788368
0.909752677131306
0.907286630577874
0.905613244372693
0.904472987377526
0.903907863511266
0.906526035493606
0.908189819998325
0.910146926169405
0.914983753859052
0.933982720627351
0.960719746578236
0.98816540391023
0.984557203539117
0.96431923200191
0.948682118910835
0.937439088281889
0.93035885940365
0.927186451778431
0.927564644258978
0.944944323724628
0.940298800543913
0.935706298955335
0.931319085376819
0.927301071375925
0.923801943190596
0.920930423548181
0.918729321262309
0.917176848179629
0.916421264980686
0.93881978388689
0.969648973284656
0.998855585140734
0.975393618108802
0.955291371683546
0.939977077361633
0.929222936918079
0.922809811706244
0.920500210124458
0.921938018403057
0.956074103759732
0.951540930947553
0.947290264386824
0.943461771542799
0.940195083076031
0.937621084218114
0.935844066356806
0.934930224480143
0.934919680564728
0.935697824474192
0.935608223697434
0.932570439327168
0.931400281127036
0.930840965098502
0.932355503116053
0.95481010770132
0.984302516848757
0.987483686211828
0.963981736800383
0.945083747379927
0.930774178826478
0.920947843094698
0.915464565162678
0.914136505886119
0.916626300235907
0.968075072214617
0.963874144416085
0.96021694006159
0.957236582010921
0.955049496417403
0.953757377035165
0.953418433517198
0.953984692827288
0.95514663978981
0.955992634099088
0.9549853177151
0.952185580471839
0.950518770780507
0.950682626867389
0.956114664894648
0.974682387999099
0.995190289839008
0.971304134850514
0.950700682027216
0.933950678335051
0.921301925226139
0.912833157558868
0.90852544730084
0.908266128218794
0.911754362547363
0.98060485309647
0.97692027746753
0.974019081187726
0.972019273958166
0.970989080003864
0.970946069225371
0.971801559690555
0.973255680500229
0.974666074098015
0.975093006248673
0.973971726279127
0.972080921889776
0.971151295119198
0.972836497865467
0.980029342525481
0.994555888544344
0.973984980175204
0.954131821930045
0.93677741311051
0.922621003909421
0.912027712743688
0.905199498985216
0.902220619746585
0.903051319257236
0.907434056207544
0.993223783862134
0.99017335903861
0.988077610337755
0.987024554581894
0.987009830059475
0.987934877972217
0.989551693774783
0.991397367809597
0.992808634237677
0.993182983876
0.992500770270483
0.991603373314725
0.991857102577197
0.994143986060635
0.984425637647128
0.970260488396561
0.95382961599872
0.937719851119312
0.923509559694536
0.911969235277188
0.903515000643407
0.898401816190047
0.896769968129874
0.89862753673792
0.903754012882221
0.985851213668066
0.98823086431041
0.990135195664853
0.991576147162539
0.992577911410872
0.993095118207178
0.99298757381618
0.99206669114095
0.990237250967773
0.987660432659449
0.984675391559299
0.981327414012914
0.976979912393607
0.970563349377274
0.961293621726967
0.949394008549539
0.936170999691898
0.923246601338558
0.911846428689737
0.902703059198984
0.896244662086607
0.892739544826776
0.892344851104471
0.895087997535552
0.900773386469109
0.976794372925919
0.978740967469782
0.980137253164092
0.980957053740681
0.981203693506091
0.980841960180183
0.97978553717155
0.977937882026482
0.975275590121773
0.971906015067541
0.967985591977276
0.963492854510069
0.958078205343566
0.951216314804879
0.942601389302439
0.932496322152973
0.921737589083748
0.911384001915263
0.902346668798267
0.895257948360238
0.890522956781788
0.888400896176566
0.889043069727513
0.892476456392521
0.898520018648645
0.96940462768198
0.970887866120324
0.971765000520355
0.971983488630136
0.97153719158522
0.970410509303363
0.968568373551996
0.965980401771306
0.96266091977065
0.958683453215643
0.954127520599397
0.94897682083455
0.943070305030154
0.936195560316475
0.928291020769745
0.919613690938971
0.910738428308691
0.902389768544667
0.895242953460924
0.889818170977437
0.886476175695525
0.885453673803696
0.8868854790652
0.8907888884792
0.896992051843998
0.963822047152182
0.964849695836078
0.965234283890481
0.964909507837586
0.963868377435025
0.962116674546973
0.959660789334293
0.956516044345381
0.952720863655239
0.948336053196478
0.943415907519309
0.9379672195884
0.931940830273711
0.925288863844339
0.918067466195929
0.910517851925337
0.903064876428041
0.896231743683232
0.890528608895108
0.886376731575651
0.884086137759218
0.883864821503862
0.885827687124597
0.889980951783294
0.89616159492327
0.960143008930201
0.960769757954722
0.960734143232352
0.959965643133784
0.958460468104016
0.956241902901251
0.95334550461303
0.949816462367174
0.945709999926014
0.94108600658445
0.935995080900192
0.930465655167243
0.924510615824188
0.918163922533527
0.911534627233119
0.904846479324705
0.898434977384394
0.892700002335719
0.888039643949896
0.884796860923491
0.883234054214983
0.883529454928413
0.885778128820373
0.889978260571069
0.895979344590865
0.95841796020881
0.958746459835051
0.958406744849572
0.957331431532546
0.955518926392158
0.953002003548514
0.949832175965349
0.946071007563483
0.941784021194564
0.937034381101416
0.93187684878814
0.926357044147746
0.920522695757612
0.914448536305095
0.90826643799369
0.902184916994206
0.896484615640211
0.891488626708504
0.88751992103328
0.884862826444065
0.883739213825414
0.884299171574863
0.886617941960702
0.890688135087389
0.896381138318903
0.958636209022293
0.958800459853942
0.958307480210897
0.957091005570308
0.9551446785596
0.952500452656354
0.949212454197578
0.945346288130385
0.940970898560679
0.936152817552394
0.930953963975876
0.925435338406252
0.919668297051753
0.913751924213137
0.90783058070277
0.902103095521308
0.896817005192224
0.892247479462825
0.888667444395057
0.886318509006576
0.885389791693797
0.88600629901273
0.888222536024015
0.892020722790094
0.897296331277325
0.960660378210392
0.96081376145788
0.960337982470475
0.959154913321223
0.957248470453238
0.954638711414737
0.951369684182437
0.947499676625748
0.943094117975317
0.938221338204315
0.932952212746282
0.927364521637671
0.921551827641266
0.915634753565174
0.909770562747754
0.904156211149515
0.89902151866472
0.89461254067397
0.891168964223087
0.888901281085939
0.887972591840721
0.888486478693719
0.890479877325521
0.893914971758224
0.898689182364643
