0.453665907803217
0.417176416580267
0.379666840937542
0.342941461872683
0.308454018182704
0.278496442367502
0.254745113631337
0.237733162854786
0.227029024261945
0.221848232550667
0.221696762225131
0.226889958007027
0.238803988907594
0.259566751346028
0.291338115891527
0.335814323710725
0.394049926432564
0.466113756311234
0.550311863926929
0.64234694280192
0.735342312018443
0.821459073945391
0.894542779155087
0.951609752001702
0.992420996846201
0.422159721451413
0.387542252943368
0.350727569549759
0.315606191510437
0.283188126801727
0.255477993563108
0.233855458845478
0.218792802058629
0.209798180180486
0.205964239554838
0.206601248574217
0.211854544836553
0.22316615127156
0.243080902672624
0.27436058263742
0.319307595562442
0.379533176590332
0.45557005141917
0.54588791347652
0.645645911128486
0.7464747219562
0.838567407642315
0.914283822469704
0.969981307001457
0.992599845432299
0.392242853402301
0.358489563995905
0.324048032641266
0.291807637894694
0.262698198781295
0.237998131756139
0.218892302960048
0.205922282052218
0.198737213268701
0.196428135497368
0.198142681714488
0.203776858918249
0.214686311600377
0.233781579081907
0.264505956317417
0.309834214958459
0.371948513335542
0.451814879645051
0.547995539081398
0.654979550843634
0.762717344927609
0.859277410524221
0.935577915316199
0.987924491728782
0.976555503421076
0.364323854008616
0.331865596452638
0.300378705751742
0.271725403745429
0.246514352014745
0.225347608980088
0.209130797426823
0.198524443258818
0.193430662145999
0.193020117763761
0.196292578933362
0.202822301012587
0.213710988026538
0.232167389027987
0.262454693748781
0.30833194816195
0.37255478638428
0.45643154763454
0.558427623196343
0.672110987942513
0.785563656449991
0.884811792768236
0.959848195139936
0.989028917370088
0.956704874010354
0.337555394554967
0.306996857955119
0.279204863560866
0.254773272947743
0.233869180943544
0.216671322915648
0.203800333980797
0.196036317537445
0.193602738437865
0.19579540649212
0.201427567433241
0.209657165670325
0.221130938505254
0.239232741704472
0.269279543988985
0.316065435456365
0.382923920356674
0.471316601837121
0.579247239782373
0.698933460547368
0.816409991549818
0.916053349618877
0.987806804157023
0.96379410567213
0.933436914855039
0.311752324750184
0.283563317836381
0.259823893057266
0.240081462266272
0.223907313490757
0.211157888756493
0.202247686295772
0.198081398779489
0.199288219974294
0.205325109922124
0.2146668701564
0.225858537809086
0.238827375093458
0.25692361908014
0.286882165733623
0.335045633485227
0.405334317861235
0.498987441832349
0.612918455817751
0.737379741997041
0.856326303827095
0.953350794002105
0.977483037833539
0.934354254924775
0.907352638411714
0.287458363324972
0.261688025438083
0.2419130862875
0.226953899346474
0.215838204022671
0.208090546686239
0.203953334924115
0.204485027217123
0.210889060560087
0.222899963460671
0.238280188356531
0.254461979585953
0.270262705962878
0.288695966526756
0.318458029989167
0.36842027489051
0.443095981709349
0.542749433276329
0.662188929016274
0.78903528260227
0.905628624982261
0.996293631791475
0.941790678450381
0.901268276566489
0.879223555773929
0.266139255209508
0.242368821334209
0.225913496962878
0.215282758521457
0.209204406166197
0.206938995754789
0.208552717103831
0.215277781001339
0.229217214921261
0.250819573348297
0.276343083367351
0.300750130945723
0.321151704294758
0.339986969667258
0.368763103286437
0.420637971615743
0.500594964723801
0.606402122579649
0.729327093828961
0.854161089909088
0.963153812035962
0.954819534229072
0.900861078369624
0.865338579600129
0.849912192425554
0.250054443431069
0.227533705295134
0.213319945417328
0.205998230169985
0.204367648133286
0.207704679494859
0.216037450561155
0.230821461466313
0.255592473684099
0.292867974639369
0.335857247073929
0.373139098304337
0.399576044112647
0.417802773981438
0.443418283621528
0.496705652301212
0.582307519247397
0.692587862389571
0.813996396731728
0.929948931616664
0.971702637855324
0.904697474915444
0.855452651563015
0.827647318373436
0.820360463872346
0.241938082081491
0.219903499870383
0.206766664281629
0.201466372654719
0.203214538880508
0.211746672839891
0.227513847778511
0.25247847137583
0.292278915995839
0.355090441805376
0.428529517671501
0.482739546767304
0.51307747626884
0.527378411934614
0.545708968323201
0.599321787670833
0.689388546662523
0.798556962800248
0.909684295436233
0.988518634761279
0.908560307930703
0.846913893700315
0.807084651313379
0.789582230349891
0.791565277949811
0.244594718470896
0.222645434940171
0.209828683269099
0.205599268211832
0.209798801095707
0.223050951409079
0.246999074121642
0.284982409601157
0.344993112624786
0.447077367979651
0.572622572734821
0.63693322140281
0.660434262514203
0.666983287465556
0.672771432945105
0.725549382255799
0.814529084859558
0.911469735742218
0.991449690767892
0.902796646818926
0.832942273362673
0.784447597598185
0.758187584196267
0.752807776960379
0.764542606802679
0.260545403757177
0.238970219828984
0.226583320004991
0.223491744688526
0.230345618152907
0.249048251318005
0.28345877715637
0.340536902076889
0.432929154446427
0.588544099412388
0.783841817397209
0.823105183255359
0.829942795192795
0.831559176585379
0.824781677193229
0.873472814357697
0.944465717875705
0.954368634811522
0.870937942319975
0.802852582621247
0.752843267036861
0.722512412585428
0.711909457557854
0.71913292145867
0.740269542683569
0.291715864399619
0.271675648107874
0.260948867958434
0.260480279137692
0.272030032031748
0.299266081603583
0.349225895865643
0.434459604565953
0.574659244940417
0.78971927012231
0.945682750207187
0.874645114315213
0.808565335171688
0.751823520126885
0.707884884076848
0.679202606209407
0.667136116947295
0.671508576206057
0.690274840408119
0.719608297711155
0.339120922501458
0.322565110627822
0.315731441896047
0.320548481646333
0.340145463477478
0.380162429126366
0.450236815119004
0.563822442031695
0.727700774337612
0.917237354404302
0.912297299405855
0.90137250884435
0.897779229028763
0.89556495477781
0.885784776770359
0.830240035416986
0.760368774802863
0.702904644369123
0.660606302185656
0.633141418420075
0.620630970093524
0.623103663349042
0.639584638774661
0.667586338504481
0.703227292445358
0.402569087888366
0.391757506893373
0.391385248301539
0.404274249875276
0.434599263193889
0.488736465990999
0.574841969397024
0.696918421918332
0.839249907252566
0.970337262986021
0.895968303047655
0.858684421318124
0.846714498728684
0.835904012485371
0.812186420943714
0.759654083977077
0.694169362476877
0.638917533202179
0.602046281808947
0.583135712493283
0.580548318901357
0.592728075713554
0.617557380350458
0.651854885024465
0.691542572992724
0.480450151825659
0.477190763842205
0.48503082172165
0.507178159251365
0.547707525635762
0.611210414442467
0.700038410984547
0.807451671592371
0.913889766581966
0.976167303951236
0.883486665527647
0.834685523393113
0.809384928075404
0.786939899726767
0.754122208464349
0.70537975757546
0.649238090896597
0.600641912426458
0.568631373909054
0.554911691580707
0.558106869695459
0.575979364293661
0.605605910678269
0.643249082998671
0.684698107191108
0.569636543377286
0.574631079083658
0.590704976298378
0.620637862087931
0.667097158037316
0.731389172661334
0.810690478144911
0.895502573566194
0.97356414789663
0.936267007633552
0.861963649824185
0.811139151816024
0.775998362409098
0.744484925826847
0.707903134910819
0.663905647792539
0.617637430124016
0.578189983278382
0.552625985583838
0.543570845944838
0.550520756363341
0.57136736382404
0.602964632016734
0.641409047849422
0.682587766267089
0.665572111863846
0.678179483622256
0.700754839333948
0.735039546519835
0.781879983049159
0.840081117328199
0.90520824343959
0.970159391989863
0.963679678361465
0.89417373291888
0.832652932425596
0.783938716794561
0.744940541120065
0.709595999477015
0.673252542106156
0.635002330301728
0.598061068136008
0.567929914380474
0.549452537940289
0.545049855937739
0.554743676135432
0.57681723292171
0.608332973252101
0.645614971671791
0.684905581545792
0.76270263104536
0.781176358108161
0.807515902680356
0.842388784325762
0.88539744079078
0.934523115416312
0.986108513562925
0.962908506367392
0.908479144907226
0.852257382588271
0.800678627751578
0.756389324443541
0.718311347071844
0.683736380323483
0.650568915263283
0.618702790392715
0.590227854749899
0.568497758088351
0.556646423021006
0.556475613576475
0.568118939897106
0.590207253859197
0.620216832907622
0.654958306706666
0.691204750543711
0.855312084241336
0.877353724898517
0.90465044469838
0.937217127723973
0.974274434283464
0.979844776650856
0.946939753936388
0.906116245081933
0.860637161697808
0.814674558153997
0.771653156673167
0.733149521743243
0.698975670660276
0.668126295918499
0.639881377247703
0.61453162147945
0.593492384372167
0.578834176341201
0.572513592069187
0.575699788159635
0.588431044880943
0.609594214902013
0.637139053366477
0.668471056941065
0.700952005867572
0.938545206152661
0.961891070168987
0.982001198132777
0.969394228608119
0.95083736014096
0.925951003619549
0.895166363646151
0.859907344924377
0.822397813660928
0.785067794340537
0.749847114885802
0.717752347947199
0.688963596753557
0.663270993593693
0.640605622556905
0.621397766751083
0.606628773393667
0.59758503873913
0.595444304534635
0.600874887822072
0.613784165410553
0.633266913574191
0.65773984211837
0.68520505898249
0.713574427670551
0.958858510773642
0.950851702622211
0.939740378618677
0.924775879757839
0.905535523958456
0.882106705779714
0.85513963963128
0.825789350197078
0.795515132850198
0.765770311542597
0.73770349980462
0.712009127122841
0.68898656451099
0.668755461849676
0.651506294852975
0.637666507028138
0.627913996321502
0.623038948373657
0.623714529751722
0.630265301399989
0.642513359516316
0.6597486243079
0.680821822715052
0.704289234462022
0.728507387519369
0.926928089028067
0.91601563762822
0.903599081776282
0.888661334904865
0.870878840639376
0.850476417161414
0.828061122623925
0.804485369939602
0.780700046438426
0.75760005668722
0.735901768510088
0.716095098565361
0.698484563168241
0.683293328784007
0.670777151006924
0.661294167333463
0.655298638867554
0.6532593758697
0.655532843009614
0.662236949610209
0.673170753908986
0.68781113334194
0.705383155680873
0.724950181077706
0.745242532019806
0.89982969390669
0.888405534642395
0.876984234384768
0.863709809169221
0.848520949154864
0.831721614045916
0.813843456962991
0.795502037699724
0.77732142923009
0.75986428624371
0.743588879429147
0.728840542734926
0.715878788086248
0.704926195875643
0.696216018716469
0.690015828238883
0.686614556156781
0.686275121322383
0.689168104024319
0.695310392461619
0.704529556747411
0.716480011366838
0.73067256750781
0.746646072055316
0.763404372164628
0.879854478411187
0.870885423678193
0.861355999905236
0.850268448219333
0.837888805137081
0.824576422163196
0.810771884020341
0.796908408974398
0.783389152994619
0.770564046660645
0.75872257730575
0.748099253254778
0.738890166115341
0.731273665642124
0.725426474161401
0.721527714417144
0.719747652971853
0.720223685745471
0.723030992720114
0.728158400805241
0.735498324259678
0.744862314271664
0.756006424681778
0.768728929472738
0.782713513547787
