0.870080213292346
0.869035230381578
0.868033933003297
0.867138705547441
0.866516721752633
0.866379578138336
0.866950268521805
0.868434510354851
0.87099841471395
0.874753677002989
0.87975206283044
0.885988639239314
0.893410382315714
0.901925347112383
0.91140878877131
0.921705511768174
0.932630379319404
0.94397015367984
0.955489615755054
0.966943619311778
0.97809470477536
0.98873328946806
0.998694812562254
0.991965887395102
0.984061269706014
0.862060276481487
0.860404511804757
0.858830478708227
0.857425713789223
0.856399641239039
0.856014394495578
0.856539159434072
0.858217715646012
0.861242353796744
0.865735036217524
0.871738345346396
0.879218125491534
0.888075766387573
0.89816413317245
0.909300756124365
0.921275144075345
0.933851062277995
0.946767202490557
0.959740746098082
0.972477991655444
0.984693957858858
0.996138608498871
0.992868371044908
0.984046981042031
0.976312043728668
0.855896386874067
0.853704013200452
0.851600073720487
0.849712948637813
0.848287496165452
0.847618625574284
0.848004551556469
0.849715753399105
0.852971265017579
0.857918251293995
0.864616431188154
0.873033254095685
0.883053000387192
0.894495111597777
0.90713271905981
0.920705147696859
0.934923260404864
0.949469911835825
0.964000604356779
0.978151852745572
0.991563404791135
0.994958658300535
0.984691939734216
0.975872856487759
0.968405466142115
0.851713344381341
0.84904991963002
0.846456597495217
0.844106054627037
0.842277651918688
0.841287260548085
0.841445229217263
0.843034337731695
0.846296739174774
0.8514169839857
0.858497422205301
0.867537774228343
0.878433656337861
0.890993661160574
0.904961502004641
0.920033021486193
0.935865790102366
0.952080899618215
0.968259895263482
0.983948465538092
0.99868112174516
0.986782638994887
0.976235314848369
0.967494548113378
0.960381409658426
0.849558517087727
0.846453030243311
0.843387836382741
0.840578277442478
0.838337585150013
0.836994819325936
0.836856100000914
0.838197050313284
0.84127150118194
0.846308031272666
0.853475180698999
0.862834200594066
0.874319033412134
0.887751947987499
0.9028678030501
0.919330366587673
0.936745021992649
0.954665197056328
0.972585716928094
0.989938354025501
0.991402960052564
0.978228593758433
0.967462601457694
0.958895480959116
0.952267524434726
0.849439645225671
0.845884371001362
0.842336447973546
0.839055692735424
0.836390566938328
0.834679667815416
0.8342096858335
0.835222480500321
0.837958987134265
0.842688983375931
0.849668635648182
0.859047150537181
0.87081894139971
0.884849699027136
0.900903049481365
0.918635881502783
0.937604208471331
0.957283004361211
0.977061029439655
0.996224854934654
0.983010277675725
0.969215923955112
0.958320433408578
0.950049889086936
0.944067876729375
0.851345461466733
0.847301707984014
0.84323630331406
0.839457275104296
0.836353125040335
0.834275522247338
0.833482499168843
0.834149561263652
0.836459901723515
0.840704791352563
0.847248590680083
0.856349142871986
0.868066104095004
0.882346766714832
0.899064129495489
0.917926822601923
0.93844281808782
0.959979844958695
0.981781913826554
0.991941780947439
0.974022217614131
0.959690340655951
0.94877648180759
0.940942121275125
0.935784319410487
0.855257159488128
0.850667232094115
0.846037410729024
0.841724908516754
0.838163867280913
0.835732100735497
0.834665930630858
0.835046429738171
0.836926949330078
0.840566686572381
0.846463444899808
0.854998103038495
0.866247210009947
0.880285262821835
0.897275032536128
0.917109981549755
0.939233302517227
0.962825984406732
0.986904956114281
0.983379928277068
0.96441853758992
0.949656936595857
0.938844237450637
0.931586096918648
0.927430577324058
0.861155671866411
0.855962912252267
0.85073169632828
0.845860065328104
0.841826008975297
0.839051039291983
0.837783474907158
0.83801609430702
0.839580703775537
0.842574417648404
0.847666860562488
0.855393512767774
0.86565831504171
0.878702766430877
0.895370723223703
0.916038071298396
0.939992550416989
0.966021746324951
0.992749144380571
0.974151957285179
0.954270505981428
0.939196330764763
0.928594540382986
0.922036246600291
0.919043023740694
0.869026252742196
0.863204646868662
0.857380728782153
0.851971386513573
0.847477768553732
0.844366900590735
0.842948448601176
0.843211822253519
0.844733875892212
0.84716338588789
0.851346840032017
0.858150105811401
0.866781089396558
0.87768155604407
0.893092110032997
0.914583439198161
0.940955561445114
0.970095370972329
0.990617561287309
0.964385074737046
0.943732403138492
0.928452197686742
0.9181491901206
0.912389186874087
0.910686234426758
0.87885945289308
0.872449567445407
0.866133133684963
0.860314857927133
0.855476956270645
0.8520921813893
0.850533450870598
0.850917455048067
0.852799958359298
0.855041975135923
0.858184100421416
0.864160827588791
0.870293295397127
0.877577409279536
0.89014383584738
0.912879610238234
0.942952801436667
0.976192605485231
0.981704748875932
0.954228783943693
0.932965558405476
0.917579816170705
0.907655600289351
0.902776077085767
0.902453728311733
0.89064474219618
0.883784924796772
0.877205613847777
0.871275155608613
0.866415544698493
0.863039750911051
0.861489665278726
0.861952639363106
0.864290032724209
0.867348522715783
0.869612375551614
0.874293096278224
0.876953479082806
0.879877169679457
0.886772678546124
0.912157528423616
0.948146748551015
0.986229669195844
0.971964767658396
0.943624137463256
0.921994144318019
0.906672390572617
0.897254974535774
0.893350511721641
0.894464381184412
0.904351356883815
0.897286763270063
0.890802352307429
0.885227255320849
0.880914104622838
0.878194093965356
0.87731699743439
0.878375915989646
0.881230883756918
0.885503713005565
0.91862334454454
0.960736902991285
0.996089262197955
0.960434559050943
0.932054943402044
0.910608854886118
0.895730099101276
0.88707100776432
0.884279692973933
0.886855539902496
0.919892548242152
0.91294788915194
0.906980273210066
0.90229065642277
0.899174077964617
0.897894944856697
0.898627766719325
0.901371052624767
0.905812483348719
0.910879027738711
0.913163052320544
0.909655083930235
0.908286618035648
0.907580693488076
0.909288198101826
0.939776458408078
0.980930958995313
0.979058168542363
0.945638221945414
0.918779049773475
0.89852421594274
0.884743586443314
0.877239063046278
0.875743120730472
0.879773694805172
0.937075569955188
0.930594158115674
0.925518192522713
0.922119836520905
0.920619308744957
0.921163716296508
0.923730187543246
0.927940842886931
0.932747468832635
0.936197794552129
0.936295966131137
0.933609212765244
0.932014684398861
0.932397105147189
0.93952193309761
0.965133231574802
0.989653058470697
0.956333192331326
0.927359728425559
0.903675757618289
0.885774053023157
0.87385905087024
0.867956621596315
0.867933212020119
0.873363168116624
0.955548584414802
0.9498207602013
0.945862589083597
0.943893879648044
0.944006709441682
0.946130668613244
0.949896474620473
0.954439370424073
0.958301881540191
0.959936306906239
0.959078489098843
0.957312072390288
0.956760159104927
0.959404016600118
0.969409202888366
0.986969740369772
0.958543211494832
0.931292102703548
0.907366039677026
0.88770959240544
0.872941569045705
0.863468085303786
0.859502277445311
0.861046404065674
0.867753507950772
0.974762240932772
0.969973118933568
0.967172340451737
0.966498973822699
0.967879582507701
0.970995214964966
0.975173787306232
0.979327420088134
0.982158763227106
0.982863888711956
0.981935335392208
0.980971429350035
0.981787527541297
0.986312540042755
0.971726363518824
0.951629651349344
0.929028069328136
0.907200094724466
0.888015384706804
0.872401902269444
0.860955248230677
0.854120452410824
0.85219284483869
0.855260362747516
0.863047368490063
0.984449054613524
0.989009837381706
0.988420336181997
0.988744507406577
0.990928486231206
0.994477518827214
0.998592896170241
0.997722613358415
0.993097921578263
0.986576960574757
0.97921458330001
0.971638093110701
0.963234656875335
0.952575844817168
0.938613007999799
0.921697247647361
0.903557854427201
0.886213671630128
0.871107764670011
0.859088001551198
0.850696654173623
0.846339006173394
0.846305152561148
0.850706041459536
0.859311384013285
0.970934213733709
0.974929948447024
0.978194280107955
0.980593466852171
0.981977798452798
0.982078825715001
0.98052039533055
0.976959592703781
0.971328864161154
0.964003148912043
0.955627443853039
0.946611233218649
0.936767206859056
0.925515985023807
0.912496009491717
0.898065662928929
0.883289161466975
0.86946166824614
0.857654132403667
0.848590889002284
0.842750474348794
0.840476919864532
0.842012602071362
0.847447890760008
0.856571784372209
0.960021522804655
0.963294015984721
0.965735652344023
0.967166312854269
0.967427529287581
0.966310809541297
0.963576895516052
0.959053773947436
0.952767713722821
0.945000768852261
0.936173325931059
0.926597060884657
0.916313492075774
0.905190826124837
0.893213836240172
0.880730201505322
0.868460965848036
0.857288792593076
0.848013010930202
0.841232010280157
0.837357329119254
0.836672435511596
0.839362295281375
0.845478852405396
0.85481477476714
0.951830440940905
0.954305314931451
0.95586974607896
0.956334261384696
0.955564782888102
0.953429532092322
0.949809591919611
0.944652244270731
0.93803172459077
0.930163581063512
0.921337515882302
0.911802038667182
0.901695260075602
0.89109209599412
0.880140136318739
0.869179688632191
0.858756372314653
0.84952072961697
0.842090581225488
0.836959333295571
0.834476999832052
0.834874923965842
0.838287127758418
0.844728063678959
0.85399060695558
0.946445582808845
0.948156603805414
0.948908378681976
0.948526664821868
0.946916099870242
0.944015994151391
0.939797924632899
0.934285677055476
0.927576377965676
0.91983921005061
0.911281358234263
0.902099539989046
0.892456273223141
0.882507613498486
0.872468940428429
0.862672256469516
0.853571168044947
0.845685583940717
0.839517574855967
0.835482419106066
0.833879776352017
0.834899521593081
0.838636006323229
0.845076449901763
0.85402005193658
0.943928781681353
0.945019378867929
0.945129937208082
0.944115264749981
0.941917197554303
0.938526428755994
0.933971116650891
0.92831685768816
0.921667871689368
0.914160979968363
0.905950651138159
0.89719381037935
0.888048844809888
0.878696643259964
0.86937521167819
0.860405948886751
0.852190563257292
0.845173381675398
0.839783541362252
0.836381542531732
0.835228927553382
0.836483934431884
0.840210113857046
0.846376590527679
0.854804357965632
0.944295979457333
0.944981409364828
0.944694832053332
0.943319655858517
0.9408186212961
0.937206672911765
0.932535638770582
0.926885158056529
0.920355789613608
0.913062666939525
0.905130524822777
0.896693666818285
0.887904773046773
0.878952594992797
0.870081966202788
0.861604674665751
0.85389092022897
0.847338923513882
0.842330670136744
0.839188512624838
0.838145939904763
0.83933758364149
0.842801313855759
0.848486404498311
0.85623870010267
0.947386451654959
0.947912252333309
0.947509731922808
0.946065914490121
0.943542754382642
0.939952142024528
0.935341866906963
0.92978459304662
0.923369928360995
0.916199814851848
0.908388275305461
0.900066557792916
0.891393653543796
0.882569802620681
0.873847832138262
0.86553567719301
0.857984799360523
0.851563713903918
0.846621810863703
0.843453035216341
0.842269089458762
0.843186513198423
0.846225413872444
0.851307312808113
0.858272679626642
