0.894446971084013
0.893561317083091
0.89270970080633
0.891936773598304
0.891371860426499
0.891182792016597
0.891550058742359
0.892644466269226
0.894609481193699
0.897548850248958
0.901520515797721
0.906536509794319
0.91256683725518
0.919544388594627
0.927368569089862
0.935907198477008
0.944998087419504
0.954452568923371
0.964062967764005
0.973614817520002
0.982902968303697
0.991748736823213
0.99958292902425
0.992299081668884
0.985734913194259
0.887621741961443
0.886228787267798
0.884896355498435
0.883689843174838
0.882773398399756
0.882356915260987
0.882660038879997
0.883886258862551
0.886202022926442
0.889721203437637
0.894496416776232
0.900518487219129
0.907722936897063
0.915999699286849
0.925201741822225
0.935150433697923
0.945638445400426
0.956432894254833
0.967281945576108
0.977927324482082
0.988123146058596
0.99765834639376
0.993289101234546
0.98589343112419
0.979424691936133
0.882374667403163
0.88053226995408
0.878747105299005
0.877116837305271
0.875835416714562
0.875141688760842
0.875282571451229
0.876487593052021
0.878948912769255
0.882803896584829
0.888121286716549
0.894895133832103
0.903049000146655
0.912447399403773
0.9229080109324
0.934210183402587
0.946099488608332
0.958290923774287
0.970474795277183
0.982329817041093
0.993546066615551
0.995388826782674
0.98672070312228
0.979270786999747
0.972974826026135
0.878832758358907
0.876592752689808
0.874382557087233
0.872333281915352
0.870667304988537
0.869643389895223
0.869523772873817
0.870555253358704
0.872955952167642
0.876898877962194
0.882490361872164
0.889752251053202
0.89861867912373
0.908946992118256
0.920532326517966
0.933118013369197
0.946401543966723
0.960038452062419
0.973647560135153
0.986824393783241
0.999169523340193
0.9888805914393
0.97990997655846
0.972463240909126
0.966411424654865
0.877051484832997
0.874437509347059
0.871812931248074
0.869340067600039
0.867267695444017
0.865867388350744
0.865404273318478
0.866129599135391
0.868282387903694
0.872080203459865
0.877687579189164
0.885177737742093
0.894516728921143
0.905574768869945
0.918142310117325
0.931937126906578
0.946608688195733
0.961744265683145
0.976875102818193
0.991490290754844
0.99327368938656
0.982043066843188
0.972812684329884
0.9654449170629
0.959745941656143
0.877048499042972
0.874055488030812
0.871006425683975
0.868095479819247
0.865596824926661
0.863789502585094
0.862928365746917
0.863249931677449
0.864999559687119
0.868442435285439
0.87382114997636
0.881281533146445
0.890838801588001
0.90240064053241
0.915785551379186
0.930708575017851
0.946772300565591
0.963480441448418
0.980252167900345
0.996438899814185
0.98663417733097
0.974790495880919
0.965367574240169
0.958179962973327
0.952970174814236
0.878821384231662
0.875420030909029
0.871919454626854
0.868548170840059
0.865607264545728
0.863382206679813
0.86210670985928
0.861976702753213
0.86321381074661
0.866123194533452
0.871046425444382
0.878218104973823
0.8877050079558
0.899483878480593
0.91347055489696
0.929429570412692
0.946915982366669
0.965315464142769
0.983890640844778
0.994798900347466
0.979453123374364
0.967054349157135
0.957528406746066
0.950640376562882
0.946074754886053
0.882357328800119
0.878503492186577
0.874516526850514
0.870660184781959
0.867265116568691
0.864629169603052
0.862964088265126
0.862398912112353
0.86307873487532
0.865318334531664
0.86958723356199
0.876219093457273
0.885288784410883
0.896878373873397
0.911154120550821
0.928048001683544
0.947050993279088
0.967346206845404
0.987954690100668
0.98802202216192
0.971678051138745
0.95881025313898
0.949285607816996
0.942823635355502
0.939061994881226
0.887638781943178
0.883289361879774
0.878790115920487
0.874434181918044
0.870580000900367
0.867548567185328
0.865548551569039
0.86463674407585
0.864807315485809
0.866297936423115
0.869757121703967
0.875642259975168
0.883869467024031
0.894650298783185
0.908731248666621
0.926477848737325
0.947236382273349
0.969780980364338
0.992735382253592
0.980565060654693
0.96332167773018
0.950092886091093
0.940678280954693
0.934763939107369
0.931956141179226
0.894646133223668
0.889782803914558
0.884781912406974
0.879949605622984
0.875657083560405
0.872250106805328
0.869968107047289
0.868848047670068
0.868690775086231
0.869440957744647
0.871978463321113
0.87703789848638
0.88391031731727
0.892931883790535
0.906033960317728
0.924662776255352
0.947723522252779
0.973092683848737
0.995058904193347
0.972456816193641
0.954459206077511
0.940991083994603
0.931793259567841
0.92653628706728
0.924809342890693
0.903356367620772
0.898014791573571
0.892595828574414
0.887394734313361
0.882764235287672
0.879046725839473
0.876515171433224
0.875279792474685
0.875104386508746
0.875348936590871
0.876824518277302
0.881221774718183
0.886094741531757
0.892135045070329
0.902880280946375
0.92278683891448
0.949265957703404
0.978235569110058
0.987497382952011
0.963740411350861
0.945180899763725
0.931616350850547
0.922750247899925
0.918252846167736
0.917703279611638
0.913734483458759
0.908030029812362
0.90238110685744
0.897053254924907
0.892349907141294
0.888562440174314
0.885928762935864
0.884587938424505
0.884496626750271
0.885002848035479
0.88553484080747
0.889108456210222
0.891252703780347
0.893690834504424
0.899582167616673
0.922004643069809
0.953699315915624
0.98674417186922
0.978824870320374
0.954326836018829
0.935502308152514
0.922057180582899
0.913681543047284
0.910054543602502
0.91074642486416
0.925713882610168
0.919849274753021
0.91426411991646
0.909193062047923
0.904885900184817
0.901571816311555
0.899417592322244
0.898481973102851
0.89868778133567
0.899970387739906
0.927701298745839
0.964501295297197
0.998884095019986
0.968288575966486
0.943859535994286
0.925315758060455
0.912364071577196
0.904724528839384
0.902102931036295
0.904067473378005
0.939164789586666
0.933407781871456
0.928235922409886
0.923864577958898
0.920505145339207
0.918348681113559
0.917530413195421
0.918088847140047
0.919921610631784
0.922521257985832
0.923431268314507
0.920081114426642
0.918781840636807
0.918137815566746
0.919784517431991
0.946469151769818
0.982034967917617
0.983614928291451
0.954963148199183
0.931927651319323
0.914516397773844
0.902609972748049
0.896039051468544
0.894575059075948
0.897805654102294
0.953856172371333
0.948489582443996
0.944047261125678
0.94072899823327
0.938701722202084
0.938091798448655
0.938927732599219
0.941026248427996
0.943764759960664
0.945760489463957
0.945195467528735
0.942332504914026
0.940623902994072
0.940876463980944
0.947213258182809
0.969443606469347
0.992834516006443
0.96398399265092
0.939005641820631
0.918646566913452
0.903265105874655
0.892994824669737
0.887834456085962
0.887657747288624
0.892098797447183
0.969423234481676
0.964686824641394
0.961174527649538
0.959055615713132
0.958415180261766
0.959239458570126
0.96132517753438
0.964132064730603
0.966654735235532
0.967647094155955
0.966617996068309
0.964705719482355
0.963885054901308
0.966018105555602
0.974645659690014
0.991321974692806
0.96657228141074
0.942774144385674
0.92193603964741
0.904885046886868
0.892103940754145
0.883885895539784
0.880371022940446
0.881534612536838
0.887070558360462
0.985354315373012
0.98140300170523
0.978873388216496
0.977883153433091
0.97840471299276
0.980250693486303
0.982994356357665
0.985899653849698
0.988008494363789
0.988590085625128
0.987812831279408
0.986859661981821
0.987345275641879
0.990864984427669
0.978663377794719
0.961380984737011
0.941646199162743
0.922449574153179
0.905556304854228
0.891830795740344
0.881777317280895
0.875737518496674
0.873919958059494
0.876364943269313
0.882818994698662
0.984662361827226
0.988038483403558
0.990852092607198
0.9930954597503
0.994751978172616
0.995684702727011
0.995606233358308
0.994163786560898
0.991179742015483
0.986928194191572
0.982037374454957
0.97679206990438
0.970548172198856
0.962052278434985
0.95038598092638
0.935845348572204
0.91997786279067
0.904643948644897
0.891210267349029
0.880484183533841
0.872955166625358
0.868956495651784
0.868704883746193
0.872262058787822
0.879408773323315
0.973375737816413
0.976247456852438
0.978468149036037
0.97997069012258
0.980701854199709
0.980535592968394
0.979266787972025
0.976690869548589
0.972753185303762
0.967657354138654
0.961752619312019
0.955190375433733
0.947679056855185
0.93865850024319
0.92779745561457
0.915419947366725
0.902500484261232
0.89024423014642
0.87966586925934
0.871458861681122
0.866071992865007
0.863807678762466
0.864859435900716
0.869280302010239
0.876868096594521
0.964208944926931
0.966493750915674
0.968052728329646
0.968781977935354
0.968617054956753
0.967466741462961
0.9652123321867
0.961760592432741
0.957121928404855
0.951445969666054
0.944945602127306
0.937735785606269
0.929736299232827
0.92076742630826
0.910793882727019
0.900129995928868
0.889441728835393
0.879552075622247
0.871214858774657
0.865001297934516
0.861305061927926
0.860389890484691
0.862415706256475
0.867413937119353
0.875189806597516
0.957303954626559
0.958976923866017
0.959869132424195
0.959862788500999
0.958900992802889
0.956935378235695
0.953921268569186
0.949843550692434
0.944750514221002
0.938761241720621
0.93202309371944
0.924641062665445
0.916644323849317
0.908040133789917
0.898932339677015
0.889619993728983
0.88060020481238
0.87247226892086
0.865811026521652
0.861082554221333
0.858623824577427
0.85865961951773
0.861316897750378
0.866605111666157
0.874335372734903
0.952760338605139
0.953869553401781
0.954166240962877
0.953534947939401
0.951935083179995
0.949356935851948
0.945810568757934
0.94133188127909
0.93599179784582
0.929893519852312
0.923151407313405
0.915864223734697
0.908109738242686
0.899978336738691
0.891632762078477
0.883355333067716
0.875547156385398
0.868675059757227
0.863195506099889
0.859493524828764
0.857855985945746
0.858472446675268
0.861441557099087
0.866756944653029
0.874240530944956
0.95063736337322
0.951305365352142
0.95114831399245
0.950063970220751
0.948027435647232
0.945055183953338
0.9411903300782
0.936497119625416
0.931057852638844
0.92496702583327
0.918322096371895
0.911217258222263
0.903750107750099
0.896045468679757
0.888287834325558
0.880743684578439
0.873756787813654
0.867713757056098
0.862993669467659
0.859922486893904
0.858746417870546
0.859624763877174
0.86263139545047
0.867749328566998
0.874823607560098
0.950934401456487
0.951332479951231
0.950915220693716
0.949592680491354
0.947344978751274
0.944197635892688
0.940205255329564
0.935441130808772
0.929989461985503
0.923939373656834
0.917381721225316
0.910411501836193
0.903138454360552
0.895704949816961
0.888304836176937
0.881193272349901
0.874679276035702
0.869099855866257
0.864783199519154
0.862013016070384
0.861003772392755
0.861889599125322
0.864720955424751
0.869466322675554
0.875996440925447
0.95349607694205
0.953820719716756
0.953365615999223
0.952034418881754
0.949800497689715
0.946680705409103
0.942721942646941
0.937990550171334
0.932564656603813
0.926529696912196
0.919978128962265
0.913014258040956
0.90576401633088
0.898387397150174
0.89108888950337
0.884120193189814
0.877770991411804
0.872347575384071
0.868143919442032
0.865412749326113
0.864343485485894
0.865049508315606
0.867562979961791
0.871828370873819
0.877715541850039
