0.105955450777918
0.101884217636061
0.0964641726009312
0.0889021851507155
0.0791686291502017
0.0683456649924917
0.0581756254824847
0.0501472961328813
0.0448876741532935
0.0421084917055313
0.0411646967451762
0.0416973375712695
0.0440067785859013
0.0498202281371479
0.0646128261769939
0.0939567145205
0.139891232142008
0.203441635128047
0.285939023396116
0.386382575055561
0.498322840476797
0.608809630927015
0.703333086373658
0.773721205423188
0.820574497159124
0.103378304615162
0.0987593974065708
0.0933296116962792
0.0862838779371262
0.0773409559438783
0.0672248959284654
0.0574621036435557
0.049606475099894
0.0444890171364519
0.0419268334996576
0.0412073173960419
0.0418876203319649
0.0439935162268756
0.0488708763555024
0.0629229908371143
0.0919498672090139
0.138886856514981
0.204915927124113
0.291010901296187
0.395775728566426
0.511987995912488
0.625636709316135
0.721506639076259
0.791623413783182
0.837104909761382
0.101254465720505
0.0962457493270922
0.090918347243541
0.0845036644652646
0.0765133222472372
0.0672676629101494
0.0580028211127694
0.0503153399158699
0.0453136660955091
0.0430199143953528
0.0426739204207148
0.0437124822779516
0.0459022674121462
0.0502273695104206
0.0637720780112508
0.0928488788129662
0.141518511201984
0.21107952449735
0.301794926264746
0.411535814420508
0.532017529957494
0.648191494959846
0.744544676970661
0.813644082057773
0.857364290823914
0.0992729420284506
0.0941281836955494
0.0890790653441246
0.0834393826048241
0.0765838252835523
0.0684343112386068
0.0598452311360287
0.0523865193734013
0.0475132795685963
0.0455957300340356
0.0458532059385151
0.0475449486393625
0.0501646517112967
0.0542699032004893
0.067428497952319
0.0972288974024558
0.148742768360447
0.223221095444701
0.31980659243804
0.435183474687206
0.559693252956895
0.677409465813046
0.773095306686553
0.840272535144795
0.881710196628255
0.0969561265541041
0.0920250800556005
0.0875333564272703
0.0828850793981759
0.0774004512937005
0.0706662545512991
0.0630743741932538
0.0560406109592474
0.0514037360784137
0.0500835643331287
0.05134752406708
0.0541950290485585
0.0577624564620694
0.0619911607640547
0.0748041619535807
0.106250699906911
0.162127517912929
0.243271156684487
0.347130638684087
0.46860544525843
0.596419206120795
0.714189803742155
0.807729067344626
0.871944992566438
0.910495109220378
0.0936093267708993
0.0893516741955579
0.0858192247670207
0.0824953780277003
0.0787173843322631
0.0738487383414728
0.0677883930062037
0.0616087060595885
0.0575012847904039
0.0572332754276205
0.0602888111030964
0.0652723630869617
0.0707152575096962
0.0755226104933667
0.0879328587733713
0.122114740080491
0.184297161201902
0.274178863284684
0.386619489669116
0.514037596513997
0.643587049104922
0.759282718741666
0.848904887427468
0.90905132437918
0.944077677288209
0.0884233097450979
0.0853024528331741
0.0832131646187639
0.0816809796376965
0.080093629272283
0.0777214600603638
0.0740319808026531
0.0695409726634619
0.066625930756197
0.0683333694246452
0.074766307018338
0.083912597071344
0.0930861040955609
0.0992085947513325
0.110874928926545
0.148833798658863
0.219599805425873
0.320310708691128
0.44187882236433
0.573741371109587
0.70222775728715
0.813095725647031
0.896905703761742
0.951919414038142
0.982799064641222
0.0809305125365925
0.0791215004216661
0.0787964687528201
0.079518258175211
0.080729842237363
0.0817047513715034
0.0816328448769571
0.0803456526614178
0.0800530343504225
0.0856657889515387
0.0988013573656051
0.116357330838419
0.132965080335509
0.141509972242694
0.15119378077593
0.193351167995594
0.274825665756044
0.387420949667842
0.516517566717721
0.649079132036615
0.772411902252569
0.87546071594458
0.951776697661805
0.99183007850348
0.955055173833302
0.0717834583459039
0.0708586139003195
0.0720187525629696
0.0749885500177898
0.0793918777221833
0.084643027124611
0.0898767114720333
0.094342052614498
0.0996403369394865
0.113334094860992
0.140423435007782
0.174661249904176
0.204205837341856
0.215658357854651
0.220485440945491
0.265805852143389
0.358540816226509
0.480671461639933
0.611772790561401
0.738929208813036
0.852658619266204
0.945540464380125
0.98245262343566
0.933058930179679
0.903845450572473
0.0632518457096793
0.0622698749221917
0.0638880351331052
0.0681304783587871
0.0751170409850298
0.0848784790774361
0.0971027692261225
0.111085314438724
0.127779165584825
0.158750059039572
0.215638550311802
0.276580967660476
0.316271436066197
0.326657074925817
0.325471093218324
0.373419056669345
0.474912851690331
0.598739064138795
0.723030442505857
0.838796222662284
0.940204404593703
0.973634245989635
0.911625184607053
0.872190029923405
0.851830830918308
0.0588664756630164
0.0569046923397224
0.0578220968966965
0.0618235859886289
0.0696296868966406
0.0823929854007913
0.10168803302242
0.12916503944452
0.167358874728779
0.235221998930381
0.354226614146631
0.432368747787752
0.457266978342281
0.461663258404855
0.458215107196571
0.511034284772935
0.615493992846041
0.730816245165205
0.841693841150698
0.94382321613202
0.955896888390522
0.885693494072786
0.838562128250155
0.811186152068737
0.800362693449866
0.0627648266003067
0.0594686239851875
0.0592106509153103
0.0622282770669013
0.0696963792134338
0.0838545955280642
0.108989709180091
0.153073889156947
0.229897109681365
0.374192371132476
0.611191116473738
0.657564638398691
0.661985562312423
0.663779620156412
0.655887730442572
0.700104903734843
0.784105611498136
0.87617758794949
0.968137465148849
0.909767921929888
0.84431121185651
0.79719315367545
0.767037108370551
0.752297882499947
0.750884601011475
0.0796222730383479
0.075422602312228
0.074725933080578
0.0780374852419535
0.0870292365333925
0.105255240431632
0.140756016129732
0.212466478270178
0.359474392609173
0.634454364380031
0.954732648854935
0.909110722108339
0.865623853237257
0.819794454396354
0.77681133906534
0.741132963197511
0.715452890641608
0.700992489755797
0.697796388381414
0.704832511025739
0.11437402662168
0.110514618212896
0.111343731445831
0.118311636601669
0.134479374019954
0.166364778267134
0.228384754696389
0.349936464328831
0.558123920895843
0.824083420293261
0.836460902182112
0.802640293217642
0.791469508101295
0.789982965907465
0.792448159756067
0.768723535475365
0.738213844292301
0.714672236182168
0.693186239144788
0.672965688119118
0.656419502446159
0.646109941163506
0.643674558022365
0.649654460442209
0.663514881879894
0.171655958610232
0.171220098900437
0.177807317106333
0.194306362581831
0.226120061416775
0.283631630250168
0.384786240709628
0.544398538117646
0.726527060540207
0.902337365074181
0.850106192719072
0.775746518622547
0.748214558433797
0.733548278379476
0.720093076368183
0.695022692825005
0.664080694312619
0.636129683936621
0.615746047038574
0.601822421772671
0.593705493257783
0.591908145924661
0.597059467469962
0.609288069858123
0.627995817379261
0.254404102762162
0.260892722075665
0.277604341048159
0.308787592313886
0.361096229908024
0.443481299316683
0.560889929189643
0.696068210201721
0.816571148333406
0.93513013318608
0.876926282643434
0.798104522917401
0.753869561823602
0.721775069742968
0.690960761629706
0.657977450587845
0.62506348411838
0.595225373519534
0.572185933101177
0.557669011640224
0.551403246550015
0.552893073351126
0.561752552441442
0.577434887478109
0.599004679891554
0.359630431488613
0.37469410253079
0.402009929630535
0.445307726213253
0.508355746323683
0.592023208791683
0.68866240281769
0.782486710487791
0.86770036567171
0.957927578858597
0.893428845974671
0.819372435251642
0.766243813124217
0.722179796076152
0.680842519978186
0.641144630791964
0.60470195272428
0.573224457465275
0.548566883236272
0.532469950758797
0.525522220745242
0.527371269554321
0.537255133939547
0.554177906442151
0.576889375527054
0.474623929548195
0.496069596982473
0.528788496487186
0.574272590486167
0.632387517544178
0.699825517874981
0.770151933443475
0.838289846427123
0.906242944552168
0.981344587941882
0.897242670370356
0.82845756432346
0.772263768323077
0.722858504809964
0.676901683753364
0.633967332749414
0.595351723028914
0.562601202596964
0.537055742103478
0.51992122109413
0.51191195879358
0.512970331037488
0.522396476442552
0.539078194920031
0.561623489524445
0.582045907892699
0.605223637663711
0.636722333488973
0.676462288031855
0.723154341345776
0.774350078605083
0.827568966463548
0.882234399631658
0.940596143878421
0.963604132373035
0.890519678942271
0.827159534757004
0.771578567207272
0.721176970221584
0.674358414148966
0.631038317252867
0.592246776168614
0.559375027177775
0.533673905117292
0.516129864563766
0.507357485930626
0.507416252338951
0.515762081649236
0.531367194169235
0.552868736705676
0.670850175833497
0.69234021714786
0.719515160709771
0.752025172270584
0.789059451587812
0.829649947399191
0.873262284602791
0.920355687454061
0.972412077759922
0.941261869023453
0.87787104354158
0.81995145215075
0.766994787065803
0.71803625724952
0.672496319216871
0.630556748702537
0.593076364933804
0.561236585210065
0.536183012751252
0.518818467263252
0.50969182791466
0.508894480595386
0.51600568390419
0.5301449043127
0.550079576913097
0.73993075444885
0.758755152194806
0.781738072895618
0.808740031588083
0.839504283591896
0.873836480375535
0.911831211496422
0.954020192875864
0.977396560155057
0.919256392569549
0.863400681933992
0.810696137146295
0.761280544489986
0.715014026503299
0.671899262831419
0.632315412627843
0.597025593818075
0.567015561279143
0.543273848892359
0.526606461146873
0.517509914434735
0.516085752439874
0.522003919616297
0.534535374876928
0.5526210199139
0.793340388089198
0.809844304576295
0.829764699573815
0.85315074741038
0.880028806397412
0.910487454993142
0.944761564931379
0.983274461991377
0.950334568058291
0.899530356660517
0.849806607374817
0.80194702835872
0.756379866735873
0.713377924809968
0.673264016924259
0.636540809518701
0.603910383069905
0.57619708972095
0.554217705800018
0.538645790519734
0.529899665387998
0.528068303827677
0.53288856232801
0.543776484182008
0.559865877907085
0.835473151511264
0.850254432130322
0.868083416702685
0.889085166321954
0.913386119306163
0.941149970135002
0.972607722725098
0.97257861172643
0.928056020175657
0.883049442847015
0.838484631716836
0.795082721993567
0.753396147935657
0.713895702859099
0.677065664263285
0.643466688733632
0.613744757640127
0.588587348024658
0.568644443394049
0.554437532862735
0.546277896662379
0.54421328904165
0.548020423585263
0.557248739325734
0.571251572032046
0.869341000261066
0.882871783261426
0.899214257433287
0.91853867889129
0.94099093903389
0.966724174034481
0.987994974464761
0.949793402812719
0.910184264208359
0.869978689518068
0.82992414503175
0.790683907015493
0.752848264808742
0.716967589741724
0.683588895608587
0.653277336784624
0.626611541231892
0.604152216272222
0.586391992532521
0.573698780421099
0.566265889338697
0.564083177329904
0.56693992035054
0.57448292125182
0.586285583700817
0.896443047534802
0.909111562619873
0.924593981131174
0.942883724356179
0.96406398859502
0.988250151490941
0.965870052972487
0.931621572619318
0.896177427758797
0.860178269374518
0.824254118787575
0.789011038474563
0.755028928989421
0.722866543616323
0.693066550310889
0.666153341761401
0.642619361542837
0.622900399361604
0.607344495938197
0.596181476058504
0.589500666280978
0.587242890948408
0.589211297635095
0.595096647506536
0.604587388231462
