0.97055378165166
0.966460140967218
0.963211943586499
0.961065787149818
0.960147568368575
0.960461000203163
0.96189008101981
0.964200235781002
0.967044322962018
0.969984768875007
0.972545342302356
0.974291174404073
0.974911518157099
0.974291174404075
0.972545342302358
0.969984768875007
0.967044322962016
0.964200235780999
0.961890081019805
0.96046100020316
0.960147568368577
0.961065787149818
0.963211943586506
0.966460140967227
0.970553781651661
0.96997084746149
0.965957884141216
0.962884572028305
0.960995579789419
0.96040970097618
0.961127319552935
0.963028890691743
0.965870080244097
0.969278384715737
0.972763796830099
0.975772118891719
0.977803450829981
0.978521185388556
0.977803450829981
0.975772118891718
0.972763796830099
0.969278384715741
0.9658700802441
0.963028890691747
0.961127319552932
0.960409700976177
0.96099557978942
0.962884572028296
0.965957884141212
0.96997084746149
0.969532744608931
0.965722974161374
0.962946823243174
0.961440558884813
0.961321620618546
0.962593869468005
0.965143510803157
0.968730343796429
0.972975154061673
0.977346761806988
0.981172015387072
0.983776068899604
0.984701356002491
0.983776068899606
0.981172015387075
0.977346761806989
0.972975154061669
0.968730343796427
0.965143510803157
0.962593869468007
0.961321620618548
0.961440558884815
0.962946823243171
0.965722974161365
0.969532744608926
0.969243355987569
0.965704212872229
0.96327608178815
0.962194175022072
0.962579308238371
0.964441994509578
0.967679038391038
0.972066260012376
0.977247820722408
0.982721511124971
0.987802015738186
0.991552678939521
0.99297828786394
0.991552678939512
0.98780201573818
0.982721511124976
0.977247820722406
0.972066260012375
0.967679038391039
0.964441994509575
0.962579308238364
0.962194175022072
0.963276081788161
0.965704212872239
0.969243355987566
0.969087456181296
0.965829174575831
0.963731967870951
0.963036474777497
0.963865948403871
0.966231199663355
0.970029227922243
0.975037441181259
0.980904732784995
0.98714488638019
0.993139456621278
0.997994971631237
0.997994971631248
0.993139456621285
0.987144886380191
0.980904732784993
0.975037441181255
0.970029227922244
0.966231199663356
0.963865948403872
0.963036474777498
0.963731967870943
0.965829174575834
0.969087456181303
0.969044804481829
0.966041817087082
0.964222609371564
0.963834800006114
0.964997094222514
0.967706932893909
0.971840375932437
0.977143509381813
0.983212936404681
0.989456515627541
0.995012086209921
0.998750284381678
0.998750284381674
0.99501208620992
0.989456515627544
0.983212936404686
0.977143509381812
0.97184037593244
0.967706932893915
0.964997094222516
0.963834800006117
0.964222609371567
0.966041817087079
0.969044804481828
0.969105318330676
0.966332238209747
0.96474952618578
0.964607173236565
0.966010443160039
0.96893146322011
0.973210111337342
0.978544113083085
0.9844714709993
0.990355437793138
0.995403068534904
0.9988023368911
0.998802336891098
0.995403068534902
0.990355437793139
0.984471470999306
0.978544113083085
0.973210111337342
0.968931463220109
0.966010443160038
0.964607173236565
0.964749526185776
0.966332238209749
0.969105318330676
0.969044832166574
0.966042069025891
0.964223328338807
0.963836241219312
0.964999451341791
0.967710220432047
0.971844303836106
0.977147413279359
0.983215902447719
0.989457911574154
0.995012322867352
0.998750288882061
0.998750288882065
0.995012322867354
0.989457911574149
0.983215902447717
0.977147413279359
0.971844303836103
0.967710220432051
0.964999451341792
0.963836241219313
0.96422332833881
0.966042069025885
0.969044832166568
0.969087580382219
0.965830332414163
0.963735361750637
0.963043441494991
0.963877677731449
0.966248289197013
0.970051166679361
0.975062149964538
0.980928424960663
0.987162749466799
0.993147871294836
0.997996022386904
0.9979960223869
0.993147871294831
0.987162749466799
0.980928424960662
0.975062149964536
0.970051166679363
0.966248289197014
0.963877677731438
0.96304344149499
0.963735361750631
0.965830332414163
0.969087580382228
0.969243673498148
0.965707256703591
0.963285275774842
0.962213532608497
0.962612873270679
0.964493013833836
0.96774900362446
0.972153967196521
0.977348729002744
0.982828021105376
0.987906087587218
0.991651841958735
0.993075532292161
0.991651841958731
0.987906087587213
0.982828021105372
0.977348729002738
0.972153967196519
0.967749003624458
0.964493013833832
0.962612873270677
0.962213532608499
0.963285275774849
0.965707256703603
0.969243673498146
0.969533359850956
0.965729017974137
0.96296554474271
0.961480769562475
0.961392854229124
0.962705317570048
0.965302911424299
0.96894302531119
0.973243604214026
0.977671347755318
0.98155266347185
0.984207490152829
0.985155581143062
0.984207490152826
0.981552663471853
0.977671347755321
0.973243604214029
0.968943025311189
0.965302911424297
0.962705317570052
0.961392854229127
0.961480769562477
0.962965544742713
0.96572901797413
0.969533359850953
0.969971815522174
0.965967569839803
0.962915125969017
0.961062075557971
0.96052898817732
0.961316822610426
0.963305474844776
0.966249054182707
0.969772605698111
0.97338221395144
0.976514749655789
0.978647385198696
0.979405956601696
0.978647385198705
0.976514749655794
0.973382213951438
0.96977260569811
0.966249054182708
0.963305474844779
0.96131682261042
0.960528988177315
0.961062075557972
0.962915125969015
0.965967569839801
0.969971815522177
0.970555050710851
0.96647299848074
0.963252993961201
0.961155826674588
0.960310068925824
0.960720687549546
0.962271550824439
0.964726344037966
0.967733722622047
0.970847174822188
0.973572273251702
0.97544263749397
0.976110409398487
0.975442637493962
0.973572273251699
0.970847174822192
0.967733722622048
0.964726344037963
0.962271550824438
0.960720687549551
0.960310068925829
0.961155826674594
0.963252993961209
0.966472998480748
0.970555050710853
0.971254048785827
0.96724887937736
0.964029458259462
0.961866457144289
0.960897953149285
0.961136154717536
0.962472362238943
0.964681578897049
0.96743138330845
0.970302752105601
0.972831174177842
0.974572908736793
0.975195421357767
0.974572908736793
0.972831174177842
0.970302752105599
0.967431383308453
0.964681578897052
0.962472362238948
0.961136154717537
0.960897953149281
0.961866457144292
0.964029458259455
0.967248879377351
0.971254048785823
0.972018485273562
0.968249148978072
0.965213178942052
0.963182321242003
0.962300393681974
0.962585053094977
0.963932672837454
0.966124231869312
0.968835324959172
0.971656945566217
0.974135464494048
0.975838762781878
0.976446452826422
0.975838762781883
0.974135464494053
0.971656945566219
0.968835324959172
0.966124231869311
0.963932672837454
0.962585053094976
0.962300393681975
0.963182321242009
0.965213178942054
0.96824914897808
0.972018485273565
0.972786348861292
0.969391523917262
0.966707522721464
0.964996332042711
0.964400166937898
0.964936756176588
0.966502093389928
0.968875955837422
0.971732239827623
0.974660600468669
0.977208143655023
0.978947520023437
0.979565912327457
0.978947520023436
0.977208143655021
0.974660600468668
0.971732239827621
0.968875955837421
0.966502093389926
0.964936756176588
0.964400166937896
0.964996332042711
0.966707522721462
0.969391523917266
0.97278634886129
0.973494420123783
0.970576766393562
0.968379007154037
0.967143918652433
0.967003810301492
0.967969700695332
0.969930902504121
0.972659166022516
0.97581891914404
0.978990135490556
0.981712502447466
0.983555835465958
0.984208472463197
0.983555835465957
0.981712502447466
0.978990135490557
0.975818919144043
0.97265916602252
0.969930902504125
0.967969700695334
0.967003810301496
0.967143918652438
0.968379007154038
0.970576766393559
0.973494420123778
0.974086223080087
0.971705205581327
0.970083306408748
0.969438012251463
0.969884645170807
0.971421146271727
0.973924319135321
0.97715193391277
0.980752293157803
0.984288007329861
0.987282585801427
0.989293694722028
0.990002925319573
0.989293694722028
0.987282585801429
0.984288007329861
0.980752293157806
0.977151933912773
0.973924319135325
0.971421146271732
0.969884645170808
0.969438012251463
0.970083306408749
0.971705205581333
0.974086223080091
0.974516527650022
0.972686997250783
0.971682199998042
0.971692059750687
0.972810332984617
0.975017213783598
0.978172534807288
0.982015299719291
0.986171757344918
0.99017931274462
0.993535279421904
0.99577402262707
0.996561042144986
0.995774022627072
0.993535279421905
0.99017931274462
0.986171757344919
0.982015299719291
0.978172534807285
0.975017213783597
0.972810332984615
0.971692059750689
0.971682199998041
0.972686997250781
0.974516527650017
0.974516498919873
0.972686700786064
0.971681236504129
0.971689925131032
0.972806470287203
0.975011065987307
0.978163601254508
0.982003203625514
0.986156328457181
0.99016067802864
0.993513936368437
0.995750852726463
0.996537225402033
0.995750852726463
0.993513936368434
0.990160678028639
0.986156328457181
0.982003203625514
0.978163601254507
0.975011065987309
0.972806470287201
0.971689925131028
0.971681236504124
0.972686700786063
0.974516498919873
0.974085977797289
0.971702676026879
0.970075091559042
0.969419824625112
0.969851747157664
0.971368788754484
0.973848210788944
0.97704880912683
0.98062062045848
0.984128785927515
0.987100014154714
0.989095329342864
0.989798958927664
0.989095329342863
0.987100014154717
0.984128785927516
0.980620620458482
0.97704880912683
0.973848210788942
0.971368788754483
0.969851747157662
0.969419824625117
0.970075091559043
0.971702676026879
0.97408597779729
0.973493808940307
0.970570468574549
0.968358574563995
0.967098712342522
0.966922046380529
0.967839484916749
0.969741343772652
0.972401759848219
0.97548934404129
0.978590381065196
0.981252798884788
0.983055318503058
0.983693427386941
0.983055318503062
0.981252798884788
0.978590381065189
0.97548934404129
0.972401759848224
0.96974134377265
0.967839484916751
0.966922046380529
0.96709871234252
0.968358574563995
0.970570468574549
0.973493808940302
0.972785339607738
0.96938113930081
0.966673882037983
0.964921965149919
0.964265633807016
0.964722215300578
0.96618900110792
0.968449255916566
0.971183382285853
0.973991417872963
0.976434792443525
0.978102436525428
0.978695124142459
0.978102436525424
0.976434792443523
0.97399141787296
0.971183382285844
0.968449255916561
0.966189001107918
0.964722215300576
0.964265633807021
0.964921965149919
0.966673882037978
0.969381139300809
0.972785339607737
0.972017178520488
0.968235739315051
0.965169851008071
0.963086660566476
0.962127301301767
0.962308553117602
0.963527864675309
0.965569890971
0.968117763891959
0.970775551315787
0.973109266369339
0.974710992568214
0.975281880362861
0.974710992568214
0.973109266369338
0.970775551315788
0.968117763891962
0.965569890970997
0.963527864675309
0.962308553117596
0.96212730130176
0.963086660566475
0.965169851008076
0.968235739315057
0.97201717852049
0.971252646470027
0.967234557703158
0.963983389574991
0.961764976603651
0.960714400329848
0.960842574910436
0.962041285249452
0.964088375435388
0.966658003860215
0.969343902306145
0.971703312224889
0.973322967834868
0.973900428585292
0.973322967834865
0.971703312224889
0.969343902306144
0.966658003860215
0.964088375435389
0.962041285249451
0.960842574910443
0.960714400329854
0.961764976603652
0.963983389574987
0.967234557703153
0.971252646470026
