0.760083055646246
0.758210272740987
0.756471485738699
0.755080762271684
0.754433188810016
0.754965987316835
0.757088415739975
0.761118673664722
0.767239374885422
0.775481997707467
0.785747918061014
0.797855413410046
0.81158902997655
0.826731492867688
0.843072784823555
0.860402461689329
0.878494832772096
0.897095537666367
0.915916008193871
0.934640233425648
0.952945211281975
0.970532031831164
0.987157134984715
0.996664023175867
0.983310646791952
0.748394097838262
0.745456005715438
0.74274714914733
0.740530337986913
0.73928788919395
0.739555994218262
0.741824489737418
0.746466416888575
0.753687173739471
0.76350398180566
0.77576486581535
0.790201617736308
0.806492962434064
0.824312670808181
0.843352115753279
0.863320859947411
0.883933334750378
0.904889197272637
0.925855830213545
0.946463376197337
0.966321100005178
0.985055763449945
0.995995494441728
0.981774018587659
0.969105592170383
0.739430743547815
0.735546557996212
0.731955485863166
0.729009327109666
0.727270188850217
0.727345385359011
0.729768630211645
0.734927621930617
0.743024882172265
0.754067741368194
0.767886702421112
0.784181712823763
0.802582146846847
0.822697450683905
0.844146337510956
0.866567206832595
0.889613789719408
0.91293527218482
0.936145160167833
0.958796820344209
0.980389459421051
0.996108423453567
0.980203307142566
0.966486907860179
0.954701023517953
0.73324519037415
0.728513681676898
0.724103599340291
0.720480601879372
0.718300465716787
0.71823494728484
0.720836844200231
0.726467118201438
0.735284431651839
0.747270004529285
0.762256649386583
0.779959578813409
0.800015655493437
0.822019989422553
0.845549844680342
0.870183425216793
0.895515411093514
0.921148373580124
0.946645382215772
0.971470463885897
0.994971334209134
0.979765339273277
0.964018314325091
0.950982493325504
0.940227041672454
0.729823135139936
0.724273414095625
0.719055418230577
0.714754214402908
0.712140535927731
0.711965524501246
0.714794162153752
0.720920558515821
0.73039848121381
0.743138507091369
0.758975409084893
0.77767807263891
0.798947630197875
0.822422311856591
0.847678336552758
0.874247803355432
0.901668466052686
0.929508370829814
0.957299100812613
0.984413745433246
0.98221295747531
0.962919617462613
0.947504054356028
0.935335257617487
0.925827680838351
0.729124065580328
0.722723642819376
0.716653815789147
0.711621648524472
0.708535958418521
0.708260654098754
0.711390376330884
0.718120545336261
0.728315141164549
0.741729216711766
0.758172335915242
0.777495422361454
0.799519327345884
0.823997157873661
0.850569640208776
0.878749809994096
0.908020086480702
0.937932621422573
0.968020100258357
0.989735690810424
0.965052336066085
0.945586336107771
0.930704233662101
0.91961577059839
0.911601691205462
0.731105991488994
0.723781170731948
0.716781464486697
0.710932459534847
0.707299434783255
0.706905300242191
0.710424795989192
0.717949584667126
0.729048638915158
0.743177452650962
0.760053574581972
0.779623955104444
0.801872015832973
0.826760925347696
0.854125395315077
0.883524310525524
0.914380559645545
0.946246929795668
0.978691753332183
0.972816650161057
0.947276420916376
0.927848096673001
0.913706858410432
0.903907484765671
0.897631637712726
0.73573910807325
0.727407361337295
0.719406407248595
0.712662598606723
0.708396810587519
0.707834077163519
0.711816335346622
0.720388259600882
0.732723830754586
0.747748206443905
0.764955544225821
0.784384342512952
0.806174837716998
0.830628662296789
0.858055090356253
0.88821376781318
0.920433163935409
0.954253646736155
0.989018609178279
0.955300031941491
0.929110890392639
0.909918260611935
0.896680739807933
0.888329934504848
0.883999811055563
0.743014356569788
0.733629205520945
0.724624001914106
0.716986741168942
0.712055196177526
0.711263382222197
0.715722624631856
0.725593166772012
0.739640097613702
0.755910920216582
0.773418677411763
0.792284537490317
0.812666591585243
0.83538163435495
0.861813631772423
0.892269900113953
0.925839730544305
0.961939615913652
0.972924731997393
0.937653331647848
0.911013381928925
0.892166121960027
0.879883700530853
0.873045394933846
0.870799332809845
0.75294986946443
0.742555199303994
0.732687180586347
0.724337904990689
0.718876785477036
0.717874979298938
0.722753171215497
0.734047892420424
0.750370732297193
0.768472654308638
0.786294683121991
0.80410887450937
0.821677024233955
0.840650295228372
0.86455743816256
0.895049507760201
0.930527213442753
0.969896618753297
0.957215628019652
0.920655107880774
0.893645592756206
0.875070815282345
0.863629444532142
0.858247817835079
0.858137271298362
0.765596961512301
0.754378741397966
0.74400210254845
0.735406116123418
0.729883389175355
0.728985292870914
0.734304158866191
0.746896048674563
0.765907553358792
0.786822257890609
0.804903268694335
0.820868467195381
0.833455285893629
0.846127629563095
0.865232053355349
0.896159182449751
0.935365863530434
0.980009928102902
0.942891674274258
0.905201384684911
0.877662443703644
0.859068777989988
0.848207311670644
0.844134872466195
0.846132184023992
0.781045958522765
0.769360516042438
0.75906330463794
0.751010682905532
0.746344162550278
0.746442361732059
0.752785825991106
0.766612853763809
0.788018008889605
0.813107872440209
0.831429130544542
0.842580759089954
0.847819800463923
0.852839034239277
0.863375967721653
0.89668273189703
0.943711036199195
0.980688123415812
0.930543977236595
0.89166097932385
0.86327349513183
0.84431688251609
0.833780938126332
0.830875695662067
0.83490854928849
0.799429386239998
0.787785983144475
0.778323021657073
0.771819472290287
0.769256811919502
0.771793604693974
0.780630167201447
0.796686377269808
0.819945748619363
0.847718370739375
0.905616523887144
0.962978323161978
0.969489691354916
0.918626793067663
0.878914696491973
0.849798510027727
0.830522144703195
0.820335737277888
0.818595699534396
0.824591230048984
0.820913039752904
0.809900926274854
0.802029153690148
0.798005698067945
0.798639568266443
0.804809217107595
0.817243068094925
0.835986355749161
0.859263182747005
0.881438507281598
0.893240085863573
0.890524208105219
0.889457590158075
0.888751713665269
0.890191388799327
0.932835717374938
0.992113367855423
0.950663087620571
0.902694928051025
0.86429751551865
0.835807436165436
0.817074752409862
0.807749720389684
0.807394350182833
0.815301663857567
0.845653925198668
0.835827851514708
0.830093014398879
0.829044146569659
0.833199788637573
0.842890423970359
0.857833397157147
0.876304467421197
0.894160329426743
0.905988911680673
0.910647995314045
0.911057431058789
0.911585916409715
0.913108698855044
0.922783056833339
0.960219056717683
0.965598293169862
0.920006999670878
0.879385380012394
0.845672306654129
0.820168158267098
0.803530539717571
0.795974955222802
0.797386138461746
0.807154538730227
0.873697316486596
0.865458476999349
0.862028396614118
0.863793548482653
0.870792190379981
0.882499512018052
0.897318275902953
0.912056948399753
0.922431012749537
0.926171363923694
0.926175931481819
0.926637356578608
0.92901803918446
0.934841064285675
0.950652734999631
0.955299095997661
0.917999961462966
0.882477871357003
0.850589897506002
0.823677330459102
0.803133838926419
0.790074104940448
0.78519424714331
0.788729426857978
0.800251806878628
0.904799836351333
0.898316147559596
0.896944909231108
0.900776636259162
0.909271221734746
0.921041032758466
0.933560509521097
0.943363875121529
0.947540333684812
0.946272678038825
0.943336024527127
0.942682424952049
0.94618979790517
0.95026773785408
0.928406945553492
0.901263681732631
0.87248797900023
0.845313535752205
0.821243731297861
0.801214390144272
0.786280208031907
0.777524292850511
0.775816354301587
0.78161357113934
0.794672498409095
0.938207120737544
0.933399291184734
0.933534036509815
0.93839518806255
0.946963893799939
0.957324793484455
0.966727965659446
0.972292663958527
0.972535320259021
0.968760526161668
0.957886295003399
0.937157766608653
0.918670044072206
0.899994843737995
0.879335857487764
0.856866275091554
0.834310522462922
0.813500676765174
0.79559958499442
0.781358170745083
0.771522721623187
0.766920214713622
0.768319608261775
0.776209609248522
0.790460594071799
0.970369803348729
0.969057572411288
0.970024172311785
0.974930833247604
0.98253209010269
0.99084066365475
0.997438036710032
0.989897309771274
0.971065093538174
0.948148545473429
0.924487956056669
0.902325458218698
0.881990056244482
0.86259034572064
0.843279618756439
0.824059947138287
0.805750923834415
0.789434222435246
0.776001949296444
0.766099048109454
0.760273543621975
0.759082951039881
0.763070962655068
0.772616278964117
0.787615338792804
0.95296201491845
0.9622529854722
0.970499066113105
0.976842015435899
0.980186778448781
0.979211086842145
0.972699969803826
0.960144703712948
0.942272902133244
0.921005525242795
0.898676118699151
0.877030592941859
0.856750186886814
0.837718172948149
0.819648763298601
0.802580701276738
0.786993164699509
0.773614348220554
0.763162622017584
0.756207471190719
0.753173564310073
0.754408394828932
0.760222939275861
0.77082877367548
0.786087196041249
0.940245994225237
0.94757281273429
0.95355320999966
0.957421842045552
0.958336746832134
0.955418089752208
0.947980604337701
0.935872539832151
0.919716261949435
0.900823003546997
0.880753873198158
0.86078965441556
0.841647410718001
0.823564248682405
0.80660267009855
0.790942147546683
0.777003451246183
0.765390365308407
0.756734968036365
0.751556430486195
0.750202088784497
0.752876051073804
0.75970366212161
0.770736963595355
0.785780242908656
0.931890437875545
0.937146514860046
0.940864382944134
0.942452512692516
0.941360487004726
0.937099989672128
0.929364541632325
0.918184713178462
0.904019272649155
0.887692352195169
0.870176851172966
0.852338007801812
0.834782724750799
0.817879607624001
0.801900807236135
0.787178939769293
0.774189279806956
0.763524889711403
0.755791074108713
0.751481117917512
0.750898257833601
0.754159830964912
0.76126532844482
0.772146352943319
0.786560127113698
0.927822157333699
0.931283186213203
0.933139546098812
0.93298144189543
0.930503426691271
0.925493328889411
0.917870926260485
0.907738785953582
0.8954055024266
0.881351051199998
0.866137220654777
0.850305143381392
0.834314653150376
0.818553990179595
0.803404271147002
0.789312915703597
0.776828721567241
0.766573086065663
0.759153722311127
0.755056514381274
0.754566334387069
0.757757736539833
0.764555850837157
0.774812452784235
0.788268842919464
0.928215212456198
0.930404036640115
0.931004912715126
0.929762016627173
0.926531168284152
0.921252084802943
0.913947560766829
0.904728616808974
0.893792819015327
0.881408722573387
0.867888961586228
0.853564657641201
0.838776771695816
0.82389174668865
0.809333730695697
0.795613132713364
0.783328308171638
0.773125464661483
0.765618978254278
0.761295052885761
0.760436847231644
0.76310738950737
0.76919572377979
0.778497756868463
0.790747294987086
0.933111723591619
0.934583157110632
0.93455500094446
0.93286436198522
0.929427768819793
0.924228668251877
0.917306881765502
0.908749274694145
0.898682247369673
0.887266326051527
0.87469447242009
0.861196740619523
0.847053093735808
0.832612766268614
0.818313473001675
0.804689364266076
0.792355595025726
0.781961743925114
0.774116727908194
0.769302304295921
0.767804527804807
0.7696918214289
0.774848299804797
0.783029349680161
0.793927453038273
