0.280486555621988
0.0908833054834252
0.0584576337324039
0.0392701620003186
0.0266313922928832
0.0207170185233983
0.0176558165248484
0.017632686829581
0.0204339869357488
0.0257599324241785
0.0337073961627122
0.0447557956244785
0.0598204846347042
0.0802871025269575
0.108102036675828
0.145874537057886
0.196884501529524
0.264773595427398
0.352522400528214
0.460331295935446
0.58290681608038
0.708692955222477
0.824020896264774
0.919281846339233
0.991199708614484
0.034388859925692
0.678646677224523
0.776951731739242
0.0180273149224945
0.021086569211584
0.0169876033154209
0.0147456050177881
0.0137272526794613
0.0151729137647611
0.0191121213635707
0.0256224096750528
0.0351537347683715
0.0486035904484227
0.067402032109813
0.0936930277705574
0.130531113990647
0.182066574653187
0.253453655822037
0.349861019523892
0.473492316179288
0.618220334528374
0.765847884604944
0.892437336466467
0.982490658430338
0.951281104871141
0.0370416469093549
0.181023278758629
0.103503088971853
0.0831436748782406
0.00964796924253917
0.0141021951023916
0.0128710396300142
0.0119626821160769
0.0120938556812559
0.0147404315899441
0.0198510952407689
0.0279823778786376
0.0399985756655787
0.0573602906511577
0.0823471984413285
0.118384389527055
0.170377483084312
0.244866341100645
0.34919787104476
0.487847926576136
0.653895923052835
0.820782229794487
0.952238723351568
0.959798734000286
0.903841284761534
0.0461803081138273
0.131453479169765
0.0549292811797783
0.0428969904659514
0.0462418396913534
0.00879959054393768
0.0112228937511814
0.0112012622002733
0.0108092748151676
0.0118767683214138
0.0159210219414627
0.0227437520437674
0.0334866340410904
0.0496639213305831
0.0736944036452807
0.109350222330107
0.162256456459806
0.240257875563873
0.352775719816705
0.506508231700489
0.693442150268127
0.877215074514125
0.974481708185755
0.909872761415349
0.857372034899839
0.0439534090502408
0.0148192690234997
0.0372489354321774
0.0241190656575379
0.0251212429283861
0.0385386249392948
0.00917740212470639
0.0104810588712784
0.011006241958185
0.0108620626306889
0.0131049955791041
0.0190832943195711
0.0286941660222327
0.0439199870889531
0.0674147898732342
0.103350126942517
0.158135571115963
0.240963197937157
0.363254528275642
0.53355734160697
0.741567898944079
0.938993955832748
0.926104834589818
0.860559761214338
0.81421989053786
0.0465228469279018
0.0267647577145885
-0.837071646912766
0.0195528128777671
0.0113821427718462
0.0200951071913908
0.0600156365030555
0.0101182289331008
0.0113701606969826
0.0121216096834246
0.0122638545856821
0.0164649023470567
0.0254335920631504
0.039943718471017
0.063383657524681
0.100532453859429
0.158777139198557
0.248864580381239
0.384210416621867
0.57436261859625
0.803819547851205
0.929288256766525
0.87629656955306
0.81248187872122
0.775428390671556
0.0528246561537521
0.0329086019568495
0.0181643211734343
0.0286718148532
0.0111890562220833
0.00684029649910019
0.0213685265849948
-0.00693215102097928
0.0123039726936667
0.0141045420970503
0.0149286089054219
0.0157487640129298
0.0235054104888683
0.0378374972791438
0.0618196703963052
0.101519946865178
0.165740453814541
0.267167311661684
0.421161368685299
0.636339718916479
0.886029042593443
0.886526436146757
0.824699541219768
0.766299811221928
0.741801838060112
0.062214291366222
0.0414676170233693
0.0263585108848115
0.01259784848481
0.0196962570562016
0.00672571605428805
0.00830992395786287
0.0290896128371707
0.0129199735925192
0.0172344341199723
0.0198837481408885
0.0206413442571116
0.0234896228222866
0.0380626439530063
0.0636110166742557
0.107954729100959
0.182358481009784
0.30199648248373
0.483540749597422
0.729828360976965
0.87382535626759
0.839435455168659
0.770639704621921
0.722706405934223
0.713767891945093
0.0747324253204325
0.0531541334713366
0.0365427235966867
0.0239082888706518
0.00619477385057285
0.0179886816913186
0.00637925766026344
0.0164776833317577
0.0672925136224876
0.0243229707026188
0.0286253602376097
0.0320733155728411
0.0323738235040364
0.0417487064282771
0.071243200450332
0.124034170079506
0.216290173049845
0.366118094131447
0.588135167821859
0.845403493150185
0.845890835913434
0.782647046785257
0.714060933454887
0.68270333094309
0.691610086741507
0.0908369056113664
0.0685711837068864
0.0507516058845093
0.0364536956465228
0.0248033903000692
-0.00864467998448347
0.0214973616470313
0.0136353841390338
0.0398303951006291
0.0290301037428431
0.0493220824284544
0.0571220970743249
0.0599598674436956
0.0599247190225736
0.091489313569491
0.161846492946014
0.287398634458738
0.487969275082705
0.76158867562134
0.849022643559217
0.795808964551611
0.712134199242006
0.656877346080375
0.647737583105658
0.675551617622763
0.111268125521739
0.0886036007867923
0.0701064563950558
0.0547435394417923
0.0418018146034864
0.030350527476812
-0.0280397102818194
0.0367729282478496
0.0423487377203464
0.230578313805049
0.116718166052744
0.129689073026494
0.140494760079904
0.13538827000779
0.152160402061903
0.264686473834067
0.454985770554816
0.725792974134967
0.864931745659729
0.80690571544419
0.708503521125172
0.631975855635418
0.603539002458507
0.619582528600905
0.665781883872795
0.137000138940583
0.114422710825351
0.0959798466457806
0.0806976432588527
0.067732116347923
0.0566273470908855
0.0466759146918003
0.0078972322050632
0.117307172929399
0.303292279031032
0.401688135898512
0.422323126532921
0.442895702191261
0.443432053827826
0.418810186138739
0.615918672714978
0.858589817537766
0.894912743663939
0.798808949023601
0.685721819423024
0.597923722086867
0.555696982981804
0.559654666826987
0.599956306549376
0.662422981794318
0.169209479791006
0.147467860800051
0.130056015011481
0.116342560557472
0.105744662449275
0.0980803945139315
0.0942903374177459
0.0985056948940762
0.119279213290363
0.296995055102124
0.888854579138067
0.791317103051593
0.705084628583617
0.616283720324661
0.542889206629806
0.50079499545165
0.496959472055944
0.529631559037891
0.590087866401259
0.665470788380933
0.209226611904353
0.189418424614246
0.174305946822609
0.163917290582775
0.158473066096327
0.158998350810113
0.168711999272535
0.197986588186795
0.288714282056543
0.610037297917315
0.765702420290042
0.773964494064351
0.776159640157111
0.781719660026214
0.77837040872792
0.68925572831002
0.589762434492894
0.525844611720946
0.476849178422408
0.444450047380797
0.43769433069549
0.461808870055123
0.515415636815412
0.590463798730641
0.674742241476249
0.258432429642031
0.242115592956275
0.230934703499101
0.225837755538438
0.22828930917066
0.241283517848155
0.271618064478321
0.336634731432715
0.488379895466681
0.66632853892399
0.769182294912386
0.73230295175026
0.730228177584101
0.733616547165263
0.712114232342245
0.62780726039185
0.522162814979529
0.449797055035863
0.409468602680257
0.395302301056253
0.408300402780814
0.449768212553504
0.516789583206978
0.600822508253656
0.689849910727732
0.318050604290742
0.307362326355376
0.302214815670602
0.304599086740068
0.317398783253076
0.34567136728445
0.399304692724697
0.499098624700388
0.623073940486662
0.72866801867941
0.778675032226875
0.74502519006657
0.722751245814219
0.704585478161219
0.661323343283337
0.57935208596214
0.486601880719268
0.419233528293039
0.385076548246843
0.381155726127583
0.405841951792092
0.457730520257425
0.532256005255502
0.620306404221941
0.710207801730277
0.38877769778123
0.386481285215894
0.390010982667874
0.402323033157457
0.427565539594962
0.472241478708776
0.547173352791336
0.659948818037894
0.708441836167196
0.765951489962404
0.779196139048717
0.746562262757064
0.708967206737294
0.669130919763083
0.612979821202935
0.53823682776419
0.463521255563466
0.410193417472411
0.386183974343316
0.391380548207884
0.424245848919882
0.482206879480537
0.559735467902283
0.64765160772348
0.735058573009751
0.470224557560016
0.479500288245746
0.494716535091638
0.519464984423429
0.558642422803942
0.619036554540555
0.709717080749056
0.734821901150043
0.762086572174789
0.78100867717164
0.768494842495626
0.729703737727289
0.683028014464119
0.632339156810894
0.574077351894819
0.511059775562507
0.455064867215761
0.418157352995614
0.406178193745928
0.420185270619588
0.459101800465416
0.519950891554294
0.596920691371017
0.681341227109831
0.763507891775948
0.560269400362821
0.583987811034576
0.613468916389981
0.652351430142317
0.705397454702308
0.778196366211163
0.784611672139163
0.786103516750498
0.788304117611874
0.778178731046289
0.748103079568175
0.703743108479973
0.65425113162832
0.603134848373809
0.551345615541515
0.502688791877914
0.464252811929367
0.442841353485383
0.442391916329063
0.464062770051684
0.50692457000896
0.56789804804815
0.641395396087123
0.719701992381585
0.794556395278458
0.654663445105884
0.694039284399202
0.738295310757576
0.790421813039011
0.854021168564097
0.844132316210671
0.826182651485935
0.810510364728605
0.791176880685235
0.762456674254361
0.723522795064622
0.678734492613064
0.632945101091862
0.588843693007476
0.548352194638459
0.514526648856015
0.491561905406337
0.483406024888125
0.492602649278148
0.519940105049241
0.564392276705629
0.622963090740614
0.690650368162078
0.760961175989945
0.82712972065279
0.747413444487237
0.800541611973051
0.856229552496306
0.916482800278169
0.898875532014363
0.868321055409383
0.839516899728956
0.810352436527882
0.77827590764447
0.742052918312434
0.702861920424444
0.663406396319023
0.626192065578867
0.592942485833589
0.565224031491129
0.545095383606633
0.535051790339583
0.537422784974383
0.553733071864931
0.584286290294968
0.627924985001148
0.681921048620252
0.742099163406987
0.803292133144019
0.860112857369753
0.832187757313847
0.893607860280641
0.953411414071072
0.938646531983655
0.901795029104434
0.866049845450163
0.831112900754551
0.796382449141008
0.76150529118769
0.72687219649081
0.69362002347842
0.663139372564122
0.636614669241705
0.614998636003063
0.599293401847812
0.590763392493345
0.59085809879967
0.600886048081023
0.621613961749769
0.652932317519728
0.693651672247841
0.741472625627992
0.793167641230556
0.844897303453106
0.892405439352493
0.904246663629452
0.966141960149275
0.963347255676417
0.924304628509889
0.88655567577873
0.850264965348221
0.815586429989197
0.782729983693292
0.752061031298036
0.724130319982406
0.699580922330168
0.679008775981401
0.662906157398266
0.651732171076973
0.646033386750745
0.646497289368155
0.653871899343292
0.668767039629386
0.691407902444012
0.721421105285714
0.757715927252732
0.798506606863586
0.841481422591787
0.884063974557635
0.922975196475807
0.961207307126111
0.979528115068903
0.940457313229761
0.903533041403494
0.868623228573924
0.835986363876209
0.806036604811795
0.77916178894462
0.755714579372643
0.7359956999811
0.720241191411415
0.70862354883344
0.701283133368783
0.698379921297252
0.700134078288756
0.706821475459707
0.718708619138831
0.735938371303831
0.75839853082916
0.785614923053682
0.816698504725015
0.85039436046374
0.88513812101145
0.919524571841385
0.951021660183145
0.994480255076401
0.955028211122611
0.920738884769914
0.888214969813422
0.858312114564921
0.831439746172115
0.808025059895157
0.788306719598345
0.772408495474128
0.760359676031705
0.75213135724721
0.747667909711904
0.746915946244857
0.749843811355882
0.756444451806545
0.766716490147726
0.780624283495043
0.798044795960035
0.818714291674088
0.842190442392029
0.867841310285137
0.894878054211137
0.922407558383477
0.949613624616595
0.975713194562809
