0.980847568428554
0.980649347354464
0.980459905917778
0.980284930162752
0.980144253258295
0.980065375904686
0.980079604914496
0.980218765522904
0.980512501746642
0.980986111750174
0.981658864803635
0.982542664123487
0.983640892908619
0.984947356762444
0.986445438280901
0.988107822528262
0.989897267423181
0.99176874866382
0.993672931764958
0.995560486730864
0.997386469192338
0.999113871117474
0.999270757952157
0.997825222863747
0.99653350676079
0.979415566141864
0.979114933818692
0.978825406589886
0.978556939389454
0.978336332819089
0.978199482283602
0.978185672295283
0.978333336526409
0.97867673251284
0.979243459531366
0.980052734402884
0.981114251554422
0.98242733387073
0.983980093713002
0.985748592513986
0.987696443316184
0.989775619028205
0.991929086233116
0.994095287325617
0.996213796638212
0.998231038542727
0.999870280742441
0.998182700501891
0.996683241269545
0.99537816950839
0.978314399322837
0.977917156368506
0.977524563117053
0.977152506454227
0.976834772135164
0.976614848079774
0.976539618271832
0.976654538068964
0.976999924529069
0.977608168058483
0.978501768394403
0.979692060777735
0.981178292038745
0.982946536519139
0.984968230733744
0.987198949620876
0.989578800207369
0.992035644606233
0.994491247006702
0.996869181886132
0.999102719599052
0.9988336900844
0.997042912974956
0.995494068980469
0.994187876986735
0.977589423867285
0.977100958034737
0.976602344870854
0.976115159312244
0.97568036051653
0.97534884189018
0.975175006643027
0.975211930863438
0.97550757654313
0.976101711767676
0.977023459579075
0.978289594102561
0.979903376025311
0.981852982821699
0.984108673474444
0.986619534246586
0.989312545963593
0.992096507931491
0.994870938837967
0.997537620500116
0.999942639961186
0.997744830026968
0.995848032687973
0.994256939721288
0.992962871327897
0.977267762188191
0.976690013429193
0.976080368376715
0.975465373130322
0.974892772219158
0.974420539971794
0.974110477880238
0.974023787665755
0.974217569714244
0.97474148913112
0.975634451695065
0.976922106171767
0.978615702589233
0.98071045473036
0.983180468807099
0.985971066752549
0.988994506307053
0.992134840047144
0.995261762623649
0.99824818457959
0.998959783564137
0.996579647359044
0.994578800647043
0.992957760443779
0.991696827980985
0.977365753988385
0.976697701825719
0.975970791503096
0.975215817597836
0.974486384989223
0.97384667282845
0.973365266673311
0.973111503355641
0.973152759572734
0.973551060083913
0.974358129895059
0.975611155933227
0.977332675771413
0.979531235022736
0.982193374462541
0.985266239787524
0.988645156774104
0.99218021769987
0.995700032385144
0.999039700659775
0.997873448543303
0.995306582781247
0.993209767333999
0.991577984173636
0.990378928136478
0.977891960749125
0.977131412204447
0.976282140303156
0.975378235931905
0.97447758986418
0.973648988153838
0.972966448502349
0.972506591112976
0.972347482953935
0.972566110523104
0.973230537923891
0.974390588594004
0.97608052596249
0.978330070586391
0.981154520473545
0.984515157057765
0.988286663718138
0.99226845545964
0.99623031375681
0.999934097757362
0.996643402289827
0.993892712969048
0.991715498193796
0.990099299974817
0.988997913557791
0.978848098259097
0.977994254916988
0.97702193864326
0.975966892816977
0.974888755025753
0.9738584416735
0.972953305820111
0.972255363587017
0.971852323790799
0.971838977469696
0.972306171828498
0.973315305445504
0.974903384682043
0.977128731096657
0.980068403143967
0.983726042193703
0.987947322322977
0.992447593728562
0.996909573457105
0.998810751370035
0.995229551508852
0.992308813804901
0.990075833378128
0.988508336294216
0.987545573147572
0.98022850227505
0.979285169618731
0.978197535405333
0.97700024946846
0.97575076038054
0.974518339767388
0.973380840424527
0.972423263323018
0.971739375878649
0.971442757518668
0.971663329209463
0.972474561599056
0.973880355246173
0.975965858668707
0.97893776845564
0.982909779383267
0.987674318971269
0.992791291691832
0.997815034520984
0.997451536471613
0.993595758642947
0.990534294058344
0.988280845055224
0.986801034154467
0.986020078226878
0.982018390957697
0.980997523254094
0.97981508607359
0.978500884125139
0.977104667129349
0.975688034642158
0.974324502728384
0.973100216859742
0.972111064665158
0.971478426273473
0.971407789742319
0.972012405644274
0.97315540532155
0.974919550778257
0.977765865789064
0.982094618819188
0.987563203470258
0.993421118201015
0.999052472302521
0.995800243212216
0.991714800057471
0.988562276069168
0.986335333545018
0.98498640890178
0.984428753265091
0.984191131112241
0.983115844555746
0.981875572568687
0.980491723309505
0.979000508554671
0.977447442703697
0.975890936502331
0.974411230952549
0.973113473742592
0.972101517363009
0.971680685662834
0.972164019775603
0.972971755267804
0.9741718064553
0.976567467333237
0.981378171071526
0.987818231832037
0.994532763137182
0.999087990980567
0.993805843533202
0.989575097483354
0.986404542508562
0.984262184659289
0.983088914726127
0.982789807289952
0.98670491619861
0.985610454981106
0.984366386393459
0.982984614962081
0.981485405993595
0.979892744693224
0.978236209425333
0.976561221427064
0.974959106378053
0.973589729972511
0.97279760681379
0.973296152401842
0.973681568704102
0.97418283064397
0.975495963320189
0.981110094669913
0.98884631929837
0.996401136450028
0.996874906220662
0.991436854621216
0.98718967186824
0.984095723399654
0.982103684735158
0.981148538298977
0.981132409438406
0.989499758159715
0.988430881105546
0.987248889817828
0.985958962198195
0.984569914775509
0.98309124202021
0.981532036220485
0.97990260297091
0.978230386141535
0.976707041860473
0.982588115104562
0.991364482371183
0.999274828043997
0.994056699337584
0.988708752347903
0.984607018785969
0.981695546258664
0.979919848567589
0.97921796513327
0.979494684498662
0.992496232093496
0.991500800340538
0.990446978900644
0.989338206312538
0.988180127854257
0.986982764203148
0.985763940216505
0.984560260201063
0.983461060744963
0.982637052402405
0.981935856803744
0.980878207890395
0.980480200306725
0.980307022632418
0.980863730882161
0.987437025738056
0.995611556478172
0.996938168227341
0.990717109036949
0.98571667683978
0.981917821469972
0.97928640122183
0.977782931227929
0.977356818290683
0.977919731515135
0.99559739369343
0.994718135630708
0.993844924107429
0.992982867288309
0.992138339496622
0.991325837799896
0.990572739501418
0.989923097304952
0.989421018756608
0.988987303022631
0.988245762762729
0.987140499790133
0.986501703632895
0.986535549157155
0.988232662635967
0.993569748386176
0.999145310970352
0.992664228223942
0.987115038460246
0.982628869980585
0.979244339687656
0.976963033816767
0.97576821295833
0.975624023223768
0.976450513942663
0.998694291377474
0.997961991709027
0.997298760101545
0.996711277162527
0.996203500691764
0.995784383469654
0.995466500422025
0.995252193164913
0.995092223446095
0.994823931556437
0.994245043004927
0.993481496732184
0.993063474787097
0.993518881968616
0.995620530762762
0.999405959004787
0.993810432712591
0.988324464374044
0.983524757995111
0.979625421374612
0.976711717402921
0.974816309797972
0.973943390803895
0.974070415832949
0.975125019185212
0.997752316819156
0.99827493580262
0.998702808237872
0.999043223544429
0.999310442734635
0.999512697326769
0.999649595821463
0.999720994796395
0.9997528473715
0.999823831360292
0.99985311553421
0.999499617495636
0.999486102340769
0.999099229269491
0.99681358005167
0.993151802406957
0.988682327386794
0.984172782065991
0.980141148246954
0.976849570430932
0.974422791392029
0.972919448747223
0.972360601823923
0.972733872546468
0.973972980183237
0.995114654458095
0.995494094015472
0.99574229182454
0.995864387204167
0.995878104437326
0.995801051116035
0.995649218696742
0.995443522327012
0.995220286148836
0.995027443719161
0.994875349096636
0.994651424102088
0.994090439935885
0.992857870764286
0.990705895214235
0.987657593840384
0.984063363401311
0.98041138503518
0.977106128459322
0.974404353982067
0.972450939551836
0.971322880954559
0.971053640887401
0.971637985510195
0.973014655903023
0.9928193902884
0.993063552485722
0.993152161390126
0.993088371821058
0.99289261526234
0.992589819694573
0.992206519174816
0.991772356522287
0.991320055949132
0.990873152372203
0.990413183428806
0.989841325274856
0.988975872952857
0.987611465276357
0.985621505092592
0.983051988880739
0.980133819757411
0.977191059038683
0.97452598558821
0.972362044187539
0.97084372995313
0.970056025793394
0.970039539437388
0.970793506588471
0.972261234375691
0.99092952990803
0.991052723745483
0.991006117777174
0.990790711201038
0.990427828344169
0.989946262804496
0.989377473716256
0.988753105976447
0.988100229804716
0.987429556804819
0.986716428754507
0.985885704528267
0.984819849543531
0.983400144857106
0.98156784025837
0.979372639854313
0.976975094052042
0.974599045055495
0.972468743171818
0.970767731160405
0.969627302638184
0.969131154978505
0.969321862780697
0.970200881237264
0.9717159724621
0.989491503656353
0.989514104484469
0.989360140054346
0.989028175133834
0.988538447047399
0.987920413885322
0.987206634489995
0.986428092576344
0.985608126236955
0.984753437039854
0.983844056811298
0.982829175829727
0.981637605444029
0.980205522573305
0.978512282653548
0.976606194059651
0.974604638464393
0.972668166328223
0.97096450429478
0.969640535507188
0.968809123380334
0.968546665627931
0.968893755000624
0.969852545025704
0.971375388896975
0.988535012726066
0.988483363940855
0.988253623631322
0.987841598421904
0.987264667428852
0.986550462252683
0.985730286909936
0.98483360419766
0.983882167473564
0.982883683151299
0.981826915901857
0.980682141098781
0.979410649287125
0.977983131655065
0.976400838880144
0.974709714494222
0.972999964490374
0.971391231131972
0.970011091002181
0.968976109066269
0.968380201949139
0.968289542234519
0.968740293419022
0.969734698367304
0.971230234338997
0.988071839660184
0.987977983028334
0.987708068945591
0.987254878012632
0.986631233115487
0.985861060122258
0.984972791401661
0.983993842184019
0.982945496554559
0.981838527677243
0.980670972429946
0.979430128868786
0.978100120789234
0.97667400264831
0.975166450486684
0.973621674121141
0.972112773898618
0.970732733792898
0.96958096281496
0.968750291020157
0.968317481870882
0.968337606485369
0.968840782225633
0.969828968468135
0.971266734707851
0.988093070734577
0.987992662196478
0.987722115346817
0.987269045237898
0.986640435082612
0.985855140337167
0.984937176956507
0.983910963834295
0.982797205058234
0.981609902885299
0.980355412131593
0.979034581126601
0.977648291163061
0.976205288024297
0.974729765481895
0.973265698408646
0.971875973645603
0.970636476550382
0.969627204847364
0.968923104400536
0.968586522223386
0.968661892803377
0.969172051471963
0.970116650805339
0.971468154102298
0.988559399083143
0.988491184339185
0.988259954930413
0.987846966841373
0.987254297152486
0.986493913455945
0.985583563485783
0.984543076179727
0.983391483698166
0.982145114082725
0.980817262748601
0.979419882624736
0.977967221987117
0.976480527112106
0.974992240785328
0.973548018667429
0.972205542478593
0.971030249139203
0.970089113791126
0.969443998259776
0.969145762877444
0.969229562318477
0.969711435929253
0.970585166050578
0.971825271714131
