0.557966145963114
0.55207300910784
0.545898976474232
0.540488192257602
0.537458743303326
0.538596236734131
0.545306128013147
0.557981200555045
0.575821032337843
0.597348980385914
0.621152312248135
0.646269394754924
0.672185346300197
0.6986775042709
0.725667474817799
0.753117945896234
0.780967360332859
0.809091534604361
0.837287546446652
0.865280282587345
0.892752145446853
0.919392636394035
0.944948792080386
0.96925548783364
0.992036702702119
0.545638732595605
0.537792859696522
0.529476915265504
0.521783286453295
0.516681540158745
0.516538458461002
0.523346370411836
0.537768557846103
0.55879678921588
0.584467098742413
0.612893878658042
0.642775902116825
0.673374410549443
0.704319795835406
0.735442794652415
0.766662293017484
0.797910216571341
0.82907466710795
0.859956684518482
0.890249765715152
0.919556017658731
0.947443410482932
0.973523948839049
0.997472681995632
0.981178526813169
0.536299740995916
0.526526867828698
0.516020603997387
0.505947964141294
0.498640014637673
0.497109068071157
0.504028721755917
0.520377969271659
0.544862424380539
0.57487641955017
0.607956045604115
0.642453442795275
0.677463638559012
0.712544150490749
0.747494058114607
0.782224344714391
0.816683067158156
0.850792416120121
0.884375642513044
0.917089868278097
0.94840679148517
0.97767251036858
0.991332614821349
0.971956282465274
0.954521780937558
0.529863431756339
0.518181180934841
0.505385737744601
0.492753010874421
0.483003693844333
0.479864673929548
0.486826621414438
0.505321491651168
0.533740948152419
0.568602317317634
0.606620500681884
0.645714177647644
0.684869248176429
0.723685919113318
0.762031310466608
0.799861775709269
0.837167786791397
0.873941884078972
0.91008192452092
0.945240584333631
0.978725239753946
0.979398971059967
0.959575611056354
0.942724822260449
0.928052154757188
0.52624773092605
0.512622705191823
0.497422109738114
0.482034069000178
0.46958729526012
0.46456661417436
0.471412849833713
0.492242625694254
0.525226287342012
0.565731040576644
0.609239940746616
0.653036937379058
0.696056398443377
0.738116865556116
0.779303864438688
0.819679614214427
0.859287688996534
0.898237487113212
0.936604858082614
0.974127852991265
0.967780483537222
0.945308998372916
0.927825588805351
0.913838970587177
0.90225109040188
0.52539659501291
0.509781240487055
0.492106427614583
0.473857625579216
0.458552878466674
0.451412285732234
0.457906259866165
0.481148921850956
0.519383944240738
0.566580633972999
0.616360766932937
0.66500929016869
0.711488173544332
0.756112440719263
0.79941073451957
0.841609827973676
0.882776834344926
0.923192789099578
0.963285253091842
0.960222016861532
0.931822684830047
0.911206666637554
0.896452187591862
0.885665254716569
0.877485756525971
0.527294078355267
0.509688317639814
0.489609675722537
0.468607232266327
0.450507337524703
0.441144703007866
0.447001250373022
0.47254576434469
0.516674541429646
0.571830520912258
0.628833019435098
0.6823641109539
0.731572173802237
0.77772168522779
0.822123969771272
0.865224502078543
0.907013818820319
0.948012102560345
0.961708486114493
0.923474804163189
0.895962892691328
0.877565219548604
0.865864805340231
0.858543657404044
0.854038315947105
0.531970542176543
0.512496002079074
0.490326582276943
0.46701517981757
0.446532940279562
0.435096355778507
0.440053472767508
0.46755192144376
0.518068954750506
0.582676022680404
0.647953779974938
0.706008075040876
0.756565009748765
0.802576880609059
0.846655377401255
0.889530782311524
0.930903211935013
0.971624616612982
0.926204671136155
0.887391489135731
0.861029940174181
0.845077465012987
0.836574998532552
0.83281585348371
0.832123016567878
0.53950001090468
0.518475000524743
0.494863441849451
0.47013546023555
0.448163789395501
0.435210358936545
0.439197760130582
0.468096371495697
0.525216132210139
0.60106448756062
0.675698069448847
0.737034337109999
0.786403214448221
0.829616304476114
0.871359122294597
0.91278029202575
0.952884228566334
0.945954688578531
0.892573218381958
0.853406374989009
0.828310382305645
0.814722138362506
0.809217103654296
0.808833346426105
0.811903865372346
0.549989023537748
0.527986900225139
0.503971313282842
0.479241946742994
0.457301530177633
0.444062562187494
0.447583745731783
0.477397213187942
0.540816358367528
0.630063590531598
0.715085358466269
0.776622938389745
0.820377259174997
0.856758923969834
0.89347512072491
0.932451157304338
0.971292572525261
0.918134203706841
0.862893078987987
0.823605294716982
0.799526587656074
0.787695929445767
0.784491699227642
0.786937251340909
0.793503165480628
0.563560988167586
0.541429029822811
0.518418613869635
0.495627224656499
0.476005125628386
0.464786435007963
0.469674423760351
0.500984057091425
0.569832068755277
0.674304629536119
0.770429312387852
0.825159330426781
0.856380897109559
0.880874302423748
0.909259410800902
0.945758218306741
0.966897936418147
0.896330483444309
0.839994065794104
0.800465975989659
0.776480526860595
0.7651250293563
0.763002905087879
0.767402947492483
0.777003415574635
0.580351464788071
0.559169099889983
0.538824755399194
0.520290225033891
0.506010487719479
0.500500433012063
0.510880556755262
0.547461167537867
0.623036442373928
0.74108038053575
0.844431918915215
0.877560964559949
0.889954632975338
0.89956410068545
0.915198874042272
0.951782050981393
0.955761600638715
0.883645348311669
0.826598238851086
0.78579275872239
0.76020278363634
0.747540016647009
0.745012893570335
0.750366809185238
0.762445691417895
0.600546870018701
0.581514168721732
0.565523131733075
0.553580311573902
0.547900854541526
0.55259607664155
0.574391273800327
0.623116952401382
0.709761859724845
0.831182781214114
0.96259390432937
0.951776977080754
0.880205272011524
0.821985135261341
0.778517075055133
0.749735584335589
0.734305696620141
0.730233889772893
0.73577811846542
0.749830591373607
0.624505285394831
0.608772046753954
0.598550701810689
0.594993373513808
0.600277444308395
0.618191484524962
0.654387037921544
0.714947453358415
0.798742248340667
0.880526852915141
0.925180459202519
0.928269870902362
0.929524254402101
0.929724422870994
0.92984127441823
0.987216495220567
0.937421485663885
0.873336525249204
0.817272668133362
0.77277399182645
0.741498889091531
0.723503313250236
0.717856130346374
0.723427280340386
0.739127005072703
0.652953415729425
0.641417680564029
0.637800933865425
0.643301423664605
0.659723167095408
0.689474086779889
0.734245280205202
0.790662645232885
0.843563448133359
0.874155391329612
0.890579609836066
0.903474171078333
0.912914745642252
0.918840896724353
0.932746178918238
0.940384038870472
0.892155518036906
0.844939705868813
0.799734772616903
0.7604914927865
0.730827560684162
0.712771769110676
0.706926128090043
0.713061253445789
0.73028802675221
0.687131971451877
0.680248519748696
0.683222775941476
0.69693831125465
0.721908200465657
0.757277035153923
0.798279645967661
0.833565324427899
0.849762597040711
0.848263911394526
0.847405997196486
0.855776309727027
0.868541275804718
0.884008390708244
0.892480421605612
0.860296533139345
0.828149434711844
0.797516965029534
0.76713749131879
0.738585226509054
0.715376916571973
0.700787280741157
0.696888935084051
0.704523111126878
0.723265705904221
0.728642309489819
0.726287681795521
0.734844027893615
0.754384327409006
0.783206720306287
0.816223309565181
0.843561498399137
0.853640573760147
0.843404996231227
0.824506412003568
0.812522831416437
0.81357134199582
0.825911997094914
0.828130960541586
0.807069450185621
0.785435773828649
0.765399504438869
0.74699347037826
0.728946667320216
0.711471237283691
0.696824265314302
0.688077465611261
0.68787854991881
0.697819096100515
0.718014880713234
0.778778545672152
0.78020489503139
0.792400886584933
0.814261342685375
0.8417108025525
0.866540918254361
0.87779418367779
0.868597142410741
0.843591175397961
0.81625389238855
0.798592087042243
0.795700349313677
0.782269586998714
0.761176323822941
0.743952508164608
0.729175427877063
0.716544761617564
0.705503313537261
0.695315653790224
0.686047687444566
0.67902637001315
0.676430392501586
0.680542607774265
0.693072443946575
0.714483586912172
0.837314958721605
0.841177702561386
0.854418710189687
0.874793607963763
0.896758226898895
0.911481843485202
0.910180961498376
0.890638534940476
0.860272848607956
0.831070697025786
0.81249939059559
0.772938992018873
0.743144304083494
0.722188888665617
0.706843852742604
0.69502581301467
0.685557882718348
0.677786720367403
0.67149786683052
0.667037138947463
0.665324257863088
0.667686185738803
0.675611679173832
0.690411219170095
0.712596543434844
0.901090042132212
0.905580729522513
0.917144628439416
0.932961452810106
0.947550047655731
0.953710879120494
0.945875160980225
0.924340429187716
0.895959914011238
0.84749247910833
0.797135110409551
0.757887637559523
0.728945783633427
0.707988830718537
0.692550293304458
0.680699180134013
0.671259592691808
0.6638098467954
0.658569976811976
0.656177400546241
0.657401202156352
0.662961537929358
0.673551213991938
0.689867888379652
0.712241164916359
0.949512355557989
0.966718781615686
0.974602280150511
0.984534545112822
0.992366809715915
0.993451026745688
0.97202850371009
0.932690036038336
0.885859618132546
0.838677458369041
0.796408094927798
0.761450073199635
0.733859988988189
0.71239707557068
0.69545301978973
0.681679324833243
0.670333326115555
0.661386292037756
0.655400139757887
0.653197769966431
0.655463331084633
0.662517673535557
0.674436801946947
0.691334021499911
0.713262392657841
0.940117078274831
0.954177811615116
0.965619769721467
0.972200040858465
0.97140501716562
0.961122780334032
0.940668995058032
0.911505811699918
0.876962172523989
0.841012236942247
0.806938461482909
0.776623142003262
0.750580032955175
0.728417879568769
0.709405092995205
0.692945345946861
0.678885317040732
0.667617560616161
0.65995654713212
0.656812688980091
0.65879279703129
0.665965797154151
0.678000862943813
0.694570534252826
0.715467975113447
0.934117251450624
0.942632500807704
0.948355089779398
0.950055288049453
0.946592665919808
0.937163804011458
0.921631680677345
0.900734970971403
0.875991182062625
0.849286243877375
0.822356701966134
0.796422611780118
0.772099424032154
0.749552198434134
0.728772267099965
0.709857220673135
0.693207663280679
0.679582318703338
0.669977190898045
0.665339615842089
0.666216244821667
0.672539170600947
0.683754665032757
0.699254141128407
0.718645738345694
0.932801456433142
0.937636208130542
0.939915747528914
0.939052697992218
0.934626464069019
0.926411231851823
0.914436456572133
0.899024264335603
0.880759466110783
0.860383721023215
0.83865178587341
0.816214048154321
0.793576818861932
0.771151974900501
0.749368403188302
0.728796707328765
0.710234375779497
0.6947028539328
0.683321152970815
0.677056943726181
0.676429523176862
0.681329383841021
0.691125931643297
0.705059579515042
0.722595538810927
0.938149347138328
0.940994283266427
0.941554666312597
0.939616455746878
0.935042226959162
0.92777738880613
0.917853219426159
0.905383718742533
0.890555646116096
0.873612759159472
0.854840435447962
0.834560874423333
0.813148165394348
0.791065655498463
0.768917656621983
0.747496882830399
0.727800256477369
0.710981239630835
0.698213015791132
0.690465086940646
0.688253765828538
0.691494371462215
0.699588678631207
0.711732257902397
0.727250032375756
