0.490774813113456
0.483496872962792
0.478079513949896
0.474542845236663
0.472945202160604
0.473368369675635
0.475926635720785
0.480752366680865
0.487953823054565
0.497563832719409
0.509534180054743
0.523834606955513
0.540647956317952
0.560541249739682
0.584433548221465
0.613271548794205
0.647541988067866
0.686881544789445
0.729944348528357
0.774524630344231
0.817887774598312
0.857266756055571
0.890426710972749
0.916107488899774
0.934256272875126
0.481617701155861
0.473236749485527
0.466972033204317
0.462850676214588
0.460934463278256
0.461326294565909
0.464160562663939
0.469577835564277
0.477658999654892
0.488346096033864
0.501429210783237
0.516691534959
0.534202806417317
0.554584748505697
0.578989029206515
0.608662448986175
0.644299293402868
0.68555966890852
0.730944733109633
0.777977176023871
0.823602499071771
0.864762173606712
0.899028711837995
0.925108636955032
0.943035331792959
0.474381546584304
0.465025668478191
0.458048000656665
0.453521332104128
0.45152569722298
0.452180969363476
0.455642666337674
0.46206113479623
0.471484997411756
0.483738756382011
0.498391961689423
0.514964155260577
0.533353569716327
0.554229542606616
0.579025145678327
0.609359790392243
0.64618358493111
0.689185383001706
0.736692672617898
0.785933447892486
0.833523155347163
0.876120230757522
0.911130317523632
0.937237896730118
0.954568160044915
0.46903652595672
0.458842031326412
0.45131673167247
0.446586790776368
0.444764505605909
0.445997178136809
0.450472624865982
0.458365002510287
0.469694591740423
0.484134428297034
0.500941141790422
0.519247706004466
0.538698348257401
0.560019429142739
0.585021326214395
0.615815105164915
0.653665925723128
0.698268999983399
0.747720535547473
0.798910506538788
0.84811638104687
0.891738504108397
0.927054780164217
0.952755849972036
0.969092111835968
0.465576988107188
0.454658654417428
0.446761410590993
0.442049452300133
0.440671628487573
0.442818294978071
0.448733773321291
0.458648053796655
0.472572992717001
0.489987451791812
0.509687728148561
0.530223443542331
0.550874624570133
0.572474148405868
0.597382743897318
0.628388954636126
0.667140742583796
0.713268423227807
0.76452269365939
0.817386082323929
0.867798399116915
0.911953014756586
0.947064286520793
0.971877972108895
0.986791028066379
0.464026036992149
0.452500759728863
0.44441338403921
0.439957135002825
0.439316794720713
0.442742800531334
0.450573250665325
0.463151742295329
0.480531658076558
0.50194673900382
0.525488827905202
0.548799854402155
0.570662682289608
0.592158083914206
0.616493042212676
0.647408556523356
0.686995711503962
0.734658909129159
0.787607539846959
0.841825466996086
0.892942132278473
0.937037125119516
0.971356837028919
0.994760498653496
0.984765023185856
0.464482221859917
0.452482342004129
0.444405165007598
0.44046457670329
0.440881401219795
0.445985721706696
0.456260177451143
0.472256539363552
0.494179051461622
0.520969779843799
0.549593438537485
0.576225617752249
0.599035413274547
0.619691286671741
0.642717694682604
0.673190527764246
0.713657567462792
0.762974128997906
0.817507401192161
0.872659053008194
0.923839473783916
0.967165945935581
0.998182455107689
0.973279290674765
0.957988496534428
0.467189258652766
0.454880602909435
0.447046483070805
0.443915185184342
0.445745265313453
0.452967263590351
0.466268666522992
0.486549764032907
0.514391199426374
0.548460790829797
0.583833738324052
0.61420167758309
0.637181506031031
0.65576411607331
0.676435587341213
0.706108930908577
0.7476819396963
0.798855019398448
0.854754387296152
0.910208718876912
0.960619406530454
0.996437661505499
0.963493075279087
0.941194140395628
0.928865265777396
0.472638146277729
0.460247060412622
0.452943182743606
0.450969725790058
0.454629134671127
0.464470962776208
0.481441131000955
0.506956846215022
0.542395889813318
0.586449993441987
0.630902535873153
0.664954194533995
0.686497150224019
0.70125098875698
0.718205052744003
0.746811426093807
0.789959566003944
0.843115450914135
0.899799751662952
0.954550321730829
0.995565937854618
0.954924513774514
0.925415259404067
0.906743684520397
0.898077708988748
0.481688194386053
0.46954914801974
0.463156570104107
0.462787491618034
0.46880853977363
0.4819078904667
0.503313912803045
0.535065500627419
0.579912668780196
0.637766378072484
0.694728467776408
0.731019285095595
0.748459631052646
0.757571745041908
0.769173902389104
0.796714728402518
0.842085520065671
0.896753685704516
0.952816312011548
0.991953968024314
0.94534980123998
0.909691775812761
0.884999275659785
0.87088516614627
0.866439057593582
0.495640141166274
0.484268980323855
0.479328625876767
0.481181845134651
0.490312940970678
0.507597336953504
0.534570170749638
0.573846749810431
0.629686462113247
0.705864604563862
0.780659089138031
0.813755274090625
0.824020663066199
0.827252620185712
0.831663435458574
0.858949356894044
0.906701156825762
0.960601232703805
0.979831525173643
0.930652730792199
0.891402516803174
0.862408866307806
0.84365811104151
0.83477302476281
0.834863677171686
0.516120767136162
0.506283084485111
0.503557260272797
0.508478246266117
0.521740545858052
0.544507440632524
0.57873923151705
0.627739089443884
0.697025272392636
0.794074377228957
0.891337767754013
0.90879246851704
0.911586108694478
0.912086198639182
0.909632586420435
0.939498992809269
0.986274459211656
0.953674678823882
0.906429295068389
0.867234805063548
0.836761920340895
0.815367897376345
0.803111637498502
0.799696151146745
0.804316913068902
0.544638677768524
0.537316407710629
0.537729974012118
0.546662374985011
0.565076763871245
0.594435987097135
0.637049689167286
0.69668618762559
0.779626035458114
0.893416313165187
0.961913488981152
0.915649606150574
0.87342701341418
0.836858214198936
0.807225876988256
0.785225788893176
0.771198799157176
0.765199879793461
0.766960907876514
0.775745445976761
0.581878492428332
0.578033695487129
0.582370738252328
0.59589018028264
0.619699183067652
0.655217174082808
0.704291094336059
0.769296194546193
0.853015950942061
0.956265930066261
0.949239005411653
0.940262822550646
0.937843302222313
0.936247214364588
0.930009603778992
0.892422279156611
0.847501537604072
0.809355015921537
0.778769062808113
0.755755755950338
0.740299110303449
0.732310495448049
0.731588712417152
0.737737147102438
0.749997623786376
0.627128989676339
0.627331098852292
0.635803719885904
0.653582683135732
0.681607538579088
0.720723780877049
0.771517450017405
0.834113423383619
0.908085125258125
0.991033793420925
0.931098283593665
0.906719296436357
0.897653858271751
0.890105221024481
0.874895821950957
0.841111116711808
0.799648410949496
0.76298186982342
0.734834687975374
0.715392389544373
0.704096528055877
0.70032558627364
0.703480949920526
0.712913053921018
0.727750851011885
0.678279982538746
0.682456271146354
0.694517025498482
0.715308111863277
0.74535548561847
0.784758189386061
0.833028545067134
0.889115356777487
0.95159209044682
0.971521588573289
0.915829315343811
0.884428066095659
0.866558933175143
0.851054203022696
0.82980153312965
0.798727970417871
0.762560836262574
0.729160451875005
0.703157374335208
0.685867773084732
0.6770206344916
0.675842689140551
0.681467789274647
0.693010744302062
0.709464193673718
0.732390364910331
0.739888036160124
0.754467113280491
0.776672000390025
0.806618205562119
0.843913246208883
0.887641927433968
0.936545911711504
0.989178246141836
0.946047996548907
0.898555761239934
0.864846171192771
0.840375249607323
0.818504499722965
0.793959557699382
0.764768022402172
0.733261373850344
0.704022705233033
0.680836277701302
0.665511375331103
0.65829354708164
0.658610451386248
0.665572381645942
0.678187822519376
0.695366784021259
0.78639993464774
0.796276386417987
0.812211833316815
0.834483864838799
0.862964932228695
0.897109910637221
0.936029844950523
0.978671475328024
0.97002882708346
0.921581153809422
0.879744485795552
0.845841656798302
0.817879863956995
0.792376771307897
0.766395570537179
0.738909558022033
0.711192784032872
0.685951642384459
0.665862811396264
0.652606752484485
0.646719939046016
0.647909173357241
0.655424916413394
0.668309808045854
0.685480433286713
0.837607462092631
0.848925721296391
0.86527205791273
0.886760769163321
0.913191902516777
0.944077526197711
0.97872855530472
0.981674412369327
0.939511328488328
0.898403099768739
0.860966000080381
0.828133094049056
0.799139398222275
0.772346207442354
0.746316197694539
0.720612813172656
0.696040962868871
0.674269516359423
0.657107583621742
0.645881710366878
0.641175133995329
0.642891287541413
0.650462986656401
0.663053758613428
0.679665051237374
0.883866199852007
0.895860112305981
0.911979931823783
0.932272059451305
0.956564567567761
0.984500444668881
0.984101706178949
0.949656260580857
0.913515724800624
0.87777357238504
0.844039586268102
0.813038115435211
0.784614592978704
0.758132564576248
0.733025140325995
0.709233411572487
0.687359319309114
0.668499448776362
0.653875805651971
0.644462249222425
0.640761876571814
0.642772707665979
0.650082980070921
0.662005484374376
0.677672192909816
0.923630099637931
0.935740271282043
0.951255789646598
0.970212125965419
0.992499425776982
0.982155715345576
0.954491265492554
0.924173602221955
0.892548560716357
0.860962875934158
0.830479213257137
0.801692967622702
0.774744375373604
0.749516687133609
0.725916830086876
0.704107392735917
0.684595487925728
0.668154542199184
0.65562858808997
0.6477122728095
0.644793087077149
0.646896728764377
0.653723749009215
0.664730239244552
0.679194594043308
0.955955646302143
0.967795731296457
0.982498179142442
0.99844180818246
0.9795259354547
0.957245167754451
0.932182930828642
0.905146983681028
0.877069452201706
0.848863496910556
0.821281019269739
0.79482842962509
0.769778210571477
0.746269861850882
0.724451824219134
0.704600085280835
0.687163845185795
0.672722818736186
0.661877884008288
0.655120905257514
0.652731614840205
0.654731667680257
0.660898561646206
0.67081452936883
0.683903919717551
0.980484865838138
0.991789089542078
0.993452163141177
0.978307446825096
0.960237254460015
0.939557428805989
0.916750609027935
0.892426569562428
0.867257194499491
0.841897462531246
0.816914297751486
0.792748012598621
0.769721104276602
0.748089565643789
0.728113002377005
0.71011186612827
0.694486431190866
0.681688786118616
0.672158092599098
0.666242714413409
0.664135874687686
0.665844493097043
0.671197393651692
0.679883346673562
0.691474051719591
0.997397155542591
0.991527652149103
0.979374708733829
0.964676804566156
0.947611355518553
0.928475006145784
0.907665852121735
0.885654979213086
0.862947415643314
0.8400393920843
0.817382708333608
0.795366797452766
0.774323819302384
0.754553252714263
0.736354094821057
0.720049193001648
0.70598927177193
0.694532407899248
0.686004327875773
0.680652039544307
0.678605246361425
0.679857380601904
0.684270135566535
0.691609637210917
0.70158448086047
0.992419542429413
0.982767640356812
0.970861048187721
0.956829540924855
0.940858315980009
0.923205448603272
0.904195759876207
0.884202408774714
0.863623012021782
0.842855494378955
0.822278918666645
0.802243574899328
0.783071894282242
0.765067864019003
0.748529124692034
0.733754543984036
0.721041598950398
0.710671804734385
0.702887071733593
0.697863359597643
0.695689100068608
0.696353901756879
0.699750628493189
0.70568697589498
0.713947269623016
