0.482535082309529
0.473529465691126
0.46291487049885
0.452133591524132
0.444000266472106
0.442284018589414
0.450275485825042
0.468600320153565
0.494637222749643
0.524639686810126
0.555936732035658
0.587297374302422
0.618373305014707
0.649202638500898
0.679941670729947
0.710736756968489
0.7416622363056
0.772690596180134
0.803684634822009
0.834411784805804
0.864581837825997
0.893905437223757
0.922151336285756
0.949182664072059
0.974698691189911
0.471462742545491
0.460191987262462
0.446722508539499
0.43243465337771
0.420618779819447
0.416077248569849
0.423394858915048
0.4439167208617
0.474538190253214
0.510380656348354
0.547865288759874
0.58528215238411
0.622055721148027
0.658109159590496
0.69354725554546
0.728514260020399
0.763118985090488
0.797382086331604
0.831196424720517
0.864310776227889
0.896352771682767
0.926896575890622
0.955552427061529
0.981983073774271
0.99392180505347
0.463163459166694
0.449588506480545
0.433156260298542
0.415198349573199
0.399485499933463
0.391868266357923
0.398287687020031
0.421008921386609
0.456579748117413
0.498824810893532
0.542980553377997
0.586718761216026
0.629236850150427
0.670403656894499
0.71034170604649
0.749250840198193
0.787322917842516
0.824674088937384
0.861267280438058
0.896841556124476
0.930894091620827
0.962750390403846
0.991706497577639
0.98159137871769
0.962212013825601
0.457546043698245
0.441644294523005
0.422132627918989
0.400358528368497
0.380597676122564
0.369695887077179
0.374923852443797
0.399733771803791
0.440668303719105
0.490135447341626
0.541738359822958
0.59223390601797
0.640554463919808
0.686616309539361
0.730683698339624
0.77309887582114
0.814193515886647
0.854243904185651
0.893364130848074
0.931339396198671
0.967511227623716
0.984714235175143
0.964355254444558
0.946678300085218
0.930826345680798
0.454538584959917
0.436276844781787
0.413627024270995
0.388012750512091
0.364225791232839
0.349967955337924
0.35368651821128
0.380303227515852
0.426948984871791
0.484654875285014
0.544772931246884
0.602618600599032
0.656765203001306
0.70734948692517
0.754981408065261
0.800253040040039
0.843671883261198
0.885744363994065
0.926877735384708
0.967037252407031
0.965340554360951
0.943344510515265
0.926288442787402
0.912384122195999
0.900406126631719
0.454108269023501
0.433487393319796
0.407780802871572
0.378529606297438
0.350992560327406
0.333496961432707
0.335401715360476
0.363355747582392
0.415930312714093
0.483059896860125
0.553031536711727
0.618873197969126
0.678670215482003
0.733103437177207
0.783459071199458
0.830692873199436
0.875459053407282
0.918557203663441
0.960917510995027
0.948960341019517
0.921485942486028
0.90230507561041
0.888983412725467
0.879213021132182
0.871441308843499
0.456271690626995
0.433393516782571
0.404944013800543
0.372572702210846
0.341854142380497
0.321439129611492
0.321272194259002
0.349921058330179
0.408515838952233
0.486485630394631
0.567919954157585
0.642248517964963
0.707012691896763
0.764069023981701
0.815900133437003
0.8639224681048
0.908783775370228
0.951632077650867
0.94184856226373
0.904084907599683
0.878260162399925
0.862246025058297
0.852986533336607
0.847611784501315
0.844296494566383
0.461097959903087
0.436239259594682
0.405677361063673
0.371082438155072
0.338070178621491
0.315273566596398
0.312889792046978
0.341452237772132
0.406051754477561
0.496709807263371
0.591530048108702
0.674272960462577
0.742284979118046
0.799810538553663
0.851288491442213
0.898646243115091
0.942177944366106
0.950511057320507
0.898629158013405
0.860731316481437
0.836734613228143
0.824044417741158
0.818936015922641
0.818001214631317
0.819230005993901
0.468701147235872
0.442380167047871
0.410713510597368
0.37522959400226
0.34120524474772
0.316896260718239
0.312446472826545
0.340120829384958
0.410516639664724
0.516501002832068
0.627050011119551
0.716731881003806
0.784382266257842
0.83880935444989
0.887350323746554
0.932427567848567
0.9733647306212
0.912382646345973
0.858547141313034
0.820656595181144
0.798478079036263
0.788888551954582
0.787593163921501
0.790790048482378
0.796418116552183
0.479220651087968
0.452238933406079
0.420869690397927
0.386326407425804
0.353141205215209
0.32882427264829
0.323199505069657
0.349659003125608
0.425156744946128
0.550239976294667
0.679458448632994
0.771391959030043
0.831978134103336
0.877933881367221
0.920163074707725
0.961564464502742
0.948028627781889
0.879441730717356
0.824036770389087
0.786319795185199
0.765541543227003
0.758211867936218
0.759786780755257
0.76635804668906
0.775970277347849
0.492792220350429
0.466232658346312
0.43690689059756
0.405647251116895
0.375977267180793
0.354352710815913
0.350085539702128
0.377020701056647
0.456842158868318
0.604784624544765
0.756037621437363
0.838284522452158
0.881328561679041
0.912256907064999
0.944330205172532
0.981698929834908
0.925742035825649
0.854496661079657
0.798389265173894
0.76064411156527
0.740087167503323
0.733379070102335
0.736232332115783
0.744996306622401
0.757936479738712
0.509527326959447
0.484693653222178
0.459357987851229
0.434112794170465
0.411576879145578
0.39715059533283
0.399712971584208
0.433667016119747
0.522974060914046
0.692362158165745
0.860304764064673
0.908174049367639
0.924945284135162
0.936995551684776
0.954464413358234
0.990496100276547
0.913300136268861
0.84140874961766
0.785025400238915
0.74594853061828
0.723476207730505
0.715093417394391
0.717243473981936
0.726821170513996
0.742309339568701
0.529546263613205
0.507839442524999
0.488405476882257
0.471908362569578
0.460593529312674
0.459355029489908
0.477153736463955
0.529447617095944
0.640077770563455
0.819223790005408
0.990991817987226
0.912347991673095
0.841669053403075
0.783957335884942
0.741492752795486
0.714846481014047
0.702693120049103
0.70246068206426
0.711710223869517
0.729027893026672
0.553136813065056
0.535876285181119
0.523936392614316
0.518317462859445
0.521425606882656
0.538148559088267
0.577050655346936
0.65029533172562
0.763808745381728
0.882409752564102
0.947392614551369
0.954190840263943
0.956875983599168
0.957713120106442
0.957202551338767
0.97005090649214
0.905014018693356
0.841652289577269
0.785378404132742
0.740670981359064
0.710054813928192
0.693859905248391
0.690828168253312
0.699324817776427
0.71799022873243
0.581076524393349
0.569287395667648
0.56583121038695
0.572016561361391
0.5902057831877
0.624179111447526
0.678003871348466
0.750070416942728
0.820291629788373
0.859153566099187
0.880500576866828
0.899862245783636
0.913974212194905
0.922173340532346
0.937890221253054
0.905601607647861
0.861101775124468
0.816792529601088
0.772527633407358
0.732980144937391
0.703010536552446
0.685441026095856
0.681000500859789
0.689244582085982
0.709075679586091
0.614983582799464
0.609186691270308
0.61432053737089
0.631585196604097
0.662058114523185
0.705407217789898
0.756074225915693
0.798511206421497
0.813995268836038
0.807112143296448
0.80488450189279
0.816556341972058
0.833753644663283
0.853355131214837
0.846705445615137
0.818314023968779
0.792117965826271
0.767222377179748
0.74042633509763
0.713113100622682
0.689901782335189
0.675288104903645
0.672028317424651
0.681150232017271
0.702167490218267
0.657329322808679
0.657383527037859
0.670075592748562
0.695777390333583
0.732624512606953
0.773727483771729
0.804712674281156
0.809635483817902
0.788076437858605
0.759755879403683
0.744167793184726
0.746110893044535
0.761840930946872
0.770807943436484
0.753153388977925
0.737291412407707
0.724534956090629
0.713210876964308
0.700411836241678
0.685749227863628
0.672072139031983
0.663566300825185
0.663818358020108
0.674934141291156
0.697163304257974
0.710726501944712
0.715749788697697
0.733716830647843
0.763424883353507
0.799248289922724
0.828727132538336
0.835534559925556
0.812822761744689
0.772753266587292
0.735472949225332
0.713931823274615
0.711494460922204
0.718879590882452
0.70032161563874
0.687894909865456
0.679640873250116
0.674333161150651
0.670172668471427
0.66532826379921
0.659417482023266
0.654077977330388
0.652246457969407
0.657009230115016
0.67067022848554
0.693968276020613
0.7762791111137
0.784580216936913
0.804390235426385
0.832651159161321
0.860990101477719
0.875556753147644
0.864119792112262
0.827928415664502
0.782221952991099
0.743596667865425
0.721500720438426
0.710711379635567
0.681755289638498
0.664171534593284
0.653974864166342
0.64836778442244
0.64531526610305
0.643274956486054
0.641414337053319
0.639944182978372
0.640063444429363
0.64356974483297
0.652455078763433
0.668486138993725
0.692477044572315
0.851176915236648
0.860221784913472
0.877809050182175
0.899702311499332
0.91734155423565
0.919676381223734
0.899984619450393
0.862588765667118
0.820338506366156
0.785872381562731
0.74418588427055
0.702781531674252
0.674978975905353
0.657298226162242
0.646424273260865
0.639665630698921
0.635112817500006
0.631762531816428
0.629588240278425
0.629352050021884
0.632141812210956
0.638973630516223
0.650761735591875
0.668434092351233
0.692555993725341
0.92709290964525
0.934018033676227
0.946064535606175
0.959253616456358
0.967200587736921
0.963205661893536
0.944358916263669
0.914417606630569
0.861088110345115
0.803363549293833
0.755184916643227
0.718106041102168
0.691079075708405
0.671885613226746
0.658099039689684
0.647670383912799
0.639299656430174
0.632642668977615
0.628265079441182
0.627255733454722
0.630624978294256
0.638875042124891
0.652097114431408
0.670423085227849
0.694034448404002
0.949729654973502
0.967770372201863
0.982644167481465
0.991015301154786
0.989087040629419
0.973918078999082
0.945200756113639
0.906089494377686
0.862075837648538
0.818709576393884
0.779845839494269
0.747166197621758
0.720612572222252
0.699128481782027
0.681355829505346
0.666178941409692
0.653097082018814
0.642389597140188
0.63500646672451
0.632158997710391
0.6347404624453
0.642912680713055
0.656226898643646
0.67421961168902
0.696707824780057
0.943230447555413
0.953710336076216
0.960815385863515
0.962858110170809
0.958257692617972
0.945992389442104
0.926115326304064
0.899980560015582
0.86993278360228
0.838582726340045
0.808075462816322
0.779692744106457
0.75385878042115
0.730420149827972
0.709030314235601
0.689512842783715
0.672122410423782
0.657640554667825
0.647251233402997
0.642181133560169
0.643203159153622
0.650274977585924
0.662651252243806
0.679494679737929
0.70035453775842
0.940464241065955
0.94615260802287
0.948910126442446
0.947999127045582
0.942881240498882
0.933286208561824
0.919304125737647
0.901424606751721
0.880467104176291
0.857407106678333
0.833167824740765
0.808469215785495
0.783793235719295
0.759466688549421
0.735819026202387
0.713355280728614
0.692883610386356
0.67553899277523
0.662650770554494
0.655435187816349
0.654585805123944
0.65997753748938
0.67076207901031
0.685911516785898
0.704769772215131
0.94494163698514
0.948181569317854
0.948887760587314
0.946828434791582
0.941851895183281
0.933897867535516
0.923004924182866
0.909308186846419
0.893025443092523
0.874433567356169
0.853844473579511
0.831594822414003
0.808061999054276
0.783710102887398
0.759157384953664
0.73524427166718
0.713069903421795
0.693956170768056
0.679298985397842
0.670294315680238
0.667600011658543
0.67110105897071
0.679991032461999
0.693200072364033
0.709891319441434
