0.404086905143983
0.390467871567112
0.372081403929744
0.350537292986311
0.330682889209855
0.320630261580773
0.328600629675586
0.356212809810392
0.396077867785411
0.439092205550622
0.480700170875307
0.519911426273294
0.557056063926833
0.592747158746266
0.627547919791449
0.661880995826881
0.69600662232419
0.730020935030657
0.763866756832793
0.797361510117619
0.830246617522166
0.862257453582806
0.893188898201352
0.922939359537368
0.951184683444182
0.394916893038549
0.378795050662169
0.356800697687467
0.330426468344476
0.30516139741224
0.290367191690452
0.296111605587561
0.325615581044372
0.371248995226805
0.422018060821823
0.471682614936314
0.518508185357618
0.562580074233175
0.604434645799045
0.644631708806844
0.683642398976344
0.721810680230721
0.759323120755988
0.79618228432642
0.832200400985001
0.867033563012135
0.900263664084895
0.931502130415213
0.960404813863133
0.986369585115638
0.388177596437899
0.369458880394803
0.343798310928767
0.31269699996885
0.282378456551386
0.263180205132048
0.266441656240446
0.297050125256243
0.348051529198766
0.407043583122347
0.465614701513403
0.520811916733341
0.572297038792748
0.620517622876893
0.666086034875202
0.709599848338287
0.751570978004151
0.792361879900226
0.832106977820224
0.870642612675152
0.907496008993599
0.941972213592005
0.973320871326873
0.997235769134228
0.975609474365122
0.38380522970594
0.362449955374343
0.333127622482982
0.297556435666624
0.262762110050371
0.239689961556563
0.240298092847852
0.271161150122783
0.326963150434703
0.394659112019147
0.463211450160719
0.527746558706334
0.587184146976478
0.641868083088146
0.692573675063811
0.74014688232584
0.785373038553615
0.82890283589708
0.871126153852311
0.911991158490802
0.950883481903071
0.986696073352023
0.974228835644241
0.955719876153029
0.938501904592757
0.381760064564082
0.357771699429956
0.324932483187494
0.285346745339111
0.246812544922075
0.220476331592825
0.218309927634196
0.248605796518972
0.308593620813121
0.385533630641507
0.46542701847533
0.540496487615205
0.608423412122517
0.669475326608841
0.7248113236254
0.775697777159513
0.823284042497569
0.868624482108559
0.912558274954936
0.955332263726237
0.965970328801343
0.945100268854469
0.92886063629144
0.915171326988232
0.902723919785105
0.382048511569439
0.355518681127883
0.319513622994134
0.276580751339612
0.235113147941941
0.206086714371322
0.201017590338499
0.229971991364321
0.293649330869653
0.380599679117195
0.473592676188743
0.560568644787519
0.637308777250978
0.704213550385347
0.76326382502804
0.816366324583313
0.865040082012711
0.910826578919656
0.955307838858266
0.938687636977806
0.913101195918599
0.896121716487175
0.884755528059002
0.876258378028446
0.868910903382504
0.384731502159984
0.355900795256998
0.317346349892688
0.271946485831008
0.228361489034364
0.197126219720632
0.189003699537879
0.215813814010959
0.282907537613373
0.381164803315305
0.489624077204205
0.589874702584625
0.675093638991974
0.746518674902115
0.807756790614342
0.861588370541303
0.909712366561808
0.954183133139508
0.921013210000649
0.884790571670486
0.861622676409855
0.848817444671732
0.84261819084832
0.839548707454953
0.837520518707547
0.389925547177302
0.359244884900369
0.319070653554526
0.272319362239326
0.227463602499829
0.194448168396767
0.183176088773253
0.206903443797261
0.277290734284776
0.389168251891721
0.516423323976684
0.63082971834066
0.72268639108649
0.795884065558159
0.856929628368181
0.909623223646598
0.955322989813968
0.92118597761889
0.86961609185314
0.833602294589256
0.812872132708729
0.804262600754795
0.803219520792319
0.805544090180952
0.808854839922679
0.397791225536835
0.365970290706441
0.325453560611186
0.27878078484734
0.233684942000517
0.199437817423818
0.185190714145821
0.204852890890047
0.278142409399265
0.407728708562118
0.558688893773143
0.686410195616267
0.780076262825364
0.850155292572702
0.907566438374642
0.957009599930428
0.942420190941969
0.876325230916962
0.822968624301954
0.78717342773742
0.768683104943503
0.763845176605773
0.767440725659961
0.774703364192258
0.783094405496828
0.408505844863665
0.37653458427652
0.337309091679339
0.29260002977123
0.248809517907898
0.214390557544187
0.198053789132644
0.213438631748093
0.288186831303249
0.442190575475228
0.62446492033121
0.759786284159326
0.845262147911812
0.904734859357442
0.954071049008901
0.977067714459115
0.907184561804172
0.838492804748758
0.783747377957459
0.748247370627337
0.731378147163842
0.72920547727279
0.73622362483857
0.747433311325842
0.760323810320561
0.422219928713401
0.391350072214229
0.355357863535939
0.315088928925295
0.275161574463677
0.242904516810302
0.226974879330437
0.240807427740631
0.315717246043226
0.501864178580077
0.727024747685278
0.851327614173749
0.912250460911221
0.952201673767701
0.988775328517601
0.953260466228313
0.881437813106707
0.810696133333078
0.755544845031875
0.720072345228444
0.703405024777948
0.70191107659969
0.710379600531488
0.724028903184773
0.740547505734997
0.439012925571793
0.410691889566676
0.380039983232082
0.347233237829905
0.31515883681071
0.289786148574905
0.280080179256633
0.30121108511906
0.387380516972903
0.607718124667314
0.87474825597545
0.945629644406958
0.968959614435276
0.984364001054961
0.99416615528518
0.943414389794419
0.867835114056034
0.797393820939275
0.742366994114608
0.70540886992987
0.686417997099918
0.6828251008612
0.690268481324229
0.704577426930105
0.723697409257571
0.458900675118743
0.43465653933161
0.411379724554079
0.389177039684369
0.370042633204478
0.359092606762649
0.366207840143765
0.410687237037611
0.533482508053949
0.785793402603028
0.945533172369319
0.870188498104788
0.801647675471399
0.745105512617251
0.703948723686816
0.67972051071933
0.671297205811335
0.675469422565322
0.688878798944885
0.709640206119558
0.482004133507688
0.463280089821419
0.449082646521904
0.440016579238806
0.438321879095966
0.4493913229929
0.48411589881702
0.562058986470639
0.705466028585046
0.876745499545725
0.971486243684615
0.983416281173604
0.988029093920544
0.989528970308023
0.9840806590382
0.933517574176022
0.871259740781779
0.809453206018377
0.753402572775428
0.708601950724683
0.678761195996243
0.664677522563377
0.664694280197872
0.67645844313374
0.698193595576046
0.508995121429046
0.496935071795148
0.49297221225482
0.498356447236981
0.515803918180038
0.550412696997866
0.609444359521121
0.696037116668699
0.787757247258485
0.837559690665959
0.864085810516055
0.891026004292808
0.910650123043173
0.92145086935708
0.908520021624303
0.86873937201845
0.829063355716523
0.788803704546903
0.746125775818237
0.70637621162049
0.67603583466863
0.659022671042495
0.656191950246814
0.666714779968184
0.689154176242638
0.541723339682513
0.536943449982958
0.543572227710078
0.563123870467134
0.597389478385965
0.647043330780885
0.706515207605145
0.756041583291927
0.769923646355569
0.756155420267903
0.751985611991465
0.76674547617838
0.788139766898764
0.811670936767154
0.796337674249054
0.772807536468573
0.754176996788688
0.736808077382232
0.714884420725423
0.689274748702844
0.666005281256715
0.651231701104276
0.648561124055558
0.659143114458964
0.682327810140281
0.583526992380886
0.585945218352596
0.602365284965302
0.633682817855626
0.678175082937205
0.727002640194511
0.760022991251579
0.756439321518768
0.721248836734295
0.683669873655554
0.665197587354027
0.668021506291164
0.686532090720292
0.707896538697413
0.694520693322174
0.685685572499406
0.681853504327085
0.679411161452005
0.673290627475052
0.662118360736724
0.649445692627583
0.640946477831715
0.641406241408749
0.653495268338255
0.677547245654367
0.638625040897985
0.647376090539186
0.671266594639543
0.709312815320449
0.754127713411132
0.787181207935717
0.785037085931299
0.744140500106787
0.688428625047569
0.643362531502853
0.619888646615421
0.618605427042913
0.637530935328722
0.635031696730176
0.628459691118408
0.627951977838098
0.6314107436725
0.635609065823103
0.637249632217168
0.635245705248456
0.631598726371244
0.6302474160639
0.635305626911167
0.649774503533058
0.674668809720437
0.710111497149931
0.723353190624343
0.750581650308107
0.787947233442263
0.8230497946063
0.834452065622971
0.80672637994845
0.749912950283398
0.689703295219683
0.644716757997818
0.621684887851044
0.621140692352822
0.615667822185077
0.602912015937389
0.599111321527827
0.60097209230971
0.605629546725556
0.610475894158117
0.613816032915462
0.615623079816741
0.617466039207853
0.621784124019656
0.631222577060819
0.648097268669555
0.673553541104493
0.796235074473291
0.810723944855167
0.835535637600815
0.864528375348323
0.884458891850161
0.87881178766279
0.841477895340209
0.785159005782806
0.729976707759892
0.689701195225792
0.669843415163825
0.641442877045067
0.616966599202403
0.604254652881717
0.599387921769767
0.599044938191094
0.600551505187045
0.602176132426064
0.603522015333458
0.605489563629217
0.609613644253243
0.617344972140224
0.629912757174702
0.648534801687374
0.674045815606467
0.886936444260553
0.898408501527556
0.915476971867915
0.932094896085491
0.938592386682877
0.925816770993764
0.892441492871373
0.847481478288959
0.804049070989272
0.75792166116798
0.706338830901666
0.669547449400985
0.645141137837702
0.629951022456001
0.620810392682681
0.6149879452922
0.610565947171179
0.606800746287709
0.604237110983754
0.60430348477939
0.608468739446227
0.617530904556376
0.63165493257585
0.651019472779814
0.675960539911215
0.962150410086149
0.971536078420442
0.979284814355922
0.985385148827946
0.984773529979004
0.973490464201158
0.945636592257005
0.894409506037634
0.840287286086906
0.790171842458535
0.747908425932015
0.714488836259688
0.689014370905652
0.669648850925819
0.654352717561708
0.64144049108636
0.630011706670151
0.620203742246937
0.613125379545565
0.610369429203177
0.613224927953158
0.622034777574355
0.636268429931631
0.655332685243732
0.679083564553333
0.955000833547388
0.967513689258086
0.975884438420702
0.977832746868912
0.971256180580421
0.954991164854193
0.929550782823787
0.897254788102964
0.861514855667008
0.825695166961086
0.79221589435781
0.762234612517145
0.735821026271336
0.712383173743946
0.691151737310278
0.671615928101923
0.653846529258546
0.638637583549114
0.62738506585774
0.621653490844753
0.62251910806942
0.630027508469905
0.643262101866797
0.661150165313573
0.683187555354051
0.950018450940801
0.956503077247376
0.959630395622645
0.958491676367486
0.952426883727741
0.941147240541019
0.92486082504788
0.904297596890639
0.880572572306999
0.85492130045443
0.828421549431948
0.80181947947665
0.775516076659935
0.749696055920026
0.724539035553774
0.700443937030627
0.67820147732561
0.659048514757385
0.644534820467376
0.636159392572608
0.634839568133482
0.640475451223931
0.652009989637767
0.668133354259443
0.688066774888059
0.952938503019925
0.956553835666471
0.957388352650695
0.955191794231833
0.949800642709471
0.941154483997989
0.929307197868917
0.914423991650046
0.896761213656898
0.876632398078147
0.854373748669413
0.83032786513558
0.804861340342418
0.778420750214159
0.75161749117239
0.725318522737502
0.700706908936238
0.67926251545238
0.662607227821049
0.652183671881663
0.648822796384287
0.652404544523927
0.661915628094817
0.676004301164143
0.693666068408517
