0.901727823849535
0.77826197070286
0.662462694188703
0.562456193792414
0.484923247242434
0.435286200989277
0.415857307350189
0.42375301244312
0.451436937911563
0.490666366695775
0.53563505480029
0.582839775773527
0.630092008969296
0.675990387358342
0.719688081662611
0.76073807806017
0.798950403248189
0.834264778969935
0.86666092795922
0.896120646285927
0.922643720831577
0.946280180882164
0.96720654329993
0.985521169247985
0.998154772987729
0.809940307084568
0.703582401337317
0.596701906452627
0.50329366753803
0.430757415337203
0.386566589223069
0.373815460433046
0.389501811932709
0.424941836081373
0.471049959530233
0.522181013046883
0.575220058791061
0.628120447375667
0.679424637698191
0.728168610090984
0.773817434237536
0.816148669745385
0.85509277888992
0.890580598376709
0.922455410475358
0.950483701906874
0.974424783533282
0.994137276046835
0.989869760615993
0.978370218982503
0.683590029495925
0.603562241047316
0.522296330161449
0.445247290507532
0.381495559979949
0.342573389092687
0.335038005341528
0.357697270890606
0.401271942274905
0.454932719973208
0.512480254231314
0.571165035251155
0.629279609809533
0.685487876720647
0.738814076265676
0.788673281567383
0.834818948482935
0.877185289657621
0.915662850518209
0.949916326067405
0.979357810952227
0.988387935808347
0.976038697812357
0.966716554005324
0.95792366124285
0.560460655720299
0.502573025688007
0.446688995859117
0.389368562029776
0.336210797507866
0.301646217740774
0.29708922418141
0.32514801492172
0.377459026233719
0.440615622137278
0.506188386980311
0.571234074561162
0.634531692208698
0.695172391693554
0.752432279270563
0.805828859584583
0.855167727469449
0.900466395411761
0.941674905914708
0.978336538390681
0.971779290467473
0.957044389093811
0.947770243411253
0.941575800573009
0.935920979881447
0.459194180478926
0.412630065081929
0.375145270043864
0.33603185014794
0.294435953742338
0.263938554687668
0.260339695734144
0.291360042164848
0.351993671890045
0.42687143247713
0.503119161007441
0.576074915646337
0.644898190080547
0.709527134790409
0.769921822896843
0.825947083542462
0.877564977743697
0.925009590403966
0.968502119314869
0.957526557331881
0.935928314828214
0.923545766102385
0.917454664501353
0.914732141121324
0.912789805070675
0.383495197322875
0.340425318165998
0.311674700302585
0.285872704033589
0.255957820970571
0.230370252179147
0.226823318057748
0.258366240924692
0.325646902300633
0.413768493633711
0.503793833875981
0.586715736693931
0.661517120443341
0.729533688531355
0.792033298382021
0.849530543882072
0.902215062495956
0.950706101096927
0.952154634183376
0.918084214643319
0.897651504804422
0.887947509498317
0.88540096124775
0.886603916799713
0.888897987719377
0.329663433632252
0.286549025424306
0.25942167338877
0.240183201732049
0.220321598705998
0.201256100567343
0.198283418163076
0.228830172302399
0.3007958786419
0.402907318537406
0.509846450169864
0.604836918988049
0.685716758074234
0.756029401840531
0.819199834739541
0.876709778427874
0.928947337314055
0.962270934427982
0.910854019993067
0.876348952399348
0.857545037138241
0.850988002618697
0.85238409666209
0.85787962701758
0.864804599078721
0.292752282343309
0.248773047704238
0.220138070128628
0.201272830755667
0.187035265931626
0.175581623751009
0.175096715332453
0.204383000789918
0.279923271633632
0.397107050653986
0.524361757304877
0.633003580995314
0.718970626261259
0.789507298869717
0.851280333709234
0.907011370863889
0.957088986536944
0.921486928367399
0.868006517646592
0.833693402822546
0.817159508837987
0.814151752180348
0.819640453282176
0.829484402100251
0.841198845574393
0.268812908690445
0.224031743984374
0.193663344043168
0.172284998570907
0.157119594956583
0.15109293331933
0.156052896233528
0.185342979255753
0.264597625394987
0.400176010605829
0.55255200831436
0.674912749951132
0.762605094627443
0.829679104977663
0.887156295518533
0.939106024555665
0.952894789823712
0.880449757543994
0.825735566486304
0.792713167528172
0.7790944944847
0.779636217670983
0.788798941641269
0.802546753055733
0.818887284430744
0.255241588433986
0.209706802307897
0.178246779178092
0.155272281231646
0.135449905242649
0.126429652109488
0.138006361166475
0.171163843283039
0.255289337425424
0.417313691338191
0.603483904848322
0.735476114425951
0.816969992572402
0.874747607147432
0.924282900141057
0.970706951841214
0.916534995610828
0.841630561237574
0.787584883823831
0.757286018139268
0.746773686899747
0.750016425115382
0.761607167821787
0.778247183007093
0.798726038720608
0.250587637643554
0.204154570805925
0.171827576963418
0.149069686847859
0.128376352539315
0.109124131826302
0.117437902967397
0.16024771475549
0.252781702763775
0.455743592299357
0.693353128859918
0.818925242935848
0.879659470655963
0.920717334328967
0.958596902529866
0.968278507812782
0.884054597540837
0.809281695753654
0.758839984151248
0.732095905222541
0.723564925219521
0.727413799712011
0.739404977356607
0.757585847035369
0.781535599416815
0.254281910769847
0.206724544933498
0.173269452188588
0.150939145120924
0.134388299335935
0.115951422912782
0.108417616002621
0.152998753730699
0.265656776494702
0.527555437686078
0.840185799674117
0.917903218524707
0.944310932998037
0.962789446738473
0.984785958395203
0.946076617370151
0.859863154772397
0.790749731545215
0.745472733780215
0.720423344511222
0.710646257361899
0.712077205404672
0.722457559018207
0.741152102793105
0.768018593509846
0.266443719127368
0.217614585046942
0.182654053141703
0.159851755629674
0.146953580333296
0.140502050760701
0.141621115626471
0.182751891448926
0.325586394847894
0.683020469802335
0.933533777303443
0.853066411677506
0.790386788221033
0.745952163012865
0.717759597231978
0.703343026755654
0.70090498139167
0.709585881050886
0.729058536126808
0.758713194132589
0.28775527247933
0.237768435447096
0.201087402684586
0.177030042986039
0.165119484811516
0.166507557744235
0.187361923339126
0.254574303155305
0.454309942454105
0.886546713308677
0.905649045837646
0.928447706213598
0.943006507382567
0.95125595392164
0.947892873125798
0.891485922352884
0.829382963904667
0.775501132222731
0.733247279649534
0.704582930477586
0.689718326750649
0.688070126480295
0.698825240425379
0.72117646826488
0.753997515739122
0.319347531930805
0.26883579307501
0.230602095031248
0.205075355892763
0.192772646243064
0.196560953716591
0.225790704544026
0.30847029740653
0.528469312965567
0.943455605147239
0.882312537327404
0.832978686318779
0.834747142907237
0.832785166121991
0.809288346258731
0.766633319368379
0.728473521870881
0.698228612687369
0.675245515581291
0.662211507144635
0.660561851151
0.66992985402185
0.689235473374732
0.717580958735478
0.754126295803343
0.362611609688076
0.313100666641275
0.274204590568595
0.247721148746023
0.235208074668336
0.240301972194581
0.272760874833204
0.358617403208031
0.565535624992471
0.924579534743433
0.91932524676196
0.796513159628667
0.743689607332178
0.711147123134589
0.676220076452904
0.640441034360903
0.613135633782936
0.597999394655414
0.594954358519693
0.603653867440353
0.62278058084854
0.649827979060295
0.682281353168383
0.718833644878739
0.759255813810233
0.418818551484905
0.37319576847012
0.335799351855883
0.310009844790906
0.298829242278772
0.306993657388126
0.344688160858782
0.435414893976859
0.627935258692211
0.918301043408534
0.95414935870516
0.798152165134815
0.697259067970398
0.634705849882842
0.588192598164499
0.552298520513025
0.52932858369605
0.522005243556245
0.531134928699875
0.55555643548464
0.592016502757134
0.635537296158733
0.681098532822033
0.725815455305987
0.769427260122085
0.488422353146708
0.451290050516834
0.419503428285803
0.397922941770482
0.391387096254918
0.40633348162879
0.453969022780981
0.55526088305645
0.738554653713071
0.956579164346725
0.946956769717808
0.788995590458316
0.667416661380647
0.587908078901319
0.533969403613162
0.498132334018912
0.479358700777499
0.478540688857858
0.496022306204383
0.530500718544877
0.57830532890494
0.633306277944942
0.688540920244387
0.739261861087211
0.784520108543479
0.57004010399584
0.547376608635558
0.527489089363825
0.5160589494496
0.519656675293689
0.5465323121013
0.608335254496224
0.720055175911137
0.882513338897513
0.976958958806506
0.896829248554263
0.752253930631492
0.634761966758056
0.554281282980026
0.501421723979937
0.469923150404009
0.457534337414638
0.463803684729156
0.488373961535429
0.529774297041461
0.58433040369857
0.645648586064396
0.705956568910497
0.759377188813804
0.804210902630905
0.659495002232107
0.656795338334173
0.655635268903894
0.661424515609141
0.681244093209193
0.723491052362238
0.796660374462146
0.897772229414438
0.942666703037914
0.92319766975194
0.822554851687261
0.700590930511123
0.601383383799163
0.531900721671537
0.487704475074886
0.464625160623993
0.460458004799448
0.474203897260786
0.505035952982063
0.551226710636148
0.60904290505892
0.672206335839535
0.733092107836061
0.785712691699238
0.827962145515485
0.749844305129148
0.768790755344869
0.789158853830058
0.815072496335996
0.851803442025657
0.904153300738651
0.917752325588791
0.923756848294809
0.90531073386026
0.842809200008934
0.748765134531087
0.654450404744649
0.578903485225571
0.526236209802828
0.494757753973724
0.482131825044895
0.486725428920071
0.507468026903189
0.543225591729366
0.591949499464941
0.649808399821912
0.710914867045848
0.768488248087663
0.817241700652031
0.855041453866962
0.833187995508177
0.869285662122405
0.905714832008675
0.944901797620921
0.950564451780681
0.932199318804415
0.912372173299207
0.882687446563251
0.834727460503936
0.768603449482163
0.695476695724651
0.628914854400155
0.577047773845565
0.542353792763583
0.524502476855718
0.52240482255483
0.534995302078598
0.56124459100461
0.599771947316478
0.648260637712435
0.702943781071377
0.758655195633713
0.809898589240973
0.852529071521104
0.884565796637889
0.903637630826891
0.947759047729794
0.988944186174122
0.959935635165056
0.930269216720318
0.898862549421496
0.863489514589268
0.821861112005753
0.773630861503262
0.721904597892043
0.672318192724457
0.630381738289306
0.5996368742876
0.581555406543228
0.576295190780812
0.583400697891478
0.602138794855623
0.63149697421789
0.669953086067847
0.71515714180799
0.763745842000462
0.811587105088116
0.854600908818896
0.889831104927514
0.915553918236974
0.958828787765848
0.992325480008184
0.958639412848753
0.924255132913376
0.889005548516342
0.852858138165171
0.815912460255649
0.778622979976385
0.742157052618026
0.708435308185595
0.679728745040232
0.658063280530536
0.644819878264674
0.640669842516374
0.645719011288056
0.659674378185983
0.681921086006648
0.711484458421762
0.746912436110269
0.786163127429001
0.826617749654485
0.865352313591611
0.89959894472778
0.927453982720939
0.947026965965615
0.996596070649485
0.960062727856234
0.924972686067533
0.889436043752472
0.854695652065104
0.821682030003666
0.791359578947862
0.764549173983677
0.741997308806485
0.724375879601315
0.712255683677398
0.706056110123664
0.70600737409821
0.712139383730415
0.724287053062067
0.742089406203969
0.764965740441794
0.792069187521663
0.822238472934495
0.853987210406945
0.885575181749345
0.915197568780301
0.941232734041329
0.962612111691024
0.978075140486225
