0.673415275733931
0.667082898602505
0.662590110687117
0.660030280536802
0.659492947378304
0.661034697756478
0.664674079676662
0.670381382325081
0.678070937893507
0.687606919036783
0.698835065293894
0.711640879139898
0.72601248368549
0.74206791071968
0.760010967140191
0.780011786819803
0.802050994946051
0.825791676095925
0.850533759911474
0.875270848770907
0.898834490016077
0.920087263570294
0.938120035019063
0.952395677279654
0.962881418281227
0.665039639568443
0.657782683484649
0.652582002855236
0.649545631808559
0.648768684906713
0.650320695278322
0.654222805449044
0.660427348047673
0.668799121929902
0.679118824246415
0.691130000047684
0.704632823536405
0.719589360438971
0.736174548473061
0.754717003944868
0.775527593959432
0.798680070605835
0.823840603454853
0.850217862678471
0.876647616142067
0.90177933867248
0.924312270989289
0.9432240297543
0.957949402087798
0.968467273215919
0.658492201588501
0.650413098564342
0.644603237517506
0.641220809013004
0.640381604217673
0.642166328240679
0.646596864611492
0.653600100434446
0.662972315533321
0.674375562864162
0.68740471766295
0.701734033527313
0.717285667398323
0.73431338007585
0.753317752692654
0.774798528705023
0.798948702508364
0.825434316731136
0.853350616535318
0.881351233462086
0.907889134488717
0.931498439811271
0.951053461602578
0.965956903440689
0.976196564069036
0.653847022536381
0.645050789503462
0.638756668010348
0.635178435523634
0.634466849513068
0.63672440534435
0.641980406045023
0.650135812546749
0.660899338719019
0.673766250280675
0.688111001287343
0.703416869030529
0.719545645462955
0.736868758051864
0.756136729802565
0.77811324903499
0.803144425386495
0.830879877750936
0.860257732164539
0.889709512002649
0.917473169890232
0.941920816572506
0.961837547942975
0.97660520415681
0.98626060122963
0.651194986711117
0.641766422394564
0.635115450950525
0.631502107526779
0.631118190453121
0.634103020653808
0.640511079750329
0.650228953065951
0.662862564262887
0.677674822620807
0.693708095864991
0.710151531841837
0.726780562560738
0.744154778067043
0.763400924212453
0.785658914779539
0.81146637985113
0.840413792596816
0.871205094031974
0.901991050492847
0.930776325193451
0.955785480867473
0.975741943009806
0.990035627653435
0.998074091521336
0.650645065833215
0.640670537596388
0.633790671230728
0.630307768643839
0.630457691272168
0.634433958713978
0.642346462960423
0.654098882703092
0.669192219307157
0.686569639185448
0.704763261597765
0.722501705556019
0.73944795311555
0.756478605276408
0.77529682130419
0.797581226462166
0.824094030664933
0.854272071893833
0.886457931338375
0.918446378793354
0.948003042316515
0.97324196770593
0.992871497723482
0.991215158439965
0.98143932551256
0.65235223124832
0.64193692723223
0.634971058584191
0.631794312390686
0.632688989426474
0.637922628045509
0.647705010419092
0.662020719952483
0.68029900615543
0.701055761689582
0.722018625852677
0.741178029001986
0.758079826564785
0.774152214668419
0.791979105995199
0.814006687085823
0.841227758108339
0.872732845550831
0.906306418866968
0.939311464750719
0.969305786431737
0.994366135504963
0.985009139954572
0.970862525353966
0.962543800086339
0.656543122885439
0.645835523506469
0.638962010261964
0.6362921191293
0.638153669171308
0.644905713605471
0.65691209284308
0.674346486306605
0.696681509911602
0.721908152352281
0.746444724005707
0.767055940828418
0.783267449602875
0.797476863244986
0.813564439857813
0.835065815266944
0.863140487374516
0.896156416948986
0.931066031664448
0.964774611071477
0.994739628133728
0.979666733570476
0.960706890725633
0.948182299789664
0.941782265064688
0.663536909789079
0.652759299489112
0.646220167959891
0.644309255987642
0.647393577054885
0.655929164032577
0.670476865264673
0.691539864625936
0.718902490516034
0.750073971716038
0.779273739697476
0.801104782612477
0.815566513324515
0.826718729522699
0.840135591755737
0.860952664293979
0.890271290886302
0.925019678168378
0.961029235803382
0.994888581558239
0.974777634471611
0.951080120972163
0.934065578561354
0.923727117025423
0.919664930297449
0.673747478029749
0.663228408182124
0.657360687439126
0.656548559340334
0.661190485919572
0.671828026240419
0.689217078628319
0.714279896760731
0.747531619793443
0.78658043889688
0.821973102539487
0.844037112720668
0.855217834791321
0.862124058035209
0.871782717000942
0.89208105586744
0.923381003739917
0.959881471316129
0.996302825819386
0.969228252723852
0.941399708822105
0.92020851936319
0.905843934010786
0.898199946716917
0.896804296267273
0.687644677309238
0.677838542834543
0.673092183078335
0.673831987762594
0.680491732193506
0.693687997399067
0.714330934360537
0.74369307761383
0.783198791905779
0.832116060186214
0.875983138309148
0.895144994965529
0.901489610564254
0.904032660769451
0.908681051552075
0.929493480115102
0.963655549485388
0.997710899662657
0.961322160305061
0.930487300972779
0.905985102560617
0.888138998718752
0.877013470582571
0.872434941350324
0.873889382970821
0.705651129118302
0.697119542343304
0.694029098216307
0.696851406023231
0.706077030676744
0.722410201723585
0.746907032389573
0.781118231447538
0.827121194828323
0.886203239653533
0.940247466514861
0.94996097331154
0.951661674749203
0.952049871366521
0.951525992486644
0.975580443669664
0.98643537696102
0.949406377318019
0.917124175016723
0.890579979668291
0.870231029990995
0.856275443744002
0.848716847068026
0.847349491161843
0.851644594938415
0.727974360171497
0.72130618588875
0.720386209619685
0.725750266298739
0.737953268591309
0.757768867029571
0.786335478591613
0.82532603949946
0.877067033524278
0.942933168764646
0.970476492573784
0.934264136069386
0.901816846966285
0.874270540210504
0.852292670511972
0.836227143270967
0.826198689509047
0.822157491483958
0.823863417991901
0.830775011893741
0.754424822239027
0.750103076580252
0.751686416113741
0.759757567071939
0.774880295668457
0.797759824653299
0.829308251758929
0.870609013795469
0.922474317679781
0.9829920708903
0.96751873276485
0.963190355993039
0.962000921534823
0.960809904951708
0.955552855774561
0.926025319899935
0.89095059913298
0.860947127781455
0.836738423018378
0.818412045447314
0.805986237261357
0.799385752788212
0.7984301072742
0.802796822316748
0.811906323470127
0.784313210083247
0.782585374522745
0.786694358538599
0.79720932196362
0.814597883678786
0.839311409187981
0.871735036410475
0.91196100985456
0.959137586773187
0.98827506586514
0.950157060561269
0.936969532764933
0.931888868300399
0.9266851257084
0.914893773147388
0.888714187190041
0.856923849960115
0.828688567506853
0.806509196395267
0.790642598999938
0.78087723443578
0.776900577804325
0.778349335947592
0.784775334036363
0.795532863068503
0.816498383295027
0.817321621172531
0.823663791651288
0.836011434159479
0.854659413196362
0.879735195754016
0.911104570429659
0.948145598237307
0.989242582029325
0.96633213095252
0.934428196848647
0.916358022414812
0.905654426054979
0.895264437970032
0.87967480124454
0.85620069323604
0.828814768849457
0.803431980718714
0.783265397457862
0.769258398818512
0.761371880254511
0.75923198812839
0.762353412585687
0.770175912165094
0.781987105941639
0.849568605417953
0.852654220995505
0.860739437062134
0.874190160151893
0.893126486563064
0.917422204381305
0.946630624690544
0.979840795620924
0.982261248281317
0.946787754144064
0.918313763548217
0.897944072800151
0.882688502153261
0.868133735878933
0.850699308318019
0.829195962091585
0.805666733149482
0.783654745941764
0.765892881023552
0.753667221624087
0.747241121983123
0.74635550876045
0.75052094870177
0.759130029929938
0.771437221225866
0.88206367801973
0.88698097072522
0.896271600282304
0.910183365461958
0.928713048607671
0.951604415153862
0.97831193698429
0.991186683764537
0.95898694655323
0.928559781229999
0.902383371379787
0.881048540141245
0.863079173807235
0.846030182774446
0.827868968724604
0.808005505135509
0.787588354731209
0.76876061026114
0.753522705140965
0.743102270368334
0.737939974717706
0.737933683415123
0.742672799381292
0.751574399928838
0.763909285747218
0.912650434624095
0.918929528648589
0.928943984804511
0.942850645950775
0.960584908604057
0.981863325325156
0.993667512733256
0.966691528299731
0.938791234834737
0.911942520131986
0.887615709396318
0.866226279218938
0.847097730390615
0.82899565726862
0.810884943780914
0.79252356881161
0.7746277436885
0.758537782910017
0.7456418635382
0.736937979636546
0.732893119670985
0.733515609383978
0.738496022846992
0.747321886223746
0.759323418838967
0.940223377530584
0.947421624809649
0.957771829691664
0.971372049940294
0.988142317991168
0.992083019638566
0.970261602027981
0.946382138491599
0.921740155093856
0.897627933102993
0.874994012562878
0.854193816032507
0.834995990287508
0.816861457744622
0.799346920600233
0.782432225126659
0.766623310888664
0.752799301604624
0.741912606672642
0.734713792924783
0.731610292233004
0.73266022767087
0.737640745978768
0.746126171926078
0.75753170605061
0.963949725837573
0.97167911114674
0.982063950280295
0.995169123444258
0.988886508636108
0.971453327877729
0.951642178249168
0.93024100215125
0.908166674872211
0.886299882433919
0.865304090885906
0.84550927024525
0.82692776478497
0.80940433612892
0.792829977627208
0.777318688370866
0.763268879630495
0.751290235854103
0.742043098193349
0.736071776686146
0.733696693289748
0.734984357452061
0.73977442910692
0.747726183299214
0.758349274758151
0.983286165302021
0.991216524115639
0.997234079141296
0.985925637521902
0.972016767781594
0.955786906929188
0.937694974951717
0.918339797718814
0.898385374116368
0.878460978329729
0.859064366470043
0.84050664133745
0.822926750438405
0.806372989558733
0.790915922073987
0.776741902817005
0.764186495899253
0.753696072093233
0.745738543076496
0.740703332444002
0.738827604641122
0.740166338309267
0.744601519077294
0.751869232881869
0.761574336412373
0.997984207457403
0.993163751288645
0.984289772157282
0.973179449780649
0.959953081811318
0.944865327018102
0.928290896154553
0.910690663828317
0.892560564733972
0.874371999223276
0.856519650152982
0.839294949439731
0.822896538137611
0.807474260314339
0.79318795906086
0.780255195357205
0.768966924052856
0.759664510241619
0.752687953487228
0.748315757133894
0.746717204090051
0.747929637903614
0.751862114299319
0.758316920002115
0.766997529857138
0.991325375121779
0.984394816201335
0.97555488306833
0.964839655255794
0.952379515317924
0.938399884104503
0.92320688670282
0.907161975348918
0.890648303848997
0.874035205438807
0.857649515458864
0.84176222442271
0.826594720677032
0.812341614491248
0.799200078181517
0.787392501372392
0.777171874439588
0.768806521326789
0.76254913571177
0.758600726435319
0.757080704089911
0.758011137483909
0.761316821775134
0.766847045991371
0.774398401232194
0.986122685506145
0.979199213034638
0.970629619355259
0.960471516277227
0.948850191368704
0.935958985306664
0.922048930151864
0.907410324434842
0.892350572895632
0.877172388427978
0.862157002198692
0.847556196800395
0.833594565593563
0.820479888561299
0.808416336224405
0.797613930291609
0.788289079072275
0.780654535946505
0.774901221166527
0.771177184257665
0.769569573754289
0.770093537439578
0.772690318292876
0.777231584514455
0.783563031873303
