0.960781642084059
0.960397017665589
0.960028091216968
0.959687282641014
0.959416782762746
0.959274390764922
0.959325172247797
0.959634324658343
0.960261355515053
0.961255527043557
0.962652568428986
0.964472451619437
0.966717868738263
0.969373063390066
0.972402974032178
0.975753127352182
0.979351054914145
0.983109910594612
0.986934426050339
0.990728601218518
0.994403915280661
0.997886426118246
0.998821470914721
0.995921878075431
0.993326943898645
0.957938609650478
0.957350144483289
0.956783076088338
0.95625824050492
0.955831726579743
0.95557818368852
0.955578716971817
0.955911928394892
0.956646793399174
0.957837272364891
0.959518661947303
0.961705587039791
0.964391179571714
0.967546742772769
0.971121460605475
0.975042506350134
0.979216657007295
0.983534570953048
0.987878131596272
0.992130174505667
0.996185015823834
0.999939111597084
0.996566447544182
0.99357308816398
0.990966313717757
0.955752305278901
0.954975115801463
0.954208759481636
0.953485946464466
0.952876087390487
0.952468114676864
0.952357476913221
0.952636331785273
0.953385834017669
0.954669951421051
0.956530808509546
0.958985852070756
0.96202671059591
0.965618786022881
0.969700551280332
0.974182835163276
0.978949948142869
0.983864719896889
0.988778154149749
0.993542584931607
0.998025967441296
0.99776922560659
0.994206694718888
0.991131862588006
0.988539299660647
0.954303147065503
0.95335121488868
0.952384763075957
0.951447876750937
0.95062319129022
0.950012541257651
0.949724330530426
0.949864437942909
0.9505289349609
0.951797273878953
0.9537258168422
0.956343000722324
0.95964713195211
0.963605462763253
0.968152022506745
0.973184249314555
0.978562172565713
0.984114272358359
0.989650962073092
0.994983236141533
0.999865721201509
0.995494597468635
0.991739901627215
0.98859991268369
0.986048658156775
0.95363644829376
0.95251570361472
0.951343708060495
0.950174488139386
0.949102789497836
0.948241761339265
0.94771104690918
0.947629714639238
0.948110828355248
0.949254521470312
0.951138613130207
0.953810138283708
0.957281946442421
0.961532176909131
0.966499513943422
0.972073217753295
0.978086934314454
0.984325602140688
0.990546013299286
0.996504622819387
0.997785024206552
0.993072276308629
0.989132422742499
0.985953272979766
0.983485840197542
0.953777341035086
0.952486032537909
0.95109901552206
0.949679251551415
0.948331825640387
0.947178814655296
0.946348267665839
0.945970224118033
0.946175219530868
0.947088726534407
0.948817185720264
0.951432545927123
0.954968621215404
0.959425915237384
0.964763677283672
0.970873821880286
0.977560861112657
0.984551123234525
0.99152826581844
0.998177223037054
0.995504456051276
0.990446149919291
0.986339839030968
0.983160463714905
0.980833749837679
0.954737428315464
0.953268874311889
0.951656775019589
0.949972103055775
0.948328014447861
0.946852499596645
0.945677998688844
0.944940818289892
0.944786444471672
0.945369559994137
0.94683350538973
0.949278716437053
0.952760584703584
0.957316474158967
0.962957394008711
0.969601872451954
0.977020315558314
0.984852267073446
0.992676803748525
0.999455945196207
0.992953852443106
0.987560049512062
0.983319529227259
0.980191404496887
0.978074741939431
0.956517581855146
0.954864605614045
0.953021975720482
0.951066859986535
0.949117342914057
0.947304087736355
0.945759742063161
0.94461986992351
0.944037049764928
0.94419697976085
0.945293825297934
0.947456384673155
0.950743396768303
0.955243555026124
0.961084332231448
0.968265296088163
0.976509467905582
0.985311507672563
0.994094329410546
0.9971102575411
0.990067959588334
0.984368013635318
0.980040722699781
0.97702624696496
0.975197145078917
0.95910818934458
0.957269348063972
0.955202439979156
0.952986901571864
0.950740654768373
0.948593234850166
0.946674878028888
0.945114276231259
0.944055601495652
0.94370792400339
0.944347907962134
0.946136682282262
0.94906505163729
0.953272893369505
0.959139073768531
0.966872341568708
0.976105253037952
0.986060472021965
0.99592594033593
0.994342310297822
0.986794005875693
0.980842995292666
0.976492991819242
0.973662957082071
0.972201221504147
0.962487206513117
0.960474729909516
0.958210678641912
0.95577015492702
0.953262457722615
0.950809009705192
0.948535409389374
0.946565282816738
0.945019706822014
0.944088965903726
0.944194966597374
0.945590197561459
0.947987608708897
0.951534841395629
0.957110181537291
0.965459756277594
0.975975663665718
0.987328189432386
0.998380828546569
0.991070237048503
0.983098361740208
0.97698356184177
0.972692569320269
0.970123124001782
0.969103764601922
0.966615932813051
0.964464005815234
0.962060771631251
0.959469390308354
0.95677948019674
0.954090983743135
0.951512645126073
0.949165619037508
0.947172396227957
0.945625889610093
0.945097770315632
0.946246645560703
0.947940548851073
0.950341088808778
0.955001283253772
0.964191012464064
0.976500443233013
0.989501067891488
0.997566726952109
0.987219777246972
0.978970987046537
0.972817555807174
0.968685467261287
0.966454828609716
0.965940653347357
0.971432444804178
0.969202531362415
0.966754867766407
0.964136577718245
0.961410578370903
0.958642810095423
0.955900118730565
0.953260087648314
0.950845715197747
0.948815672135558
0.947642598234638
0.948736604307224
0.949525305841649
0.950517594384765
0.953070929808725
0.963700211180696
0.978468203907433
0.993137914231972
0.993386628190794
0.982729512536914
0.974429211389678
0.968403517317437
0.964547211160328
0.962731744593601
0.962766531848731
0.976843513190426
0.974622391824025
0.972256300643915
0.969779660844968
0.967234052112002
0.964659610155709
0.962088828277017
0.959544327499936
0.957059974750029
0.954913496616231
0.966455522243047
0.983288378871864
0.998725607825621
0.988091903438621
0.977579547208386
0.969530501494621
0.96383342206611
0.960380005104637
0.959048216888866
0.959651141727085
0.982717502575212
0.980605772469677
0.978457204931946
0.976301907855513
0.974173712558007
0.972111396869185
0.970160153908468
0.968384431575092
0.966915624989492
0.965967770516297
0.965046182919104
0.963140811815392
0.962418014756234
0.962094242937197
0.963078332564717
0.97554146809668
0.991351642089677
0.993950534299235
0.981710004813475
0.971869027254385
0.964399090088392
0.959237153675015
0.956307304790495
0.955510621632481
0.956672569149826
0.988882013169954
0.986976026017306
0.985160421003594
0.98346671694651
0.981926635380619
0.98058156599471
0.979484196214733
0.978693120622395
0.978223191468335
0.977815725747609
0.976687134089306
0.974756261570842
0.973626442115738
0.973691901181177
0.976837273383485
0.987012722187682
0.998166054917146
0.985512243853534
0.974658118480231
0.965870279210909
0.959239271599978
0.954779109522744
0.95246366784892
0.952225913481586
0.953908661048623
0.995129229724645
0.993503771246518
0.99209177446371
0.990924811328888
0.990024289783729
0.98941167545443
0.989097186162362
0.989042498168212
0.989079156438518
0.988824648760289
0.987892152408762
0.986567171684761
0.985849422728761
0.986721474214997
0.990694893298316
0.998413915121328
0.987481700689098
0.976828603041739
0.967520157148017
0.959954205345863
0.954301618199298
0.95063714885375
0.948978936894455
0.949289416571109
0.951428657434245
0.996368755001474
0.997517934590676
0.998475135376116
0.998287267263372
0.997975021637992
0.997983657087505
0.998260622084291
0.998683129691395
0.999026014296544
0.999008841714857
0.998523331070381
0.997912865383433
0.997930649979969
0.99799141812885
0.993288693736256
0.986001155416768
0.977262743076574
0.968537426476315
0.960779750662663
0.954464087454199
0.949822101654208
0.946971344301386
0.945961148147013
0.946775019795293
0.949287077871974
0.991104226729299
0.991998763714291
0.99263700794567
0.993031379938703
0.993214747640372
0.993209090814898
0.993017410437001
0.992636716866143
0.992091773580063
0.991457651057337
0.990790048425372
0.989942507106468
0.988459612586719
0.98572145594243
0.981270660763066
0.975182163097353
0.968150345103876
0.961102974008891
0.954784516118131
0.949656733374863
0.945980647859762
0.943900613819333
0.943485179099526
0.94473036169209
0.947520885357772
0.986537339197471
0.9871810317884
0.98752440301435
0.987570765864454
0.987352571742296
0.986901950793061
0.986242874992091
0.985397457974692
0.984398110343849
0.98328246591368
0.982041713499266
0.980536655442619
0.978468748151978
0.975480942920089
0.971358864007687
0.966214461339061
0.960501887660664
0.954833904797086
0.949765851005858
0.945699006402358
0.942890830188036
0.94149541257754
0.941590203206768
0.943177201397242
0.946149549141745
0.982786345273435
0.983194723734957
0.983275597134784
0.983024373913473
0.982471976711544
0.981657288406479
0.980617586871981
0.979387790812292
0.978000346649818
0.976473620474869
0.974781137084043
0.972817251727599
0.970399879231332
0.96733935584675
0.963552331836981
0.959153485277482
0.954457319612337
0.949885410702917
0.945849159157697
0.942678321752779
0.940606104454168
0.939781896198097
0.940283631558512
0.942115017304924
0.945176764855607
0.979938846169623
0.980141075134473
0.980001514375024
0.979509124506241
0.978691911908404
0.977591641044175
0.976252679209707
0.974716486983638
0.973016056920627
0.97116514761548
0.96914213820407
0.966879157452255
0.964274734305634
0.96123934968609
0.957759115823684
0.953942602916503
0.950019842526561
0.946293024115692
0.943070128912535
0.940615749679827
0.939130644276112
0.93875037655729
0.939547568311681
0.941525494632713
0.944592708153375
0.978052322616072
0.978092484124125
0.97778602259967
0.97711664674358
0.976107923689138
0.974800881916723
0.973242320199568
0.971476883051006
0.969539692955659
0.967447956826343
0.965193265696908
0.962740783313701
0.960042939363017
0.957069301357438
0.953842834931852
0.950464522323106
0.947111758889169
0.944010578657672
0.941396342573082
0.939480287749271
0.938430381105686
0.938364115558224
0.93934543862293
0.941376879055301
0.94437622435173
0.977151634082279
0.977088676351902
0.976680759430292
0.975907519897868
0.974785920384648
0.973352816985844
0.971653545168054
0.969733219854992
0.967629288459409
0.96536524684973
0.962947249353557
0.960366895327671
0.95761294287934
0.95469097504599
0.951644628860923
0.948568844383827
0.945608012075891
0.942939143213889
0.940747282910924
0.939202345407343
0.938442941588544
0.938567409364676
0.939628693992477
0.941628390382817
0.944497712787251
0.977222626782637
0.977125105432299
0.976692181449285
0.975896328635938
0.974745233085173
0.973268490057877
0.971506071607593
0.969500340365913
0.967289492730128
0.964902964073177
0.962360047064759
0.959673352081175
0.956857761233156
0.95394325879122
0.950987457625607
0.94808257395811
0.945353248024341
0.942945374444353
0.941009716785036
0.939685337448641
0.93908634267662
0.939292892250316
0.940344958417317
0.942239554787257
0.944922705717064
0.978188597793506
0.978132810303992
0.977755635849887
0.977018444969805
0.975920515569553
0.974480354526035
0.972728205878092
0.970699632725808
0.96843066952734
0.965954735348028
0.963302198513246
0.960503248732147
0.957593945776365
0.954623992908809
0.95166358763646
0.948806425192773
0.946167000470572
0.943872379510863
0.942050525536746
0.940818023361991
0.940269453609536
0.940469110997076
0.941445045795777
0.943183195335968
0.945632802988001
