0.664170882231515
0.660994522209118
0.658006287891926
0.655709867108547
0.654857857340903
0.656214268808823
0.660407237630811
0.667788817501574
0.678362643200314
0.69182411961587
0.707700863659883
0.72550985681296
0.744853518428311
0.765439668231349
0.787054249954169
0.809518448696829
0.832648333887243
0.856225061808155
0.8799800017652
0.903598212373341
0.926741470792411
0.949087605620314
0.97037154629982
0.9904077097777
0.99086464164851
0.651333019968648
0.646678608615841
0.642285113007604
0.6387287171037
0.636937005001583
0.637889057652373
0.642388635934852
0.650874966264115
0.663329365973392
0.679334244203736
0.698252030885866
0.719419966461625
0.742272183209778
0.766373528747093
0.791398862563792
0.817092737109671
0.843226025493201
0.869554278950082
0.895783077920939
0.921551362824265
0.946444862288646
0.970042567726136
0.991979622411363
0.9872566512824
0.970982428056445
0.641527069243237
0.635494842718287
0.629752706966139
0.625001727813869
0.622350641151263
0.622995654929073
0.627902273697652
0.637547780373007
0.651824624389435
0.670159814027015
0.691759326619666
0.715833670049376
0.741720325106508
0.768905376767002
0.796993300261198
0.825668502052999
0.854660579698282
0.883701962084042
0.912471858120966
0.940545578628155
0.967384230965465
0.992386923628372
0.982314851354066
0.965564765734109
0.950892241548416
0.634723558103132
0.627390926915971
0.620306026906185
0.614335841162698
0.610805806133461
0.611166428640973
0.616572376712922
0.627514685869939
0.64371148382684
0.664336182132008
0.688391262875401
0.714985763993597
0.743434902426544
0.773229353475179
0.803961208541081
0.835277484446883
0.866872892392655
0.898471522430502
0.929749717203342
0.960224392984466
0.989190687696857
0.977323891997256
0.959000923154728
0.943715006357421
0.930833678355439
0.630860751612693
0.622227616037673
0.613744816378641
0.606450782635674
0.60192831793177
0.601948350562477
0.607927433996015
0.620386192237998
0.638773999891062
0.661847980768957
0.688289673950244
0.717099143449849
0.747650330185553
0.77954778990792
0.812450213337148
0.845991702445813
0.879832996383635
0.913717077098538
0.947374196573326
0.980299058929817
0.974427516953405
0.952625419379572
0.935467743491431
0.921909026588095
0.911094461749327
0.629876201872494
0.619886111850083
0.609910243093961
0.601145547170043
0.595458534469454
0.595014299161245
0.601604801751108
0.61585781796727
0.636875405550217
0.662762462977777
0.691665367357918
0.722426909095472
0.754576500749036
0.787984197510164
0.822492110628224
0.857750998052729
0.893375487743507
0.929168136619229
0.965010106253296
0.976544301092975
0.948729804756044
0.92758814316276
0.911896008637731
0.900344154128447
0.891889545216841
0.631727428791975
0.620308941301226
0.608759764626546
0.598404831965923
0.591387584535686
0.590316877646331
0.59749616192021
0.613826177319269
0.638051963797599
0.667316388343036
0.698871202797021
0.731294970860268
0.764394612877228
0.798523435269712
0.833901934243174
0.870250853496031
0.907102335339862
0.944371738367505
0.982224940749898
0.950588635241245
0.922638714994509
0.902465777007406
0.888517586934492
0.879219484635427
0.873391959996549
0.636402806193231
0.623525838367567
0.610418887523747
0.598483977406455
0.59008128236512
0.588247286510199
0.595913137936081
0.614521522646153
0.642613342703915
0.676014568516118
0.710489270647298
0.744154675653074
0.777252560451891
0.810934627754039
0.846161808832108
0.882849398885513
0.920356311627886
0.958764906885079
0.962357297922885
0.924462608939472
0.896655929720661
0.877695188588944
0.865663170027155
0.85876087229739
0.855748792325935
0.643925813445008
0.629668278347512
0.615211443355125
0.601964520062241
0.592380210406845
0.589799590086001
0.597800669670636
0.618699961807557
0.651281700727502
0.689775367419531
0.727461005137008
0.76165286010879
0.79324782957715
0.82465689235937
0.85827826852944
0.894512359730465
0.932315326003984
0.971952958696802
0.938002549434848
0.899098644677786
0.871637199058155
0.853938127520047
0.843772863063404
0.839225832646337
0.839093676695668
0.654355056364214
0.638968695976729
0.623651301662052
0.609745100083108
0.599625956046482
0.596698909581788
0.605009218979833
0.627964106837429
0.6654079797273
0.710156768887367
0.751288004781528
0.784684810278783
0.812339022752409
0.838670126645083
0.868664118813858
0.903884844048259
0.942341866856909
0.968159939160379
0.915560783849172
0.875929130344722
0.848762973089848
0.832018377006578
0.823346822151611
0.820884968487391
0.823550380518067
0.667783707549977
0.651738445235896
0.636375090502693
0.622920699959202
0.613524663614074
0.611371305633973
0.620563032147993
0.645350799140926
0.687426600255143
0.739663114851951
0.784249090704539
0.814111284690971
0.833953895510417
0.851619657646389
0.875242735906186
0.909708109993436
0.950930205591033
0.951303215098302
0.896973223354869
0.856637379302232
0.829238492314639
0.812692646929507
0.804820369280138
0.803978490856499
0.80923059624879
0.684346361825298
0.668328016606286
0.654013809250642
0.642521941411831
0.635730579901718
0.636445806694206
0.648418347690077
0.67594402877514
0.722104442417101
0.782078633160012
0.828923157069378
0.848311438421127
0.856382898009854
0.863350446197401
0.876416266321951
0.912403994683456
0.962093964511123
0.939488258857201
0.883835928432648
0.842237521266257
0.813619030583637
0.796262815219757
0.788391979861627
0.788664141677657
0.796229160073235
0.704245256886494
0.689088905533826
0.67704013319186
0.669157905595491
0.667112110553793
0.673367752402883
0.691188532962987
0.724170777867588
0.774502659803844
0.837149642041081
0.922672886954408
0.986070137507644
0.931340010734495
0.874728134250414
0.831447785818933
0.800980111410585
0.782221437657597
0.773904791122458
0.774989303609126
0.784621356307905
0.727800325450482
0.714361866826028
0.705659552086405
0.702714575463079
0.706992431562657
0.72051394655027
0.745580439745201
0.783557356414669
0.831508188775914
0.876568657567683
0.900997303112456
0.900380997300266
0.900162492106839
0.899752350027167
0.900639328408988
0.950713099362258
0.979026456148853
0.916587630831411
0.862768300066357
0.819899193410709
0.788788316643446
0.769317321588392
0.760917393713893
0.762918825776023
0.774465369961246
0.755494219610668
0.74448671868094
0.739790979973334
0.742298680800736
0.753015284377856
0.772892845323392
0.80192691767673
0.837081696704954
0.869848302930208
0.890181658725066
0.900050090342415
0.905439130503777
0.909495541238351
0.912764491625372
0.92434864901891
0.970353086615945
0.933808916554987
0.885133271385512
0.840513371004416
0.802837570919793
0.7743555605919
0.756272866273627
0.748996220609149
0.752414326939626
0.765808262410501
0.787931176491842
0.779769374014691
0.779103928587526
0.786485272419669
0.802003146252798
0.824759258247196
0.851667557063944
0.876324978166643
0.890896876761912
0.893889861337034
0.893991090066119
0.897818700925487
0.9045763064488
0.91448683799115
0.935962532288687
0.914507208140152
0.877147263921127
0.841584792931534
0.80855082689595
0.779591920503532
0.756984358288558
0.742710128103273
0.738045616515006
0.743512291749447
0.758689363897571
0.825606432024218
0.820307027800593
0.823008800849473
0.833698102580701
0.851238881845968
0.872740839789098
0.892943610297131
0.905193867650789
0.905673115684773
0.89812853762014
0.891455269000577
0.891432942368954
0.89875188229962
0.899640510132579
0.87620241035242
0.849334861333577
0.822243325950304
0.796966917084286
0.773966302262886
0.753951561592788
0.738482063133251
0.729436263522256
0.728409236264011
0.736340799385618
0.753135728548872
0.868441726244918
0.86561047814775
0.870477814944598
0.882382705389655
0.899090054636168
0.916434119988923
0.928702408759291
0.930960885807384
0.922795014423107
0.909680106530306
0.899352397197151
0.887047048382847
0.861787006283685
0.839941605889073
0.81869983859983
0.79756109994769
0.777468279771953
0.759331940611037
0.743582995072316
0.730711197854237
0.721691507817832
0.717886608482138
0.720679263975098
0.731064414671018
0.749150219601275
0.915177327741276
0.914081248833112
0.919662549712742
0.930750647420241
0.944548916603446
0.956714023650073
0.962408092906149
0.958700026386634
0.946917522597969
0.92265910914964
0.882539971473996
0.849046226755295
0.82207454401277
0.799686806131449
0.780012830580085
0.762155580461541
0.746115285020428
0.732284568965327
0.721110699780162
0.713092139185565
0.708889472127314
0.709349030226806
0.71539751172852
0.727800553272313
0.746698116630916
0.956208743546
0.962616595317639
0.967560636961263
0.976370865964425
0.986363440767944
0.993915447897541
0.992170877090502
0.966481384057329
0.932016162503628
0.89412850686466
0.857880672484348
0.826211922234981
0.799728227201257
0.77761236771478
0.758713487369632
0.742249065208962
0.728017623959493
0.716281169902656
0.707538061993546
0.702336117665133
0.701179655315133
0.704530122561593
0.712849838100155
0.726557688885077
0.745698488435056
0.941497872530673
0.954397893150348
0.965739299180596
0.973833305438183
0.976594402782468
0.971874233637864
0.958270342523776
0.936042852938094
0.907423865356156
0.875886559494564
0.84480488074447
0.816408381588382
0.791535033060999
0.770029012281149
0.751354917738688
0.735098239784061
0.721219295922876
0.710066264710109
0.702219557986654
0.698268248435735
0.698630773678422
0.703513375568103
0.713012904455915
0.727216453667828
0.746023505702684
0.931812910918502
0.940920221292128
0.948012104859069
0.951891789943736
0.951295792843307
0.945099539224754
0.932714299854713
0.914474474222245
0.891728203450094
0.866482723937214
0.840773522541955
0.816120688009597
0.793327327396751
0.77261942068729
0.753960759474037
0.737363505866961
0.72308056213529
0.7116365639774
0.703709018709474
0.699919195474601
0.700636620064251
0.705914687574466
0.715606987589017
0.729548414999403
0.747505762984401
0.926679003929625
0.932481845046104
0.936155146200141
0.936962320019887
0.934263542694235
0.92758633253945
0.916765360502504
0.902067295447061
0.884206693924713
0.864206227050801
0.843150746103702
0.821956101462786
0.801259986228996
0.78146266903493
0.762867981679629
0.745842556296827
0.730920209005912
0.718806235138724
0.710271146187509
0.705966204598717
0.706241804632697
0.711078182844664
0.720193610649586
0.733258225438715
0.749954962689049
0.926589586803082
0.930091222770656
0.931539426661011
0.930533593560268
0.926808342813312
0.920222535493864
0.91078220261695
0.898662746393731
0.884204132855972
0.867867657627629
0.850166092411727
0.831598566694661
0.812622677334252
0.793677211312038
0.775242373894472
0.75790534063945
0.742393335814332
0.729543111178844
0.720193943040954
0.715023300407938
0.71438640854406
0.718250493848516
0.726282763534211
0.738054805847452
0.753185862620162
0.932185519017825
0.934375576597332
0.934664268514937
0.932862452830465
0.928857529356747
0.922611111408914
0.914154929375809
0.9035847443435
0.891052848727981
0.876759599086464
0.860947141263665
0.843900854309281
0.825963430319526
0.80756175544401
0.78923920566253
0.771678438876673
0.755695131112029
0.742184252080896
0.73201111615895
0.725862829860895
0.724108479488529
0.726738612729912
0.733433331475581
0.743718423618063
0.757127459679161
