0.843442370288185
0.839665340457101
0.83705542485098
0.835688251286882
0.835619472312901
0.836863559095214
0.839392907306514
0.843138933396734
0.847998796394296
0.85384908798292
0.860566007129369
0.868046905978831
0.876224349555748
0.885063931458275
0.894542575559537
0.904612786074414
0.915165634059413
0.92600702693548
0.936857078671864
0.947373908036143
0.957195527555773
0.96598884684905
0.973496634585835
0.979569437828388
0.984212231181563
0.838288155025476
0.833951051259913
0.830918021363745
0.829277332802916
0.829085813655423
0.830359086485975
0.833060834729081
0.837100833687292
0.842340877341393
0.848613317845953
0.855752163939826
0.863628938302184
0.872177944799206
0.881395353591518
0.891306223782483
0.901908845551178
0.913117794647567
0.924728752898409
0.936418708090626
0.947780729414247
0.958381214565747
0.967823932344356
0.975806831406014
0.982168126735718
0.986900460907568
0.834294925394879
0.829463833178673
0.826065749922884
0.824224590500553
0.824008425904181
0.825431927785442
0.828445928979776
0.83292983749083
0.838695393293169
0.845510837303361
0.853148100946752
0.861441096744344
0.870328749838721
0.879855546420289
0.890120064872668
0.901188427100845
0.913008633896802
0.925361878744383
0.937868382851965
0.950040795106655
0.961362892107737
0.971370335439695
0.979717358059226
0.986221756437003
0.99087157573741
0.831554398096145
0.826298268861295
0.822612809255008
0.820659606907297
0.820526927342405
0.822233986494473
0.825719266747154
0.830825356055135
0.837296704192612
0.84480912526804
0.853040688262667
0.861766919198232
0.870934199128075
0.88066290400934
0.891165265826677
0.902609244210591
0.914989577348702
0.928063301402415
0.941370862791769
0.954321457089256
0.96630180396079
0.976774952596005
0.98535280620413
0.991838229796026
0.996240372779011
0.830156841851475
0.824533912104207
0.820639985247156
0.818669193341973
0.818733722336794
0.820865393966038
0.82499691833322
0.830932542561827
0.838330925312753
0.846735682847093
0.855680615882865
0.864847746887684
0.874194603193523
0.883961624008764
0.894537829996663
0.906243700429653
0.919135588371371
0.932924723520042
0.947033420260045
0.960734954586637
0.973303324391659
0.9841285967777
0.99278850016762
0.999084707504887
0.995823673665745
0.830186374434751
0.82425649028424
0.820232034930986
0.818337892398017
0.818712662492456
0.821410873918328
0.826373547622073
0.833374586071658
0.841970995978274
0.851519551286951
0.861328876312052
0.870928079321814
0.880292368324922
0.889854277937861
0.900278320697676
0.912111525832017
0.92548346058726
0.940013410062259
0.954942884284054
0.969367383415034
0.9824370086564
0.993478555680274
0.997516186828516
0.991058022895069
0.987029948382453
0.831731078383572
0.825565158691597
0.821494458679598
0.819771864377175
0.820564514635143
0.82396212111061
0.829937794104907
0.838260657225514
0.848383628344837
0.859405890490417
0.870277950639987
0.880273549596368
0.88940152603584
0.898404635289057
0.908373813273721
0.920189922704642
0.934053431633106
0.949397513604294
0.965184375742764
0.980286653246074
0.993735661686019
0.994875320241656
0.986153642946323
0.980194082480942
0.976896469416856
0.834887627176299
0.828580445793018
0.82456477718145
0.823115811636991
0.824428384908482
0.828638836242287
0.835784309730042
0.845681679597137
0.85771525797602
0.870650635508723
0.882854951404123
0.893163852975894
0.901671658230014
0.909621900114214
0.918746437515172
0.930419572002921
0.944874452265082
0.961170583784825
0.977848470453583
0.993532320035724
0.992629451591505
0.981449747204011
0.973212769952871
0.967987293697589
0.965628918656225
0.839759591029225
0.83344383720739
0.829614941059898
0.828561269846049
0.830498852110518
0.835613588127247
0.844034742163217
0.855704602428384
0.870053580785219
0.885488341617055
0.899400344456708
0.909835322885874
0.91717101487866
0.923436078016777
0.931239712201676
0.942723945427577
0.958030659637532
0.975475998155373
0.993015933014159
0.990796915005684
0.97712728282803
0.966457306139625
0.958988464711721
0.954734101856965
0.953503217053851
0.846444925919336
0.840302760722017
0.836835011957371
0.836333553973544
0.839024414441479
0.845131617368403
0.854878076095645
0.868393770240263
0.885365861504726
0.90404877515326
0.920207465167004
0.930291445712323
0.935748993099418
0.939700148065326
0.945620524301865
0.957078074489734
0.97374678412762
0.992502920542932
0.989212258212585
0.973169297929534
0.960093090526854
0.950295096595286
0.94388440199425
0.940816408206274
0.940858881669647
0.855009599214377
0.849274155294349
0.84638650129216
0.846637146094993
0.850253406146838
0.857478884028454
0.868598360350613
0.883906475205904
0.903490540642077
0.926140782924068
0.945378399877751
0.953783215464673
0.956760628777709
0.958304040205966
0.961623173032672
0.973732434447344
0.992470709215627
0.987543902159046
0.96937596933732
0.954087243587694
0.942079100755724
0.93351162706402
0.928411880642065
0.926689865305905
0.928084252245849
0.865448316487002
0.860387079927267
0.858323303204691
0.85954898190821
0.864293263329205
0.872810392102852
0.885417379770922
0.90250304516074
0.924447368769319
0.950937901383476
0.973884440890717
0.978010265890282
0.97878508240934
0.979043677747193
0.979361999920044
0.993695403639884
0.985365050755699
0.965474652754434
0.948330681481157
0.934400928878396
0.923868603016124
0.916797056599399
0.91316497698381
0.912855904962156
0.91559188079833
0.877641396353914
0.873519018492301
0.872502395548817
0.874890373338063
0.880916854482422
0.890840465565869
0.90498431969862
0.923754493227295
0.947595701511245
0.976276361477682
0.982850868542951
0.961710376576863
0.943089718448387
0.92755210674549
0.91529571055549
0.906411041339178
0.900916552987533
0.898763401236812
0.899816489640584
0.903785595397851
0.891324584320118
0.888354241967291
0.888530953706875
0.892157702574114
0.899461739180632
0.910672656058296
0.926037914665124
0.945773109699389
0.969804442768032
0.996562479494157
0.983199423504213
0.981679584397418
0.981223350239891
0.980570337837293
0.977479491212486
0.96042005096154
0.940183206795613
0.922790519289839
0.908711775028367
0.897991960610884
0.89062978828552
0.886585466830429
0.885769897633676
0.888019119068586
0.893024912313377
0.90608872216754
0.904390827041667
0.905790747179119
0.910580241492748
0.918951713466316
0.931050280356969
0.946945697496351
0.966493364447469
0.988925476842716
0.98801387499177
0.97180517600655
0.966355028450806
0.964163518242108
0.96144951920561
0.954788003007877
0.939887838703952
0.921853728087189
0.9057217201751
0.892809474419444
0.883311731725394
0.877187497491206
0.874334486498615
0.874609749934586
0.877807948444278
0.883595410817675
0.921414880604546
0.921000161978285
0.923536036365736
0.929281985465661
0.938368658601294
0.950821609405985
0.966503029526621
0.98494679825686
0.994719810419996
0.975483432424407
0.961285251844628
0.95328110307542
0.948357430660805
0.943061276473609
0.934538948655114
0.921405906829306
0.906008683773039
0.891621205797706
0.87994283085969
0.871505952298937
0.866372323141129
0.864438097038827
0.865527150616182
0.869397830962926
0.875692900035417
0.936734026009522
0.937514762960819
0.94101580591752
0.947448703422086
0.956874044310169
0.969206534807104
0.984155557106556
0.998783257145904
0.980836300161563
0.964269481220273
0.951040941610402
0.941562349788755
0.934270558769964
0.926887367101217
0.917547574515236
0.905686762753204
0.892538025333127
0.880091990921977
0.869825819623801
0.862448445204588
0.858167613245015
0.856939304160126
0.858594677187497
0.862878588055207
0.869424337389093
0.951490570083876
0.953309904074808
0.957567324666972
0.964421880045241
0.973875494518568
0.985771225433562
0.999752358116897
0.984699942183293
0.968851864327055
0.954062758999108
0.941419773715191
0.931101906490711
0.922260032630013
0.913561031222759
0.903916620943837
0.893057334534075
0.881689648763362
0.871040249960556
0.862217963762611
0.855909797522033
0.852406950947947
0.851735542265782
0.853761881998246
0.858242852623792
0.864822188942518
0.965192266279528
0.967856860905019
0.972660197158988
0.979713807060776
0.988981749361314
0.999673590171972
0.986786774291954
0.972782922487441
0.95855935049953
0.94503983674187
0.932879243984018
0.922193637533073
0.912538249154384
0.903190890937006
0.89356864202131
0.88355999865924
0.873605490822125
0.864485807679611
0.856990791667674
0.851693716985559
0.848894937854058
0.848665859999201
0.850913253885274
0.855422451001687
0.861864976580904
0.977439821602391
0.980745616151887
0.985901853823704
0.992982299630941
0.997948779271211
0.987532449846799
0.975677791126511
0.962950035159446
0.950012264655934
0.937496286053168
0.925836084469092
0.915144045421356
0.905219912860384
0.895710060757143
0.886338919620344
0.877095395271891
0.868283294874286
0.860420544532983
0.854062477853099
0.849653373942544
0.84745866508798
0.84756538557838
0.849912525712479
0.854319691306389
0.860496781583795
0.987939392709355
0.991687289104111
0.997025907948219
0.995825860283258
0.987561136253539
0.977794247459124
0.966865839555525
0.955221147673896
0.943351567756183
0.931707606647874
0.920605499051332
0.910169239107029
0.90034594701186
0.890997711328153
0.882029848940699
0.873494767368099
0.86562362481392
0.858776939056526
0.853347802063204
0.849668401561602
0.847953704397257
0.848286237465739
0.850626194246563
0.85482696159272
0.860641306342994
0.996504605865082
0.998921481899562
0.993943393819903
0.987465923045627
0.97956691452364
0.970431757443906
0.960341183591395
0.949643318583505
0.938708626242824
0.927873336173548
0.917386611274184
0.907382847051176
0.897895229684877
0.888909055237792
0.880433035242389
0.872556883932461
0.865470104520009
0.859436371703116
0.854738949391667
0.851622665221924
0.85025280956352
0.850697777835296
0.852930227729904
0.85683493005315
0.862209033090833
0.996476798972619
0.992715351556974
0.987686902100433
0.981390501355231
0.973905374938929
0.965391369354825
0.95607707719352
0.946236223204234
0.936154839618298
0.926094867484797
0.916263703230801
0.906800539577605
0.897786195574414
0.88927393158927
0.881329006697431
0.874060183740453
0.867629931720346
0.862239930403169
0.858099215038473
0.855388148176367
0.854230101801794
0.854676760795415
0.856706643996995
0.860232169230602
0.86509880324939
0.992296830812062
0.988446959714187
0.983506587747748
0.977488834452222
0.970465863413081
0.962572942827584
0.953996067853237
0.944953261498892
0.935671269353398
0.926362047542938
0.917204653330542
0.908337999160586
0.899867068874137
0.891880319664784
0.884471260462173
0.877755189715499
0.871874068406457
0.866987585434821
0.863254018963945
0.860807796383553
0.859740429707974
0.860089071050781
0.861833319360572
0.864903947584246
0.86919320467498
0.989737170322606
0.985951696666002
0.981228907237703
0.975576360423626
0.969059883092489
0.961792889715178
0.953927283753316
0.945639391227571
0.937113877977799
0.928528280070625
0.920041559848696
0.911789415393821
0.9038873021945
0.896439533608751
0.889550515676899
0.883333285251255
0.877911602910224
0.873414437710375
0.869964533801973
0.867664550550028
0.866584471447258
0.866752610910206
0.86815174598805
0.870718792057168
0.874368339604621
