0.844494264941808
0.843282904808527
0.842129244230077
0.841119160809654
0.840463558184976
0.84042181125547
0.841260930863969
0.84321990757215
0.846482393985513
0.851159878681905
0.857288179638447
0.864836124420864
0.873720798750435
0.883821971069284
0.894990681037117
0.907051365246946
0.919800399541077
0.933005362058515
0.946409017085873
0.959740563693057
0.972734312920103
0.985152757488513
0.996807272748997
0.992169941451584
0.98291679137485
0.835373400969833
0.833444910214915
0.831625985166501
0.830032460322331
0.828925647495249
0.828624393234815
0.829448769414712
0.831680505003785
0.835531450589185
0.841121896399728
0.84847270838509
0.857513578409576
0.868103432017108
0.880053846964335
0.893146846369294
0.90714343242728
0.92178424431471
0.936786671767581
0.95184424743517
0.96663430081053
0.980837506077381
0.9941675594778
0.992869345169186
0.982649950557742
0.973661825720836
0.828365955020263
0.825810054696541
0.823383812490035
0.821253804806089
0.819723420601542
0.819148645774594
0.819879638905102
0.822223523994003
0.826417218883949
0.832605149828594
0.840823960796374
0.851001643001847
0.862973986890853
0.876510965036449
0.891341383202109
0.907168612886519
0.923675920576841
0.940523195511039
0.957340913563139
0.973731929496126
0.989291343503579
0.99476932616744
0.982971859319773
0.972837846332118
0.964234895176404
0.823586966335302
0.820481816443883
0.817500628598139
0.81486769655567
0.812929019551007
0.812063904453025
0.812630882635178
0.81494136405325
0.819247830413872
0.825729023377292
0.834465638385207
0.845420532646212
0.858441334405219
0.87328414000257
0.889642214258535
0.907168673631036
0.925489584559251
0.944203368709972
0.962867671968457
0.980990172600164
0.998046478752308
0.984782830857208
0.972760083179534
0.962808587065617
0.954692966441037
0.821071701045904
0.817450107373996
0.81393653157466
0.810812545509271
0.808469021529192
0.807301884201503
0.807658863758224
0.809828992097162
0.814060061951554
0.820566439859605
0.82949723810465
0.840884584724885
0.854621312798805
0.870479720969117
0.888141264961445
0.907220855329097
0.92728929988642
0.94788145383919
0.968474715458917
0.988460676189785
0.98934569917526
0.974376067699277
0.962212852454696
0.952560162184247
0.945084927592569
0.820816144443106
0.816666390392226
0.812606622186092
0.808978681267534
0.806223470883863
0.804754114300706
0.804892826107011
0.806872773018647
0.810899853952261
0.817210932040346
0.82604322761424
0.837528970763741
0.851634312874561
0.868183991251399
0.886890438794573
0.907357046712634
0.929103368788899
0.95159600374798
0.974221230825176
0.996226183397565
0.979031586858487
0.963481159516203
0.951291372399248
0.942082604239631
0.935431740533366
0.822799804579311
0.818073490226787
0.813423468382034
0.809256183215349
0.806071446278934
0.804310409298807
0.804266258602006
0.806079677850328
0.809853051330268
0.815807808844126
0.824284208020492
0.83553881676987
0.849620180384824
0.866452011135229
0.885869464176107
0.9075275783194
0.93089718921901
0.955356479932131
0.980172880021651
0.988339379717533
0.968087133888735
0.952066593824755
0.939984176252411
0.931377947565579
0.925750327187817
0.826998490965455
0.821625956447991
0.816327240928748
0.811573050493948
0.807930022376415
0.805889146234373
0.805734244540954
0.807489781045679
0.811064008114557
0.81657814488435
0.824487910772336
0.83519147332675
0.848770544525562
0.865305435099413
0.884960676564078
0.907587629702686
0.932590552432067
0.959190350687809
0.986463298963291
0.977816999107423
0.956537087660291
0.940176898968257
0.928334833024571
0.920481062025433
0.916068518126627
0.833392755011557
0.827308082914867
0.821317087531014
0.815941951757356
0.811811870049228
0.80949072767547
0.809304805215437
0.811189489687851
0.814757743983888
0.819849718624545
0.827045208489621
0.836919590072823
0.849384912780783
0.864738819188698
0.883925191154708
0.907313383575249
0.934139877804843
0.96327247602633
0.993427760125176
0.96669133750524
0.94452803103467
0.927950153068568
0.916452591529796
0.90946980636603
0.906436068298664
0.841973977643565
0.835150734683372
0.828483786491011
0.822517518569827
0.817913708766596
0.815306127956203
0.815125832481599
0.817344377257145
0.821273851086018
0.826120186878892
0.832512940443448
0.841391182282439
0.851940477556642
0.864759707005959
0.882392274265553
0.906484589086156
0.935741066202945
0.968172444331341
0.984686002484537
0.955216598516726
0.932313911826317
0.915597055877601
0.904499679269122
0.898463774302493
0.896929592873443
0.852747597803445
0.845240687845522
0.838028583595445
0.831639164148904
0.826711037802282
0.823890061251719
0.82370344635714
0.826322056844692
0.831087287678159
0.836219895126608
0.841692743311615
0.849556249627506
0.857068474888259
0.865624829577086
0.879925540054611
0.905154447962219
0.938277160429718
0.975227732813377
0.974434597943774
0.943682811443843
0.920148098600667
0.90332659800515
0.892653815818177
0.887612049865356
0.887652354936828
0.865729802618928
0.85771007940791
0.850239082140716
0.843799358921475
0.838954186338127
0.836275076699589
0.836256631325476
0.839183118007572
0.844837601919336
0.851467789341615
0.856210146001349
0.862171611953437
0.865390458068189
0.868809038363832
0.876664600153985
0.904585464564673
0.944228025629673
0.98676754197933
0.963814306739923
0.932089103591059
0.908075147169385
0.89123866908289
0.881062425214686
0.877076854449762
0.87872992927131
0.880931318466846
0.872693241003573
0.86539628809482
0.859473956679513
0.855400863203762
0.853641114518264
0.854567353960605
0.858344291853122
0.864776652973023
0.873068503340588
0.911747953185804
0.958543770946195
0.991908250157896
0.951664235008928
0.919752712121407
0.895770925378838
0.879270263456004
0.86982543218626
0.867023864309598
0.870303294263455
0.89832159669317
0.890248856399328
0.883622986071009
0.878838330888215
0.876287493964987
0.876328715432287
0.879195892710182
0.884846556108574
0.892690931094349
0.900895126076011
0.904931845398669
0.90141255798023
0.900033317057439
0.899289178616389
0.900997410286829
0.934924559387836
0.981210227612879
0.973627465107284
0.935862531360074
0.90552992849506
0.88272189190855
0.867300227654994
0.85903668156129
0.857625426445075
0.862520356719151
0.917770850410685
0.910263784832216
0.904735383774708
0.901533671266074
0.900936051003786
0.903110788485841
0.907966908058057
0.914872037421775
0.922228780193746
0.927411244001708
0.928375198923673
0.926101854333783
0.924782085623996
0.925346423087258
0.933172388049133
0.961939116471497
0.985471391615037
0.948216642320692
0.915659566033973
0.888960248409343
0.868771344648708
0.8553846664642
0.848862288611822
0.849069274858321
0.85552590970497
0.938976704133503
0.932368074292535
0.928173313960043
0.926659142827618
0.927913573624644
0.931783427486485
0.937678462289792
0.944317052751532
0.949695737282888
0.951989783242411
0.951350402795395
0.949894741437114
0.949784787020363
0.953028919608036
0.964399311419469
0.981325253680155
0.949771733491648
0.919595984374543
0.893002796308041
0.871046152356571
0.854501921088036
0.843912942558248
0.839583682869695
0.841555856946896
0.84944986197045
0.961393811968296
0.955887556080281
0.953031763714093
0.952974499666956
0.955569481975534
0.960317083948266
0.966223929160243
0.971763622410017
0.975262200621069
0.975929044433197
0.974748764055007
0.973812201497288
0.975076734337526
0.980214737873172
0.963407185046254
0.940862346693493
0.915882348767972
0.891913653237663
0.87084966080837
0.853654971533338
0.841023227068895
0.833522568969084
0.831555815047436
0.83527532652227
0.844394920605094
0.984192789409241
0.979845797553125
0.978150904892207
0.979130269656141
0.982436831878441
0.987340132609733
0.992702642455346
0.997135490956992
0.995743132881753
0.986258539369572
0.975815177355815
0.965486068184681
0.954709448742188
0.941872693726452
0.925787362017367
0.906829469779073
0.886841773703693
0.867918816970526
0.85151796374463
0.838497747943239
0.82944897320168
0.824859322654832
0.825108556082481
0.830373453343236
0.840426360603039
0.969456708704153
0.974789024808609
0.97933442537146
0.982860181148114
0.985069305970446
0.985486219810244
0.983501581852291
0.978606415987897
0.970760200741351
0.960617559951082
0.949247145387673
0.937405127123644
0.925041751054035
0.911556596048705
0.896536991483033
0.880336179470614
0.864051955225148
0.849011299502932
0.836297028576019
0.826639059814332
0.820536362407386
0.818376261786096
0.820458740121981
0.826924219525225
0.837566303703294
0.956834732326018
0.961290288547293
0.96482678529952
0.967157387981844
0.967985320796613
0.966933851838272
0.963600895828608
0.957724266386615
0.949382760019958
0.939070426638606
0.92750683627754
0.915269509221775
0.902553916308945
0.889277078211902
0.875423288040938
0.861338446483508
0.847756253743025
0.835579003822035
0.825621332962532
0.818489772282764
0.814603186476761
0.814260365756492
0.817672683396768
0.824919833364808
0.835793199721903
0.947402893637801
0.950839051906537
0.953243004156001
0.954329612737216
0.953855033721342
0.951569719368753
0.947255477258797
0.940819240030036
0.932388515952376
0.922327743237059
0.911128931534035
0.899231922207047
0.886908776668847
0.874304456063605
0.861595608359456
0.849138701518692
0.837499297250041
0.827353563395139
0.819343180214628
0.813975685772656
0.811604195854316
0.812458688764132
0.816675954637209
0.824277372165632
0.835045764025396
0.94120537245933
0.943633829546431
0.944958537637583
0.944930793487149
0.943380106791483
0.940174907415752
0.935235358362022
0.928573561475926
0.920329647937543
0.910768777671673
0.900225317603275
0.889022568681252
0.877424205210671
0.865654896042643
0.853974703644424
0.842750815581204
0.832473073679295
0.823700324186651
0.816969707504428
0.812718460480257
0.811250527475489
0.812746692741512
0.817289168341391
0.82485647364759
0.835230092392344
0.938296690050359
0.939884625947096
0.940338385130359
0.939461264885704
0.9371512491709
0.933363561004598
0.928105565329342
0.921444796715685
0.913515395704498
0.904510426746845
0.894657511349804
0.884190330131613
0.873336803098127
0.862336300730651
0.851477359050561
0.841130101683687
0.831747342492792
0.823825544034265
0.817839782706764
0.814180777290453
0.81311874989041
0.814801538056341
0.819272981873761
0.826483159967597
0.836231086123599
0.938716784181107
0.939733150485933
0.939622145246461
0.93823743963748
0.935520678128855
0.931472577322131
0.926139665177141
0.919607493250194
0.911995017015927
0.90344746854348
0.894128495086389
0.884216313678402
0.873909637337424
0.863444745111341
0.853116984453387
0.843293585682834
0.834405075447255
0.826910885970763
0.821247030469485
0.817773196560232
0.816737225410983
0.818266058973541
0.822375705465875
0.828989706795312
0.837928358072581
0.942316409156889
0.943064263779298
0.942737345646
0.941207800013552
0.938425859041797
0.93439720459389
0.929168984205401
0.922818755710576
0.915446493850426
0.907169896119578
0.898124066698822
0.888466832061925
0.878389904228407
0.86813352363264
0.857998971572426
0.848351302099499
0.839605701722104
0.832195707701375
0.82652872473545
0.822940564293816
0.821662329026851
0.82280720467235
0.826375135877138
0.832258367580073
0.840265553673841
