0.759451936395806
0.743266000276395
0.840851297083152
0.891225742986556
0.785613072538914
0.797770540043761
0.800407462516896
0.917835445201806
0.828207546432596
0.728309306775817
0.82671246736753
0.847933275525532
0.981206106269771
0.799260893786442
0.703449197625738
0.800781147961261
0.807613968056838
0.924894013298247
0.847667454728985
0.746494888838546
0.761673130975476
0.748961295494629
0.846626914151225
0.903113422670715
0.796828419759731
0.740924737933503
0.722361146627868
0.834050687589927
0.866912584614598
0.751009228990465
0.782592269281073
0.786147074169944
0.920533970537384
0.804431958658
0.693009184330968
0.814627113036537
0.842333075222282
0.991277310776804
0.781474624710672
0.671909791511777
0.786106244973562
0.79489376585395
0.926638378944068
0.829950581721644
0.716825012866427
0.743631398206271
0.729555821529209
0.83995454239257
0.882148782426901
0.765794791884907
0.734278265608035
0.715261286993419
0.833591910067881
0.856680242384091
0.738024782057327
0.777260966817309
0.782260986024428
0.925012586578698
0.794587383042477
0.680119624107725
0.810542983545725
0.8429781389092
0.774950114187514
0.660630320793806
0.781000192802057
0.79138016420536
0.929331429246778
0.82275577308297
0.705975837969885
0.737210209846454
0.722995799490894
0.838912112489475
0.873323910576823
0.754140835778592
0.740964022570112
0.722326181367747
0.834051104433983
0.866254486354252
0.751897324559657
0.782504253473918
0.78615487137915
0.920578047764898
0.803335691812423
0.694294599801891
0.814474122419099
0.842295698050322
0.991347500288943
0.780168136356517
0.672848913212966
0.786085703135035
0.794819841818298
0.926661961591144
0.828946965372483
0.717326102557768
0.743727415556754
0.729509009309845
0.839956148321158
0.881542800541252
0.766248179745473
0.759451597804847
0.743167143517603
0.840907798584205
0.890826014058691
0.786008506121311
0.797686522580922
0.800317115317416
0.917962394310232
0.827578514235915
0.728966577183088
0.826570322239666
0.847838682974129
0.981397809173544
0.798521073219312
0.703882933736654
0.800702707004468
0.807495676865049
0.925007015520061
0.847127626969974
0.746635588793925
0.761703317514776
0.748889278725575
0.84670689036737
0.902804524722023
0.796972449778585
