0.5644526913397
0.571410488674753
0.643553453619838
0.735231862776447
0.814396123666118
0.882941977111466
0.954575495931929
0.93997423405321
0.898268654463515
0.416018126429024
0.356732454267017
0.476642850335304
0.660349580614508
0.795050019894218
0.902915425116262
0.943976744446429
0.846497749675299
0.803551332336921
0.358027239466391
0.201120971211971
0.354979196993416
0.661031890430948
0.838331147576853
0.945646277910415
0.879680352507248
0.761963785669525
0.739159107200021
0.414171230620501
0.242834518409181
0.468016919419823
0.818218188160749
0.940901401753555
0.976666084506814
0.804658581383076
0.697931271978807
0.710338177433256
0.415654422987223
0.356671140469162
0.710529409637428
0.80342949221459
0.720700378530001
0.723857301839066
0.327501606520605
0.49740593376526
0.785729418366944
0.811137929627838
0.822234977255346
0.721410863905421
0.875069169960214
0.771301241168649
0.737819364128567
0.226083028762013
0.67461533138458
0.785041520366414
0.647980428369514
0.62513900129717
0.664642506577902
0.65025602684691
0.658878607283373
0.715666060871762
0.10073357477777
0.96114048225469
0.904077556938495
0.78195154482268
0.687893019224983
0.638282908787411
0.609309866794265
0.636415498871896
0.714297637141707
-0
0.707205271097121
0.887685460568977
0.830140746762766
0.730363815676907
0.669274859703841
0.643998191715064
0.669954966482658
0.739205516621646
